/*--------------------------------*- C++ -*----------------------------------*\
  =========                 |
  \\      /  F ield         | OpenFOAM: The Open Source CFD Toolbox
   \\    /   O peration     | Website:  https://openfoam.org
    \\  /    A nd           | Version:  8
     \\/     M anipulation  |
\*---------------------------------------------------------------------------*/
FoamFile
{
    version     2.0;
    format      ascii;
    class       volScalarField;
    location    "1000";
    object      alphat;
}
// * * * * * * * * * * * * * * * * * * * * * * * * * * * * * * * * * * * * * //

dimensions      [1 -1 -1 0 0 0 0];

internalField   nonuniform List<scalar> 
8400
(
0.108421
0.109388
0.11033
0.110886
0.111208
0.111491
0.11189
0.112548
0.113585
0.114741
0.114871
0.113157
0.11045
0.108261
0.106846
0.105689
0.104615
0.103576
0.102546
0.101503
0.100433
0.0993207
0.0981522
0.0969173
0.0956092
0.0951303
0.0952951
0.096234
0.0980608
0.100777
0.104222
0.107991
0.111322
0.113284
0.113495
0.112439
0.110855
0.109251
0.108024
0.10747
0.107694
0.108884
0.110838
0.113433
0.117213
0.122483
0.127932
0.132319
0.135152
0.135351
0.0616509
0.062112
0.0627486
0.0634815
0.0641602
0.0648638
0.0656424
0.0665759
0.0678693
0.0698265
0.0720659
0.0731209
0.072678
0.0718434
0.07014
0.0683717
0.0665987
0.0648392
0.0631258
0.0615083
0.060053
0.0588701
0.0581295
0.0580689
0.058992
0.059148
0.0592992
0.059483
0.0597351
0.0601187
0.0607326
0.0617069
0.0630546
0.0643093
0.0648174
0.0646742
0.0643627
0.0640739
0.06394
0.0641014
0.0645769
0.0656407
0.067312
0.0694737
0.0725803
0.0775643
0.0829557
0.0869803
0.0894401
0.0916307
0.0607059
0.0569527
0.049701
0.0540098
0.0571955
0.058559
0.058724
0.0584335
0.0587803
0.0605524
0.0623598
0.0636018
0.064186
0.0630788
0.0619672
0.0609094
0.0599281
0.0590818
0.0584267
0.0580038
0.0578292
0.0579018
0.0581914
0.0585744
0.0587331
0.0588673
0.0589566
0.0589719
0.0588989
0.0586647
0.0580578
0.0568394
0.0554412
0.0549947
0.055561
0.0558307
0.0560345
0.0562744
0.0565168
0.0566237
0.0569208
0.0568557
0.0565355
0.0563888
0.0563667
0.0581864
0.0627542
0.0661537
0.067701
0.0693223
0.0611813
0.06112
0.0610564
0.0609931
0.0609318
0.0608736
0.0608159
0.0607566
0.060694
0.0606369
0.0605804
0.0605546
0.0605354
0.0605344
0.0605247
0.0604803
0.0603917
0.0602597
0.0600941
0.0599107
0.0597345
0.0596008
0.0595121
0.0594102
0.0594757
0.0595084
0.0594892
0.0594435
0.0593843
0.0593103
0.059217
0.0590968
0.0589404
0.058783
0.0583138
0.057827
0.0575735
0.0576898
0.0577652
0.0565436
0.0577474
0.058611
0.0581406
0.057764
0.0568623
0.0504358
0.0523967
0.0541361
0.0560594
0.0568942
0.0612092
0.061181
0.0611527
0.0611245
0.0610962
0.061068
0.0610398
0.0610106
0.0609809
0.0609461
0.06091
0.060871
0.0608276
0.0607812
0.0607327
0.0606818
0.0606273
0.0605677
0.0605028
0.0604337
0.060364
0.0602999
0.0602489
0.0601836
0.0600985
0.0600123
0.0599276
0.0598454
0.0597653
0.0596862
0.0596069
0.0595252
0.0594394
0.0593391
0.0592115
0.0590627
0.0589165
0.0587576
0.0585339
0.0584884
0.0584706
0.0585158
0.0588168
0.0602035
0.0726652
0.0544166
0.0473679
0.0479528
0.0496904
0.0498877
0.0611941
0.0611493
0.0611047
0.0610592
0.0610139
0.0609665
0.0609193
0.0608733
0.0608298
0.0607882
0.0607496
0.0607135
0.060679
0.0606449
0.0606107
0.0605751
0.0605373
0.0604968
0.0604536
0.0604073
0.0603582
0.0603077
0.0602573
0.0602067
0.0601444
0.0600799
0.0600136
0.059946
0.0598775
0.0598086
0.05974
0.0596715
0.0596029
0.0595271
0.0594435
0.0593513
0.0592519
0.0591443
0.0590344
0.0589526
0.0589122
0.0589407
0.0591642
0.0599093
0.061636
0.0584068
0.0656434
0.0537412
0.0463744
0.0459562
0.0611968
0.0611546
0.0611116
0.0610678
0.0610234
0.0609785
0.0609329
0.0608865
0.0608392
0.0607914
0.0607435
0.0606954
0.0606475
0.0606007
0.0605558
0.0605119
0.0604692
0.0604268
0.0603836
0.0603394
0.0602938
0.0602466
0.0601967
0.0601445
0.0600896
0.0600329
0.0599708
0.0599059
0.059839
0.0597712
0.0597052
0.0596382
0.059569
0.0594986
0.0594265
0.0593503
0.0592697
0.059186
0.0591025
0.05903
0.0589893
0.0590252
0.0592436
0.0598007
0.0606562
0.0604349
0.063099
0.0625683
0.0483245
0.0438756
0.0611913
0.0611438
0.061095
0.0610458
0.060997
0.0609477
0.0608974
0.0608469
0.0607965
0.0607461
0.060695
0.060644
0.0605934
0.0605431
0.0604932
0.0604446
0.0603966
0.0603496
0.0603027
0.0602548
0.0602062
0.0601559
0.0601033
0.0600475
0.0599874
0.0599231
0.0598588
0.0597919
0.0597217
0.0596474
0.0595671
0.0594874
0.0594124
0.0593422
0.0592742
0.059207
0.0591407
0.0590737
0.059008
0.058955
0.0589416
0.059017
0.0592733
0.0598007
0.060529
0.0610581
0.0626148
0.0623806
0.0530183
0.0430523
0.0611828
0.061125
0.061067
0.0610093
0.0609504
0.0608925
0.0608344
0.060777
0.0607189
0.0606611
0.0606035
0.0605476
0.0604919
0.0604378
0.0603849
0.060333
0.0602823
0.0602316
0.0601814
0.060131
0.0600784
0.0600239
0.0599668
0.0599052
0.059839
0.0597679
0.0596918
0.0596113
0.0595281
0.0594439
0.0593609
0.0592807
0.0592043
0.0591338
0.0590687
0.0590076
0.058949
0.058893
0.0588455
0.0588185
0.0588433
0.0589764
0.0592957
0.0598527
0.0605774
0.061301
0.0622867
0.0613817
0.0539932
0.0441911
0.0611676
0.061092
0.0610162
0.0609422
0.0608692
0.0607968
0.060725
0.0606547
0.0605857
0.0605184
0.0604534
0.0603894
0.0603292
0.060271
0.060214
0.0601596
0.0601064
0.0600534
0.0600006
0.059947
0.0598919
0.059834
0.0597713
0.0597036
0.059631
0.0595528
0.0594687
0.0593798
0.0592879
0.0591953
0.0591054
0.0590224
0.0589463
0.0588783
0.0588174
0.0587641
0.0587169
0.0586762
0.0586479
0.0586532
0.0587289
0.0589322
0.0593286
0.0599315
0.0606531
0.061348
0.0618115
0.0601449
0.0534273
0.0446897
0.0611377
0.0610255
0.0609186
0.0608149
0.0607168
0.0606231
0.0605308
0.0604421
0.0603608
0.0602837
0.0602091
0.0601409
0.0600744
0.0600131
0.0599561
0.0599007
0.0598486
0.0597977
0.0597456
0.0596919
0.0596348
0.0595728
0.0595063
0.0594336
0.0593526
0.0592649
0.0591711
0.0590703
0.0589675
0.0588691
0.0587771
0.0586956
0.0586249
0.0585654
0.0585171
0.0584797
0.0584493
0.0584298
0.0584333
0.0584821
0.0586218
0.058906
0.0593797
0.0600157
0.0606881
0.061203
0.061086
0.0586681
0.0522775
0.0445383
0.0610666
0.0608729
0.0607073
0.0605559
0.0604193
0.0603008
0.0601873
0.0600907
0.0599959
0.0599136
0.0598367
0.0597654
0.0597036
0.059646
0.0595954
0.0595506
0.059506
0.0594602
0.0594127
0.0593631
0.0593059
0.05924
0.0591688
0.0590876
0.0589936
0.0588922
0.058784
0.0586693
0.0585571
0.0584529
0.0583585
0.0582902
0.0582439
0.0582081
0.0581835
0.0581704
0.0581682
0.0581755
0.0582202
0.0583259
0.0585377
0.0589064
0.0594436
0.0600684
0.0606118
0.0608134
0.0600474
0.0569459
0.0508376
0.0440751
0.0605942
0.0603328
0.0601511
0.0599962
0.0598636
0.0597462
0.0596447
0.0595449
0.0594662
0.0593905
0.0593323
0.0592876
0.0592493
0.0592104
0.0591726
0.059141
0.0591104
0.0590735
0.0590278
0.0589721
0.0589085
0.0588319
0.0587372
0.0586319
0.058515
0.0583824
0.0582518
0.0581377
0.0580404
0.0579661
0.0579104
0.0578771
0.0578587
0.0578556
0.0578664
0.0578795
0.0579084
0.0579651
0.0580646
0.058232
0.0585018
0.0588915
0.0593888
0.0599127
0.0603957
0.0601047
0.0586496
0.0550104
0.0492734
0.0434365
0.0594287
0.0592242
0.0590846
0.058977
0.0589016
0.0588449
0.0588063
0.0587816
0.0587672
0.0587577
0.0587529
0.0587512
0.0587475
0.0587379
0.0587232
0.0587019
0.0586714
0.0586301
0.0585753
0.0585074
0.0584272
0.0583309
0.0582228
0.0581105
0.0579945
0.0578808
0.0577798
0.057696
0.0576319
0.0575904
0.0575649
0.0575576
0.0575644
0.0575797
0.0576043
0.0576413
0.0576948
0.0577756
0.0578954
0.0580671
0.0583043
0.0586035
0.0589397
0.0592411
0.0594676
0.0592703
0.05688
0.0529246
0.0476888
0.0427208
0.0580854
0.0580067
0.0579657
0.0579527
0.0579604
0.0579833
0.0580155
0.0580541
0.058094
0.0581321
0.058166
0.0581934
0.0582115
0.0582195
0.0582168
0.0582011
0.0581715
0.0581284
0.0580724
0.0580039
0.0579234
0.0578334
0.0577396
0.0576453
0.0575542
0.0574727
0.0574036
0.0573479
0.057306
0.0572771
0.0572561
0.0572423
0.0572347
0.057231
0.0572319
0.0572392
0.0572582
0.0572928
0.0573503
0.0574379
0.0575536
0.0576884
0.0578143
0.0578486
0.0577358
0.057626
0.0550612
0.0507824
0.0461484
0.0419772
0.0572661
0.057274
0.0572966
0.0573294
0.0573696
0.0574148
0.0574621
0.0575089
0.0575541
0.0575958
0.0576315
0.0576606
0.0576814
0.0576911
0.0576893
0.0576757
0.0576498
0.0576122
0.0575633
0.0575042
0.0574373
0.0573642
0.0572868
0.0572078
0.0571295
0.0570525
0.0569771
0.0569026
0.0568282
0.0567525
0.0566735
0.056591
0.0565056
0.056416
0.0563268
0.0562389
0.0561557
0.0560844
0.0560267
0.0559878
0.0559649
0.0559451
0.0558903
0.0557176
0.0553661
0.055198
0.0531137
0.0486429
0.0446615
0.0412002
0.0569268
0.0569507
0.056978
0.0570065
0.0570364
0.0570658
0.0570951
0.0571227
0.0571479
0.0571704
0.0571882
0.0572
0.057205
0.0572019
0.0571893
0.0571666
0.0571329
0.0570871
0.0570286
0.0569584
0.0568768
0.0567832
0.056677
0.0565591
0.0564299
0.0562881
0.0561327
0.0559641
0.0557825
0.0555889
0.0553841
0.0551699
0.054949
0.054725
0.0545001
0.054281
0.054072
0.0538814
0.0537154
0.0535772
0.0534607
0.0533519
0.0532034
0.0529435
0.0525241
0.0524358
0.0508993
0.0465276
0.0431741
0.0403103
0.0567156
0.0567229
0.0567295
0.0567347
0.0567381
0.0567401
0.0567397
0.0567363
0.0567293
0.0567179
0.0567012
0.0566775
0.0566455
0.0566038
0.0565508
0.0564845
0.0564029
0.056305
0.0561894
0.0560541
0.0558973
0.0557179
0.0555151
0.0552882
0.0550365
0.054761
0.0544626
0.0541436
0.0538053
0.0534508
0.0530844
0.0527122
0.0523378
0.0519686
0.051611
0.051273
0.0509646
0.0506937
0.0504691
0.0502951
0.0501621
0.0500495
0.0499153
0.0497015
0.0493801
0.0496469
0.048325
0.0444031
0.0415987
0.0392195
0.0563544
0.0563224
0.0562872
0.0562479
0.0562055
0.0561585
0.0561071
0.0560501
0.0559863
0.0559144
0.055833
0.0557407
0.0556354
0.055515
0.0553774
0.0552205
0.055042
0.0548395
0.0546104
0.0543529
0.054066
0.0537482
0.0533994
0.0530199
0.0526102
0.0521729
0.0517111
0.0512281
0.0507287
0.0502191
0.0497056
0.0491957
0.0486983
0.0482234
0.0477813
0.0473808
0.0470343
0.0467508
0.0465386
0.0463985
0.0463214
0.046283
0.0462466
0.0461665
0.0460667
0.0468487
0.0453205
0.0421794
0.0398939
0.0379632
0.0793048
0.0785111
0.077692
0.0768416
0.0759629
0.0750609
0.0741412
0.0732093
0.0722716
0.071333
0.0703969
0.0694663
0.0685423
0.0676248
0.0667126
0.0658037
0.064895
0.0639825
0.0630625
0.0621315
0.0611859
0.0602226
0.0592401
0.0582378
0.0572163
0.0561778
0.0551263
0.0540676
0.0530083
0.0519574
0.0509257
0.0499252
0.04897
0.0480747
0.0472542
0.0465193
0.0458778
0.0453315
0.0448779
0.0445079
0.0442071
0.0439552
0.0437338
0.0435239
0.0433703
0.0437817
0.0417304
0.0395902
0.0381893
0.0371723
0.00545334
0.0054295
0.0054029
0.00537643
0.00535193
0.00532954
0.00530949
0.00529156
0.00527526
0.00525994
0.0052449
0.00522944
0.00521296
0.005195
0.00517533
0.00515392
0.00513099
0.00510694
0.00508225
0.00505748
0.00503321
0.00502344
0.0049759
0.00494842
0.00492173
0.00489761
0.00487628
0.00485722
0.00483967
0.00482277
0.00480578
0.00479046
0.00477362
0.0047542
0.00473214
0.00470773
0.00468151
0.00465413
0.00462594
0.00459783
0.00457134
0.00454788
0.00452856
0.00451396
0.00450404
0.0044981
0.00449478
0.00449251
0.00449062
0.00448844
0.00538503
0.00526208
0.00513965
0.00502162
0.00491119
0.00480954
0.00471613
0.00462992
0.00454966
0.00447401
0.00440164
0.00433136
0.00426213
0.0041933
0.00412463
0.00405631
0.00398887
0.00392316
0.00386019
0.00379924
0.00374495
0.0158913
0.0159014
0.0158825
0.015897
0.015922
0.0159433
0.0159532
0.0159481
0.015926
0.0158861
0.0158138
0.0157279
0.0156408
0.0155577
0.0154796
0.0154052
0.0153343
0.0152701
0.0152155
0.0151723
0.0151429
0.0151292
0.0151314
0.0151478
0.0151728
0.0151967
0.0152051
0.0151805
0.0151146
0.00538459
0.00526113
0.00513806
0.00501906
0.00490641
0.00480079
0.00470213
0.00460979
0.00452286
0.0044403
0.00436102
0.00428402
0.00420849
0.00413387
0.00405994
0.00398674
0.00391464
0.00384418
0.00377512
0.00363836
0.0154116
0.0153903
0.0153377
0.0152672
0.0151916
0.0151165
0.0150435
0.0149719
0.0148995
0.0148241
0.0147432
0.0146546
0.0145582
0.0144546
0.0143445
0.0142294
0.0141108
0.0139914
0.0138748
0.0137656
0.0136676
0.0135842
0.0135173
0.0134676
0.0134336
0.0134123
0.0133985
0.0133834
0.013352
0.0132824
0.00538473
0.00526286
0.00514159
0.00502413
0.0049126
0.0048076
0.00470905
0.00461645
0.00452899
0.00444575
0.00436573
0.00428802
0.00421187
0.00413678
0.00406252
0.00398913
0.00391689
0.00384627
0.00377801
0.0159147
0.0157616
0.0156005
0.01545
0.0153156
0.0151972
0.0150922
0.0149971
0.0149079
0.0148209
0.0147326
0.0146399
0.0145408
0.0144337
0.0143179
0.0141938
0.0140623
0.0139254
0.0137863
0.0136489
0.0135179
0.0133977
0.013292
0.0132032
0.0131317
0.0130757
0.0130313
0.0129936
0.0129585
0.0129205
0.0128614
0.00538495
0.00526405
0.00514363
0.00502661
0.00491511
0.00480977
0.0047106
0.00461717
0.0045288
0.00444465
0.00436382
0.00428546
0.00420887
0.00413357
0.00405933
0.00398617
0.00391433
0.00384421
0.00377546
0.00363849
0.0154129
0.0153934
0.0153336
0.0152535
0.0151658
0.015077
0.0149896
0.0149035
0.014817
0.014728
0.0146342
0.0145337
0.0144252
0.0143078
0.0141816
0.0140475
0.0139075
0.0137646
0.013623
0.0134874
0.0133622
0.0132515
0.0131579
0.0130824
0.0130233
0.0129761
0.0129333
0.012888
0.0128382
0.0127746
0.00538527
0.00526558
0.00514634
0.00503011
0.00491895
0.00481354
0.00471396
0.00461988
0.00453072
0.00444573
0.00436414
0.00428519
0.00420823
0.00413281
0.0040587
0.00398589
0.00391455
0.003845
0.0037768
0.00363837
0.0154166
0.015399
0.0153418
0.0152638
0.0151773
0.0150889
0.015001
0.014914
0.0148264
0.0147363
0.0146416
0.0145405
0.0144313
0.0143133
0.0141863
0.014051
0.0139094
0.0137646
0.013621
0.0134831
0.0133557
0.0132425
0.0131463
0.0130682
0.0130076
0.012961
0.0129211
0.0128781
0.0128267
0.0127609
0.00538569
0.00526735
0.00514938
0.0050339
0.0049229
0.00481712
0.00471673
0.00462154
0.00453113
0.00444489
0.00436217
0.00428232
0.00420478
0.00412911
0.00405508
0.00398262
0.00391182
0.00384291
0.00377533
0.00363745
0.015409
0.0153933
0.0153374
0.0152605
0.0151746
0.0150864
0.0149989
0.0149123
0.0148256
0.0147368
0.0146438
0.0145446
0.0144374
0.0143211
0.0141952
0.0140605
0.0139187
0.0137731
0.0136282
0.0134887
0.0133594
0.0132443
0.0131459
0.0130652
0.0130013
0.0129516
0.0129106
0.012869
0.0128188
0.0127537
0.0053862
0.00526938
0.00515278
0.00503812
0.00492732
0.00482115
0.00471992
0.00462358
0.00453187
0.00444436
0.00436052
0.00427982
0.00420178
0.00412598
0.00405218
0.00398023
0.00391012
0.00384197
0.00377508
0.00363772
0.0154094
0.0153946
0.0153392
0.0152621
0.0151757
0.0150869
0.0149988
0.0149121
0.0148257
0.0147378
0.0146461
0.0145484
0.0144428
0.0143277
0.0142026
0.014068
0.0139257
0.0137791
0.0136326
0.0134911
0.0133596
0.0132423
0.0131419
0.0130594
0.0129934
0.0129409
0.0128972
0.0128543
0.0128042
0.0127398
0.00538677
0.00527159
0.00515644
0.00504263
0.00493199
0.00482534
0.00472313
0.0046255
0.00453233
0.00444338
0.00435829
0.00427664
0.00419803
0.00412207
0.00404847
0.00397701
0.00390757
0.00384012
0.0037739
0.00363835
0.0153987
0.015382
0.0153273
0.0152515
0.0151661
0.015078
0.0149905
0.0149046
0.0148193
0.0147329
0.014643
0.0145473
0.0144435
0.01433
0.0142059
0.0140716
0.0139292
0.0137821
0.0136347
0.013492
0.0133587
0.0132393
0.0131369
0.0130526
0.0129853
0.0129312
0.0128856
0.0128412
0.0127903
0.0127261
0.00538738
0.0052739
0.00516023
0.00504727
0.00493678
0.00482964
0.00472642
0.00462745
0.00453281
0.00444243
0.0043561
0.00427356
0.00419444
0.00411837
0.00404502
0.00397408
0.00390531
0.00383856
0.00377462
0.0159787
0.0157076
0.0155249
0.0153855
0.0152686
0.0151646
0.0150691
0.0149796
0.0148941
0.0148104
0.0147262
0.0146389
0.0145457
0.0144443
0.0143326
0.0142098
0.0140764
0.0139342
0.013787
0.0136391
0.0134956
0.0133615
0.0132408
0.0131367
0.0130505
0.0129814
0.0129257
0.012878
0.0128317
0.0127794
0.0127143
0.00538801
0.0052762
0.005164
0.00505188
0.00494153
0.00483388
0.00472967
0.00462937
0.00453326
0.00444146
0.00435394
0.00427052
0.00419091
0.00411474
0.00404162
0.00397114
0.00390298
0.00383686
0.00377284
0.0158742
0.0157485
0.015614
0.0154775
0.0153455
0.0152221
0.0151088
0.0150055
0.0149104
0.0148208
0.0147336
0.0146452
0.0145522
0.0144516
0.0143407
0.0142185
0.0140854
0.0139433
0.0137957
0.0136471
0.0135026
0.0133672
0.013245
0.0131391
0.0130507
0.0129789
0.0129205
0.01287
0.0128208
0.0127658
0.0126987
0.00538863
0.00527839
0.00516762
0.00505634
0.00494613
0.00483799
0.0047328
0.0046312
0.00453367
0.00444053
0.00435189
0.00426766
0.00418759
0.00411131
0.00403837
0.00396829
0.00390064
0.00383504
0.00377146
0.015865
0.0157429
0.0156107
0.0154749
0.0153423
0.0152177
0.0151034
0.0149996
0.0149048
0.0148163
0.0147309
0.0146448
0.0145542
0.0144557
0.0143467
0.0142259
0.0140936
0.0139519
0.0138042
0.0136551
0.0135096
0.0133731
0.0132495
0.013142
0.0130513
0.0129767
0.0129149
0.0128608
0.012808
0.0127496
0.0126799
0.00538921
0.00528045
0.00517103
0.00506053
0.00495046
0.00484186
0.00473574
0.00463293
0.00453413
0.00443979
0.00435017
0.00426525
0.00418481
0.00410846
0.0040357
0.00396598
0.00389876
0.00383356
0.00377028
0.0158573
0.0157351
0.0156026
0.0154663
0.0153331
0.015208
0.0150937
0.0149904
0.0148968
0.0148103
0.0147275
0.0146444
0.0145568
0.014461
0.0143544
0.0142356
0.0141047
0.013964
0.0138168
0.0136676
0.0135219
0.0133845
0.0132598
0.0131506
0.0130577
0.0129801
0.0129147
0.0128563
0.0127989
0.0127362
0.0126628
0.00538974
0.00528233
0.00517415
0.00506436
0.00495437
0.00484528
0.00473824
0.00463429
0.00453428
0.00443884
0.00434832
0.00426275
0.00418193
0.00410546
0.00403278
0.00396326
0.00389629
0.00383131
0.00376816
0.0158425
0.0157134
0.0155788
0.0154431
0.0153115
0.0151882
0.0150756
0.0149744
0.0148833
0.0148
0.0147207
0.0146414
0.0145577
0.0144658
0.0143626
0.0142468
0.0141185
0.0139795
0.0138336
0.0136852
0.0135399
0.0134024
0.013277
0.0131664
0.0130712
0.0129903
0.0129205
0.0128572
0.0127945
0.0127266
0.0126486
0.00539024
0.005284
0.00517688
0.0050677
0.00495777
0.00484829
0.00474053
0.00463571
0.00453482
0.00443861
0.00434749
0.00426153
0.00418051
0.004104
0.00403142
0.00396207
0.00389525
0.00383038
0.0037678
0.0159379
0.0156713
0.0154883
0.0153455
0.0152244
0.0151168
0.0150199
0.0149321
0.0148521
0.0147775
0.0147053
0.0146315
0.0145521
0.0144634
0.0143629
0.0142489
0.0141217
0.0139837
0.0138383
0.0136904
0.0135454
0.0134081
0.0132825
0.0131709
0.0130741
0.0129908
0.0129178
0.0128505
0.0127834
0.0127113
0.0126299
0.00539066
0.00528534
0.00517897
0.00507009
0.00495996
0.00484988
0.00474126
0.00463547
0.00453366
0.00443664
0.00434488
0.00425846
0.00417716
0.00410051
0.0040279
0.00395855
0.00389174
0.00382684
0.00376363
0.0158111
0.0156859
0.0155504
0.0154119
0.0152778
0.0151535
0.0150417
0.0149428
0.0148556
0.014777
0.0147032
0.0146296
0.0145512
0.0144639
0.0143647
0.0142519
0.0141257
0.0139885
0.0138439
0.0136971
0.013553
0.0134165
0.0132915
0.0131802
0.0130831
0.0129989
0.0129244
0.0128552
0.0127864
0.0127132
0.0126324
0.005391
0.00528632
0.0051806
0.00507215
0.00496218
0.00485201
0.00474316
0.00463707
0.00453494
0.00443766
0.00434568
0.00425908
0.00417763
0.00410087
0.00402813
0.00395863
0.00389163
0.00382653
0.0037631
0.0158095
0.015686
0.0155514
0.015413
0.0152785
0.0151539
0.0150423
0.0149444
0.0148589
0.0147828
0.0147118
0.014641
0.0145656
0.0144812
0.0143846
0.0142744
0.0141509
0.0140166
0.0138753
0.0137323
0.0135927
0.0134614
0.013342
0.0132367
0.0131461
0.0130689
0.0130018
0.0129409
0.0128814
0.0128195
0.0127524
0.00539123
0.00528614
0.00517985
0.00507061
0.00495973
0.00484864
0.00473897
0.00463221
0.00452961
0.00443203
0.00433991
0.00425332
0.00417202
0.0040955
0.00402304
0.00395389
0.00388728
0.00382259
0.00375969
0.0157933
0.0156763
0.0155422
0.015403
0.0152692
0.015153
0.0150578
0.0149808
0.0149184
0.0148658
0.0148182
0.0147697
0.0147152
0.0146501
0.0145711
0.0144768
0.0143679
0.0142473
0.0141197
0.0139908
0.0138668
0.0137532
0.0136544
0.0135727
0.0135088
0.013461
0.0134261
0.0133996
0.0133769
0.013354
0.0133286
0.00539168
0.00528768
0.00518296
0.00507558
0.00496827
0.004861
0.00475524
0.00465246
0.00455395
0.00446067
0.00437315
0.0042916
0.00421585
0.00414539
0.00407953
0.0040174
0.0039581
0.00390094
0.00384557
0.00379197
0.0163192
0.0161896
0.0159989
0.0158038
0.0156413
0.015621
0.0156715
0.0157537
0.0158448
0.0159304
0.0160008
0.0160479
0.0160665
0.0160539
0.0160092
0.0159347
0.0158355
0.0157202
0.0155987
0.0154817
0.0153783
0.0152957
0.0152381
0.0152061
0.0151973
0.0152065
0.0152274
0.0152532
0.0152789
0.0153027
0.00546086
0.00544565
0.00542681
0.0054047
0.00537878
0.00535115
0.00532282
0.00529467
0.00526741
0.00524149
0.00521716
0.00519446
0.00517323
0.00515316
0.00513385
0.00511486
0.00509582
0.00507647
0.00505672
0.0050367
0.00501717
0.00501144
0.00499929
0.00498392
0.00494637
0.00491578
0.00489043
0.00486871
0.00484914
0.00483042
0.0048115
0.00479158
0.00477012
0.00474691
0.00472213
0.00469625
0.00466986
0.00464365
0.00461833
0.00459441
0.00457234
0.00455227
0.0045341
0.00451749
0.0045019
0.00448668
0.00447115
0.00445465
0.00443674
0.00441744
0.010195
0.00816215
0.00581926
0.00453892
0.00397864
0.00373756
0.00361136
0.0035232
0.00344054
0.00335327
0.00326025
0.00317117
0.00310231
0.00306711
0.00305905
0.00309532
0.00414297
0.0114326
0.0323289
0.011172
0.0103959
0.00826482
0.00588474
0.00458975
0.00402619
0.00378443
0.00365553
0.00356252
0.00347122
0.00337462
0.00327625
0.00318739
0.00312266
0.00309574
0.00309218
0.00305594
0.00331115
0.00559253
0.0240747
0.0372503
0.0104843
0.00835576
0.00594313
0.00463494
0.00406366
0.00381571
0.00367917
0.00357685
0.00347896
0.00338067
0.00328472
0.00320052
0.00314079
0.00311975
0.00312293
0.00307191
0.0031272
0.00505086
0.0153314
0.0257694
0.0106294
0.00846559
0.0060065
0.00467966
0.00409919
0.00384431
0.00370154
0.00359401
0.00349343
0.00339505
0.00330048
0.00321826
0.00316043
0.00314282
0.00315127
0.00309686
0.00304205
0.00400613
0.0103567
0.0181904
0.0107684
0.00855609
0.0060585
0.00471674
0.00412979
0.00387055
0.00372449
0.00361556
0.00351447
0.00341605
0.00332171
0.00323872
0.00318061
0.00316538
0.0031832
0.00314499
0.00305872
0.00354653
0.00722229
0.0130946
0.0108892
0.0086226
0.00609905
0.00474912
0.00415843
0.00389792
0.00375247
0.00364441
0.00354371
0.00344518
0.00334984
0.00326361
0.00320118
0.00318307
0.0032055
0.00318928
0.00310809
0.00324594
0.00507436
0.00946959
0.0109857
0.00867587
0.00613653
0.00478301
0.00419124
0.00393154
0.00378755
0.00368039
0.00357964
0.00347981
0.00338181
0.00329212
0.00322592
0.00320518
0.00323144
0.0032403
0.00318787
0.00314744
0.00294625
0.00596111
0.011062
0.00872257
0.0061759
0.00482115
0.00422898
0.00397014
0.00382701
0.00371975
0.00361739
0.00351368
0.00341095
0.00331624
0.00324561
0.00322113
0.00324934
0.00328364
0.00327759
0.00326018
0.00278222
0.00409968
0.0111309
0.00877109
0.00621838
0.00486189
0.0042676
0.00400846
0.00386447
0.00375525
0.00364975
0.00354196
0.0034353
0.0033369
0.00326151
0.00323047
0.00325501
0.00330701
0.0033434
0.00337462
0.00291323
0.00332549
0.0111982
0.00881848
0.00625814
0.00489911
0.00430168
0.00403964
0.00389267
0.00377902
0.00366928
0.00355901
0.00345099
0.00335202
0.00327471
0.00323731
0.00325365
0.00331182
0.00337386
0.00342717
0.00307831
0.00300043
0.0112597
0.00884925
0.00628585
0.00492638
0.00432594
0.00405981
0.0039087
0.00379043
0.00367757
0.00356613
0.00345921
0.00336316
0.00328779
0.00324722
0.00325436
0.00330859
0.00338199
0.00343718
0.00321535
0.00285349
0.0113048
0.00885259
0.00629566
0.00494071
0.00433781
0.00406796
0.00391311
0.00379245
0.00367864
0.00356874
0.0034656
0.0033752
0.00330456
0.00326385
0.00326435
0.00331111
0.00338592
0.00345523
0.00326437
0.0027767
0.0113234
0.00882932
0.00629092
0.00494451
0.00434191
0.0040703
0.00391363
0.0037924
0.00367972
0.00357358
0.0034764
0.00339247
0.00332706
0.00328777
0.00328474
0.00332079
0.00338818
0.00346454
0.00326147
0.00269319
0.0113147
0.00878878
0.00627819
0.00494427
0.00434562
0.00407456
0.00391784
0.00379753
0.00368723
0.00358556
0.00349378
0.00341437
0.00335248
0.00331331
0.00330425
0.00333017
0.00338572
0.00346337
0.00338008
0.00268043
0.011291
0.00874865
0.00626757
0.00494766
0.00435429
0.00408594
0.0039304
0.00381187
0.00370404
0.0036053
0.0035156
0.00343783
0.00337504
0.00333201
0.00331806
0.00333702
0.00337919
0.00344527
0.00323662
0.00267048
0.0112659
0.00872179
0.0062658
0.00495837
0.00437059
0.00410527
0.00395146
0.00383424
0.00372758
0.00362781
0.00353716
0.00345659
0.00338929
0.00334165
0.00332616
0.00334728
0.00339027
0.00343829
0.00322061
0.00268906
0.0112528
0.00871069
0.00627195
0.00497449
0.00439208
0.00412984
0.0039766
0.00385955
0.00375156
0.00364864
0.0035543
0.00346881
0.00339608
0.00334425
0.00332751
0.00334911
0.00338929
0.00341499
0.0032637
0.00270722
0.0112549
0.00870508
0.00628123
0.00499216
0.00441359
0.00415331
0.00399978
0.00388141
0.00377082
0.00366462
0.00356603
0.00347669
0.00340115
0.00334967
0.00333639
0.00336059
0.00339036
0.00336835
0.00319391
0.00270314
0.0112638
0.00869188
0.00628557
0.00500563
0.00442935
0.00417012
0.00401674
0.00389749
0.0037859
0.00367751
0.00357616
0.00348433
0.00340776
0.0033586
0.0033508
0.00337859
0.00339204
0.00329512
0.00313873
0.00272729
0.0112723
0.00866442
0.00627629
0.00500789
0.00443626
0.0041791
0.00402728
0.00390973
0.00380014
0.00369326
0.00359216
0.00350017
0.00342372
0.00337611
0.00337176
0.00339967
0.00338637
0.00319244
0.00314451
0.00274973
0.0112715
0.00862
0.00625524
0.0050004
0.00443687
0.0041843
0.0040367
0.00392403
0.00381913
0.00371691
0.00361832
0.00352739
0.00345097
0.00340337
0.00340037
0.00342584
0.00337718
0.00307799
0.00308415
0.00275392
0.0112582
0.00856467
0.00622826
0.00499026
0.00443753
0.00419188
0.00405158
0.00394682
0.00384861
0.00375197
0.00365609
0.00356507
0.00348683
0.0034372
0.00343386
0.00345478
0.00336453
0.00295329
0.00296331
0.00276489
0.0112364
0.00851261
0.00620603
0.00498589
0.00444488
0.00420783
0.00407643
0.00398068
0.00388908
0.00379646
0.0037018
0.00360883
0.0035274
0.00347528
0.00347131
0.00348715
0.00335058
0.00286076
0.00277263
0.00274675
0.011217
0.00847818
0.00619726
0.00499311
0.00446333
0.0042354
0.00411243
0.0040235
0.00393574
0.00384405
0.00374771
0.00365164
0.0035676
0.0035147
0.00351107
0.00352292
0.00335716
0.00288805
0.0026917
0.00274322
0.0112119
0.00847054
0.00620594
0.00501392
0.00449329
0.00427309
0.00415527
0.00406864
0.00398068
0.00388677
0.00378723
0.00368859
0.00360333
0.00355127
0.00354892
0.00356
0.00338437
0.0029763
0.00266286
0.00276222
0.0112298
0.00849152
0.00623229
0.0050476
0.00453257
0.00431529
0.00419796
0.00410879
0.00401715
0.00391934
0.00381684
0.00371775
0.00363386
0.00358496
0.00358651
0.00360304
0.00344513
0.0030486
0.00274796
0.00279419
0.0112728
0.00853916
0.0062728
0.00508969
0.00457559
0.00435609
0.00423489
0.00413978
0.00404296
0.00394175
0.00383787
0.00374008
0.00365878
0.00361331
0.00361875
0.00364138
0.00350561
0.00309653
0.00287423
0.00283154
0.011342
0.00860623
0.00632147
0.00513405
0.00461673
0.00439181
0.00426432
0.00416221
0.00406109
0.00395882
0.00385661
0.00376204
0.00368351
0.00364026
0.00364757
0.00367348
0.00355381
0.00314467
0.00291716
0.00286703
0.0114326
0.00868185
0.00637124
0.0051757
0.00465312
0.00442206
0.00428796
0.00418061
0.00407783
0.00397718
0.00387903
0.00378877
0.00371217
0.00366835
0.00367459
0.00370304
0.00361723
0.00325329
0.00275669
0.00291988
0.0115352
0.00875379
0.00641571
0.00521194
0.004684
0.00444854
0.0043099
0.00420126
0.00410065
0.00400408
0.00391075
0.00382427
0.00374822
0.00370101
0.00370266
0.00373669
0.00371691
0.00360298
0.00263452
0.00291582
0.011639
0.00881235
0.00645158
0.00524194
0.0047113
0.00447338
0.00433412
0.00422827
0.00413331
0.00404237
0.00395331
0.00386886
0.0037919
0.00373998
0.0037352
0.00377311
0.00379884
0.0037317
0.00327553
0.00297929
0.0117343
0.00885202
0.00647779
0.00526724
0.00473649
0.00449906
0.00436314
0.00426331
0.00417564
0.00409067
0.0040049
0.00392048
0.00384149
0.0037845
0.00377418
0.00381182
0.00385498
0.00374089
0.00320417
0.00309228
0.0118136
0.00887262
0.00649615
0.00529107
0.00476113
0.00452694
0.00439692
0.00430452
0.00422374
0.00414394
0.00406065
0.00397541
0.0038938
0.00383231
0.0038207
0.00386693
0.00393639
0.00385447
0.00344482
0.00320261
0.0118751
0.00888037
0.00651508
0.00531466
0.00478763
0.00455821
0.00443467
0.00434935
0.00427398
0.00419769
0.00411563
0.00402934
0.00394486
0.00387806
0.00386214
0.00391205
0.00399485
0.00394465
0.00382312
0.00327507
0.0119222
0.00889415
0.00653896
0.00534312
0.00481875
0.0045936
0.00447555
0.00439592
0.00432422
0.00424935
0.0041672
0.00407992
0.00399533
0.00392803
0.00391076
0.00396144
0.00404488
0.00401469
0.00398147
0.00338351
0.0119689
0.008925
0.00657518
0.00538116
0.00485795
0.00463518
0.00452046
0.00444399
0.00437381
0.00429839
0.00421448
0.00412437
0.00403799
0.00397122
0.00395598
0.00401155
0.00410038
0.0040355
0.00348786
0.00337332
0.0120313
0.00898253
0.00662762
0.00543093
0.00490664
0.00468445
0.0045703
0.00449359
0.00442258
0.004346
0.00426071
0.00416888
0.00407973
0.00401013
0.00399309
0.00405295
0.00414937
0.00408288
0.00414393
0.00342523
0.0121193
0.00906811
0.00669642
0.00549216
0.00496419
0.0047409
0.00462486
0.00454486
0.00447047
0.00439108
0.0043039
0.0042119
0.00412285
0.00405238
0.00403294
0.00408863
0.00417798
0.00405653
0.00351372
0.00341865
0.012231
0.00917247
0.00677574
0.00556028
0.00502747
0.00480084
0.00468161
0.0045975
0.00451862
0.00443483
0.00434384
0.00425009
0.0041618
0.00409505
0.00408044
0.00414191
0.00423547
0.00408321
0.00316924
0.00345154
0.0123555
0.00928009
0.00685656
0.0056291
0.00509126
0.00486039
0.00473716
0.00464873
0.00456548
0.00447797
0.00438364
0.00428737
0.00419717
0.00413022
0.00411675
0.00418369
0.00428742
0.0041249
0.00291053
0.00342594
0.0124739
0.00937394
0.00692879
0.00569212
0.00515112
0.0049171
0.00478956
0.00469576
0.00460703
0.00451645
0.00442122
0.0043266
0.00423838
0.00417226
0.0041574
0.00422513
0.0043403
0.00420042
0.00299025
0.0034174
0.0125714
0.00944504
0.0069895
0.00574789
0.00520606
0.00497055
0.00483949
0.00473988
0.00464483
0.00455007
0.00445353
0.00436093
0.00427796
0.00421645
0.00420176
0.00426566
0.0043833
0.00427622
0.00320521
0.00341966
0.0126373
0.00949732
0.0070416
0.00579928
0.00525694
0.00501971
0.00488511
0.00478087
0.0046816
0.00458394
0.0044868
0.00439566
0.00431755
0.00426295
0.00425289
0.00431671
0.00443918
0.00437539
0.00349468
0.00342383
0.0126775
0.00954083
0.00709081
0.00585123
0.00530762
0.00506732
0.00492724
0.00481797
0.00471575
0.00461737
0.00452198
0.00443398
0.00435923
0.00430892
0.0043031
0.00436835
0.00450111
0.00451473
0.00370061
0.00341529
0.0127048
0.00958545
0.00714197
0.00590267
0.00535726
0.00511358
0.00496774
0.00485298
0.00474821
0.00465
0.00455854
0.00447631
0.00440624
0.00435929
0.00435528
0.00441962
0.00455231
0.00460529
0.00403606
0.0033671
0.0127319
0.00963773
0.00719598
0.00595148
0.00540269
0.00515498
0.00500487
0.00488625
0.00478006
0.00468293
0.00459531
0.00451895
0.00445445
0.00441131
0.00440873
0.00447156
0.00459328
0.00459195
0.00507337
0.00399027
0.0127605
0.00969132
0.00724395
0.00599317
0.00544052
0.0051885
0.00503596
0.00491662
0.00481194
0.00471817
0.00463439
0.00456214
0.00450135
0.00446132
0.00446045
0.00452205
0.00462778
0.00456123
0.00360631
0.00334299
0.0127907
0.00972898
0.00727756
0.00602415
0.00546979
0.00521497
0.00506163
0.00494458
0.00484454
0.00475624
0.00467672
0.00460667
0.00454689
0.00450772
0.00450903
0.0045765
0.00469143
0.00466384
0.00437299
0.00321361
0.0128113
0.00974025
0.00729362
0.00604341
0.00549146
0.0052378
0.00508673
0.00497468
0.00488072
0.00479833
0.00472291
0.0046539
0.00459259
0.00455003
0.00454719
0.00460766
0.00470649
0.00462114
0.00448971
0.00318629
0.0128119
0.0097298
0.00730002
0.00605739
0.00551089
0.00526277
0.00511748
0.00501249
0.00492477
0.00484674
0.00477376
0.00470461
0.00464171
0.00459796
0.00459486
0.00465262
0.00473194
0.00456681
0.00439383
0.00320489
0.0127918
0.00971657
0.00730624
0.00607416
0.00553576
0.0052957
0.00515814
0.00506032
0.00497754
0.00490143
0.0048281
0.00475581
0.00468954
0.00464465
0.00464482
0.00470576
0.00476871
0.00452066
0.00424749
0.00326809
0.0127704
0.00971503
0.00732266
0.00610205
0.00557265
0.00534033
0.00520962
0.00511662
0.00503592
0.00495925
0.0048834
0.00480668
0.00473716
0.00469193
0.0046974
0.00476527
0.00481454
0.00448127
0.00404353
0.00334751
0.0127664
0.00973646
0.00735388
0.0061427
0.00562115
0.00539414
0.00526706
0.00517483
0.00509254
0.00501249
0.00493225
0.00485125
0.00478043
0.00473888
0.00475363
0.00483085
0.00487047
0.00446263
0.00387511
0.00341343
0.0127928
0.00977997
0.00739637
0.0061909
0.00567445
0.00544947
0.00532227
0.00522671
0.00513956
0.00505387
0.0049684
0.00488451
0.00481545
0.0047817
0.00480989
0.00489821
0.00492682
0.0044532
0.00382454
0.0035184
0.0128458
0.00983027
0.00743923
0.00623638
0.00572241
0.00549665
0.00536633
0.00526559
0.00517177
0.00507992
0.00498997
0.00490548
0.00484162
0.00482006
0.00486469
0.00496371
0.0049731
0.00445692
0.0037656
0.00364257
0.0129104
0.00986643
0.0074695
0.00626992
0.00575762
0.00553034
0.00539599
0.00528959
0.00519005
0.00509339
0.00500079
0.00491838
0.00486251
0.0048559
0.00491852
0.00502628
0.00501374
0.00449707
0.00375756
0.00374575
0.0129655
0.00987279
0.00747949
0.00628709
0.00577863
0.00555159
0.00541489
0.00530479
0.00520171
0.00510265
0.00500987
0.00493121
0.00488437
0.00489234
0.00497119
0.00508416
0.005054
0.00455558
0.00387063
0.00384099
0.0129971
0.00984921
0.00747187
0.00629201
0.00579138
0.00556807
0.00543192
0.00532116
0.00521701
0.00511773
0.00502617
0.00495222
0.0049143
0.00493553
0.00502656
0.00513758
0.00508453
0.00459563
0.00400251
0.00394287
0.013003
0.00980853
0.00745706
0.00629431
0.00580555
0.00558942
0.00545691
0.00534828
0.0052447
0.00514595
0.00505581
0.00498587
0.00495596
0.00498901
0.00508926
0.00519419
0.00511327
0.0046166
0.00408826
0.00403275
0.0129972
0.00977047
0.00744762
0.00630412
0.00582932
0.00562233
0.00549514
0.00538961
0.00528745
0.0051889
0.00509966
0.00503241
0.005008
0.00504967
0.00515546
0.00525227
0.00514645
0.00464161
0.00417886
0.00406249
0.0129989
0.0097522
0.0074528
0.00632702
0.00586553
0.00566714
0.00554507
0.00544205
0.00534075
0.00524208
0.00515325
0.00508768
0.00506717
0.00511417
0.00522139
0.00530775
0.00518237
0.00467583
0.00447436
0.00413754
0.0130234
0.0097581
0.00747265
0.00636078
0.00591027
0.00571819
0.005599
0.00549682
0.00539564
0.0052967
0.00520773
0.00514343
0.00512609
0.00517775
0.00528596
0.00536142
0.00521593
0.00468771
0.00434186
0.00422761
0.0130751
0.00978184
0.0075015
0.00639891
0.00595524
0.00576614
0.0056474
0.00554471
0.00544329
0.0053445
0.00525557
0.00519206
0.00517747
0.00523478
0.00534796
0.00542217
0.00527162
0.00473221
0.00410102
0.00422562
0.013148
0.0098122
0.00753088
0.00643393
0.00599359
0.00580408
0.00568405
0.00558039
0.0054792
0.0053813
0.0052932
0.00523078
0.00521891
0.00528081
0.00539981
0.00548102
0.00535046
0.00485707
0.00424541
0.00419561
0.0132314
0.00984196
0.00755718
0.00646296
0.00602314
0.00583153
0.00570951
0.00560541
0.0055049
0.00540843
0.00532196
0.00526192
0.00525426
0.005322
0.00544774
0.00553801
0.00543626
0.00500902
0.00432953
0.00418209
0.0133199
0.00987278
0.00758195
0.00648926
0.00604823
0.0058544
0.00573093
0.0056267
0.00552712
0.00543186
0.00534652
0.00528816
0.00528471
0.00536069
0.00549818
0.00560351
0.0055309
0.00516025
0.004487
0.00419536
0.0134161
0.0099126
0.00761204
0.00651934
0.00607722
0.00588169
0.00575738
0.00565308
0.00555419
0.00545946
0.00537426
0.00531532
0.00531295
0.00539555
0.00554709
0.00567287
0.00562967
0.00530377
0.00467306
0.00422167
0.0135303
0.00997031
0.00765509
0.0065608
0.00611741
0.00592062
0.00579539
0.0056904
0.00559084
0.00549548
0.00540904
0.00534783
0.0053439
0.00543061
0.00559656
0.0057472
0.00573797
0.00545491
0.00485138
0.004256
0.0136721
0.0100493
0.00771391
0.00661632
0.00617115
0.00597276
0.00584589
0.00573905
0.00563756
0.00553982
0.00545025
0.00538474
0.00537653
0.00546409
0.00564321
0.00582209
0.00585357
0.00561997
0.00504287
0.00428876
0.0138451
0.0101439
0.00778438
0.00668188
0.00623379
0.0060328
0.00590349
0.00579414
0.00569001
0.00558941
0.00549611
0.00542494
0.0054095
0.00549305
0.00568168
0.00589094
0.00597262
0.00580786
0.00529729
0.00430581
0.014042
0.0102401
0.00785692
0.0067484
0.00629618
0.00609221
0.00596026
0.0058485
0.00574224
0.00563981
0.00554373
0.00546734
0.00544241
0.00551532
0.00570568
0.00594442
0.00608792
0.00602697
0.00572839
0.00526202
0.0142479
0.0103208
0.0079207
0.00680651
0.0063503
0.00614351
0.00600969
0.00589679
0.00579036
0.0056884
0.00559218
0.00551248
0.00547695
0.00553191
0.00571128
0.00597098
0.0061825
0.0062474
0.00622019
0.00667634
0.0144484
0.0103782
0.00797095
0.00685311
0.00639367
0.00618505
0.00605071
0.00593878
0.00583475
0.00573654
0.00564381
0.00556336
0.00551758
0.00554851
0.00570092
0.00596251
0.00623435
0.00641733
0.00654242
0.00684016
0.0146416
0.010419
0.00801227
0.00689217
0.00643045
0.00622102
0.0060877
0.00597902
0.00588013
0.00578873
0.00570253
0.00562424
0.00557012
0.00557462
0.00568588
0.0059232
0.00623238
0.00651716
0.00675409
0.00702871
0.0148447
0.0104603
0.00805565
0.00693266
0.00646873
0.00625919
0.00612825
0.00602452
0.00593291
0.00585015
0.00577202
0.00569808
0.00563846
0.00561903
0.00568388
0.00587375
0.00618704
0.00654898
0.00687251
0.00712931
0.015086
0.0105196
0.00811174
0.00698335
0.00651625
0.0063068
0.00617868
0.00608066
0.00599704
0.00592322
0.00585333
0.00578439
0.00572194
0.00568439
0.00570857
0.00584276
0.00613031
0.00654427
0.00696649
0.00729037
0.0153937
0.0106055
0.0081857
0.00704859
0.00657691
0.00636686
0.00624139
0.0061489
0.00607257
0.00600646
0.00594343
0.00587877
0.00581491
0.00576525
0.00576011
0.00584744
0.00609632
0.00653228
0.00704465
0.00745026
0.0157764
0.0107094
0.00827437
0.00712591
0.00664828
0.00643723
0.00631402
0.00622608
0.00615555
0.00609497
0.00603616
0.00597418
0.00590862
0.00585092
0.00582709
0.00588475
0.00610251
0.00653325
0.00710828
0.0075992
0.0162092
0.0108044
0.00836752
0.00720709
0.00672381
0.00651221
0.0063912
0.00630694
0.0062404
0.00618258
0.00612502
0.00606301
0.00599422
0.00592976
0.00589448
0.00593899
0.00614796
0.00656375
0.00715891
0.00773203
0.00392787
0.0108706
0.00845337
0.00728331
0.00679679
0.00658619
0.0064683
0.0063875
0.00632321
0.00626519
0.00620556
0.0061398
0.00606546
0.00599378
0.00595075
0.00599337
0.00620428
0.00661995
0.00721852
0.00784705
0.00389671
0.0108818
0.0085242
0.00734994
0.00686374
0.00665706
0.00654399
0.00646659
0.00640279
0.00634175
0.00627649
0.00620314
0.00612073
0.00604089
0.00599202
0.00603398
0.00624883
0.00668209
0.00729765
0.0079619
0.00386182
0.0109254
0.00858162
0.00740871
0.00692675
0.00672718
0.00662054
0.00654621
0.00648085
0.00641396
0.00633987
0.00625598
0.00616374
0.00607559
0.00602224
0.00606468
0.00628794
0.00674427
0.00738538
0.00808405
0.00385196
0.0109549
0.00863284
0.007466
0.00699155
0.00680124
0.00670167
0.00662966
0.00656063
0.00648521
0.00639998
0.00630422
0.00620223
0.00610735
0.00605131
0.00609562
0.00632802
0.00681007
0.00748654
0.00821959
0.00383362
0.0109841
0.00868735
0.00752909
0.00706355
0.0068828
0.0067898
0.00671841
0.00664382
0.00655842
0.00646148
0.00635475
0.00624496
0.00614638
0.00609034
0.00613894
0.00638193
0.00689201
0.00760775
0.00837247
0.00382606
0.0110284
0.00875252
0.00760249
0.00714481
0.00697192
0.00688317
0.00681019
0.00672892
0.00663411
0.00652701
0.00641237
0.00629886
0.00620062
0.00614856
0.00620431
0.00646102
0.00700102
0.00775803
0.00854581
0.00382467
0.0110939
0.00882998
0.00768496
0.00723185
0.00706337
0.00697554
0.00689905
0.00681117
0.00670934
0.00659615
0.00647905
0.0063675
0.00627478
0.00623125
0.00629737
0.00657149
0.00714426
0.00794561
0.00874151
0.00383252
0.0111768
0.00891449
0.00776989
0.00731688
0.0071484
0.00705843
0.00697754
0.00688482
0.00678021
0.00666724
0.00655462
0.00645115
0.00636942
0.00633872
0.00641797
0.00671249
0.00732212
0.00817183
0.008957
0.00384421
0.011267
0.0089967
0.00784875
0.00739169
0.00721948
0.00712557
0.00704079
0.00694682
0.00684468
0.00673868
0.00663711
0.00654738
0.00648103
0.00646571
0.00656005
0.00687638
0.00752606
0.0084278
0.00918374
0.00385648
0.0113525
0.00906896
0.00791538
0.00745227
0.00727441
0.00717609
0.00708908
0.00699794
0.00690329
0.00680951
0.00672357
0.00665149
0.00660253
0.00660288
0.00671249
0.00704997
0.00773986
0.00869556
0.00940926
0.00386817
0.0114274
0.00913011
0.00797014
0.00750093
0.00731695
0.00721481
0.0071279
0.00704241
0.00695834
0.0068796
0.00681146
0.00675734
0.00672486
0.00673906
0.00686169
0.00721746
0.00794419
0.00895289
0.009621
0.00387868
0.0115002
0.00918643
0.00801974
0.00754529
0.00735557
0.00725046
0.00716516
0.00708645
0.00701367
0.00695001
0.00689834
0.00685932
0.00683979
0.00686401
0.00699521
0.00736474
0.00812258
0.00918058
0.00980984
0.00388873
0.0115834
0.00924654
0.00807241
0.00759369
0.0073992
0.0072915
0.00720817
0.00713604
0.00707319
0.00702159
0.00698226
0.00695377
0.00694204
0.0069712
0.00710613
0.00748439
0.00826628
0.00936721
0.00997138
0.00390085
0.0116841
0.00931612
0.00813402
0.00765135
0.00745318
0.00734319
0.00726125
0.00719421
0.00713872
0.00709506
0.00706262
0.00703946
0.00702993
0.0070587
0.00719298
0.00757496
0.00837348
0.00950904
0.0101058
0.00391761
0.0117987
0.00939417
0.00820485
0.00771878
0.00751777
0.00740621
0.00732532
0.00726133
0.00721007
0.00717037
0.00713992
0.00711685
0.00710438
0.00712821
0.00725811
0.00763949
0.0084476
0.00960865
0.0102157
0.00393951
0.0119113
0.00947328
0.00827899
0.0077914
0.00758896
0.00747717
0.0073976
0.00733558
0.00728616
0.00724699
0.00721466
0.00718709
0.00716762
0.00718309
0.00730538
0.00768237
0.00849365
0.00967105
0.0103035
0.00396418
0.0120001
0.0095423
0.00834735
0.00786153
0.00766055
0.00755091
0.00747373
0.00741392
0.00736517
0.0073239
0.00728655
0.00725093
0.00722137
0.00722584
0.00733765
0.00770682
0.00851534
0.00970041
0.0103712
0.00398689
0.012047
0.00959115
0.00840228
0.0079225
0.00772693
0.00762277
0.00755012
0.00749319
0.00744431
0.00739895
0.00735409
0.00730784
0.00726562
0.00725676
0.0073557
0.00771425
0.00851477
0.00969993
0.0104212
0.00400256
0.0120455
0.00961588
0.008441
0.00797197
0.00778575
0.00769032
0.0076243
0.00757037
0.00752018
0.00746892
0.00741443
0.00735547
0.0072985
0.00727458
0.00735934
0.00770548
0.00849422
0.0096742
0.0104586
0.00400788
0.0120051
0.00962096
0.00846673
0.00801253
0.0078387
0.00775378
0.00769468
0.00764262
0.00758935
0.00753018
0.00746391
0.00739051
0.00731781
0.00727864
0.00734967
0.00768326
0.00845873
0.00963175
0.0104914
0.00400286
0.0119479
0.00961748
0.0084875
0.00805015
0.00788974
0.00781462
0.0077603
0.00770743
0.00764848
0.00757905
0.00749925
0.0074109
0.0073235
0.00727126
0.00733122
0.00765432
0.0084177
0.00958579
0.0105303
0.00399104
0.0119015
0.00961899
0.00851302
0.0080917
0.00794268
0.0078739
0.00782018
0.0077626
0.00769465
0.00761306
0.00751962
0.00741805
0.0073196
0.00725895
0.00731273
0.00762949
0.00838414
0.00955287
0.0105864
0.00397845
0.011888
0.00963647
0.0085504
0.00814159
0.00799926
0.00793118
0.00787283
0.00780633
0.00772674
0.0076329
0.00752813
0.00741774
0.00731425
0.00725173
0.007305
0.00762045
0.00837304
0.00954887
0.0106676
0.00397129
0.0119178
0.00967467
0.00860149
0.00819995
0.00805821
0.00798463
0.00791666
0.0078383
0.0077468
0.00764313
0.00753205
0.00741924
0.00731708
0.00725864
0.00731654
0.0076357
0.00839416
0.00958536
0.010777
0.00397352
0.0119882
0.00973076
0.00866288
0.00826305
0.00811604
0.00803201
0.00795136
0.00786092
0.00776027
0.00765167
0.00754
0.00743128
0.0073367
0.00728748
0.0073542
0.00768128
0.00845293
0.00966392
0.0109113
0.00398633
0.012082
0.00979597
0.00872786
0.00832546
0.00816918
0.00807238
0.00797909
0.00787972
0.00777431
0.00766612
0.00756012
0.00746119
0.00737883
0.00734205
0.00741962
0.00775701
0.00854526
0.00977821
0.0110604
0.00400722
0.0121775
0.00986009
0.00878949
0.0083826
0.00821586
0.00810714
0.00800484
0.00790071
0.00779576
0.00769357
0.00759797
0.00751236
0.00744421
0.00742018
0.00750804
0.00785557
0.0086582
0.00991337
0.0112092
0.00403134
0.0122561
0.00991544
0.00884335
0.00843259
0.00825725
0.0081405
0.00803363
0.00792988
0.0078304
0.00773803
0.00765519
0.00758331
0.00752796
0.00751399
0.00760899
0.0079638
0.00877419
0.0100482
0.0113423
0.00405365
0.0123076
0.00995892
0.00888895
0.00847751
0.00829701
0.00817698
0.00807078
0.007972
0.00788119
0.00779993
0.00772898
0.00766794
0.00762102
0.00761212
0.00770923
0.00806523
0.00887705
0.0101622
0.0114499
0.00406927
0.0123351
0.00999367
0.00893029
0.0085201
0.00833953
0.00822138
0.00812015
0.00802914
0.00794774
0.00787594
0.00781321
0.00775784
0.00771336
0.00770362
0.00779745
0.00814865
0.00895649
0.0102444
0.011532
0.00407602
0.0123529
0.0100244
0.00896933
0.00856486
0.00838903
0.00827673
0.00818297
0.00810027
0.00802658
0.00796055
0.00790097
0.00784547
0.00779765
0.00778216
0.00786881
0.00821255
0.00901306
0.0102976
0.0115995
0.00407644
0.0123687
0.0100542
0.00901064
0.00861537
0.00844765
0.0083434
0.00825759
0.00818172
0.00811263
0.00804826
0.00798717
0.00792707
0.00787233
0.00784888
0.00792732
0.00826337
0.00905727
0.0103385
0.0116712
0.00407513
0.0123833
0.010087
0.00905713
0.00867313
0.00851499
0.00841917
0.00834023
0.00826881
0.00820134
0.00813566
0.00807041
0.0080041
0.00794222
0.0079118
0.00798411
0.00831551
0.00910714
0.0103899
0.0117654
0.00407414
0.0124038
0.0101249
0.00910948
0.00873728
0.00858854
0.00850025
0.00842653
0.00835765
0.00829027
0.00822249
0.00815334
0.00808243
0.00801615
0.00798237
0.00805282
0.00838467
0.00918101
0.0104739
0.0118912
0.00407511
0.0124333
0.0101679
0.00916658
0.00880546
0.00866507
0.00858301
0.00851331
0.00844652
0.00837966
0.00831129
0.00824096
0.00816923
0.00810301
0.0080706
0.00814406
0.00848193
0.0092904
0.0106044
0.0120476
0.00407876
0.0124717
0.0102153
0.00922658
0.00887541
0.00874225
0.00866554
0.00859976
0.00853603
0.00847158
0.00840551
0.00833778
0.00826952
0.0082079
0.00818111
0.00826146
0.00860976
0.00943672
0.0107775
0.0122267
0.00408518
0.0125179
0.0102662
0.00928857
0.00894645
0.00881986
0.00874843
0.00868725
0.00862807
0.00856822
0.00850722
0.00844526
0.00838375
0.00832977
0.00831096
0.00839993
0.00876057
0.00960921
0.0109766
0.012413
0.0040944
0.0125702
0.0103212
0.0093536
0.00902006
0.00889982
0.00883386
0.0087779
0.00872418
0.00867017
0.00861558
0.00856076
0.00850712
0.00846128
0.00845009
0.00854673
0.00891833
0.00978747
0.0111779
0.0125875
0.00410477
0.0126334
0.0103831
0.00942436
0.00909907
0.00898486
0.00892412
0.0088731
0.00882446
0.00877575
0.0087269
0.00867829
0.00863094
0.00859091
0.00858443
0.00868533
0.00906373
0.00994817
0.0113575
0.0127359
0.00411596
0.0127116
0.0104548
0.00950358
0.00918593
0.00907691
0.00902021
0.00897266
0.0089272
0.00888159
0.00883587
0.00879034
0.00874547
0.00870698
0.00870082
0.00880148
0.00918146
0.0100738
0.0114993
0.012857
0.00412817
0.0128077
0.0105376
0.00959221
0.00928117
0.00917587
0.00912117
0.00907463
0.00902946
0.00898366
0.00893732
0.00889062
0.00884371
0.00880231
0.00879248
0.00888924
0.00926671
0.0101613
0.0115973
0.0129656
0.00414154
0.0129203
0.0106297
0.00968831
0.00938259
0.00927918
0.00922406
0.00917578
0.00912792
0.00907868
0.00902813
0.00897658
0.00892418
0.00887695
0.00886131
0.00895257
0.00932563
0.0102195
0.0116656
0.0130789
0.00415719
0.0130359
0.0107257
0.00978774
0.00948564
0.00938224
0.00932466
0.00927252
0.00921983
0.00916507
0.00910838
0.00905036
0.00899143
0.00893802
0.00891691
0.0090034
0.0093725
0.010266
0.0117259
0.0132151
0.00417452
0.0131419
0.0108169
0.00988335
0.0095841
0.00947951
0.00941848
0.00936178
0.00930393
0.00924375
0.00918149
0.00911808
0.0090543
0.00899682
0.00897266
0.00905677
0.00942408
0.01032
0.0118008
0.0133878
0.0041916
0.0132264
0.0108957
0.00996815
0.00967195
0.00956614
0.00950223
0.00944218
0.00938104
0.00931784
0.00925292
0.00918748
0.00912247
0.0090646
0.00904081
0.00912551
0.00949384
0.0103964
0.0119065
0.0136024
0.00420644
0.0132798
0.0109561
0.0100376
0.0097454
0.00963969
0.00957508
0.00951463
0.00945368
0.00939135
0.00932805
0.00926498
0.00920301
0.00914861
0.00912838
0.00921615
0.00958781
0.0105005
0.0120476
0.0138565
0.00421714
0.0132996
0.0109966
0.0100912
0.0098043
0.00970122
0.00963906
0.0095818
0.00952496
0.00946765
0.00941018
0.00935343
0.00929796
0.00924983
0.00923505
0.00932693
0.00970264
0.010627
0.0122163
0.0141404
0.00422252
0.0132922
0.0110222
0.0101315
0.00985256
0.00975482
0.0096981
0.0096471
0.0095975
0.00954829
0.00949938
0.00945113
0.00940368
0.0093626
0.00935313
0.00944823
0.00982672
0.0107613
0.0123935
0.0144411
0.00422285
0.0132716
0.0110409
0.0101658
0.00989667
0.0098063
0.0097569
0.00971375
0.00967277
0.0096326
0.00959252
0.0095524
0.00951199
0.00947633
0.00946998
0.00956572
0.00994378
0.010884
0.012555
0.0147467
0.0042198
0.0132563
0.011061
0.0102021
0.0099439
0.00986159
0.00981965
0.00978401
0.00975073
0.00971796
0.00968439
0.0096496
0.00961297
0.00957917
0.00957237
0.00966524
0.0100387
0.0109779
0.0126799
0.0150511
0.004216
0.0132611
0.0110909
0.010248
0.0100004
0.00992518
0.0098891
0.0098587
0.00983002
0.00980084
0.00976957
0.00973568
0.00969834
0.00966217
0.00965124
0.00973792
0.0101027
0.0110342
0.012757
0.0153544
0.00421458
0.0132922
0.0111365
0.0103078
0.0100693
0.00999905
0.00996585
0.00993694
0.00990842
0.00987809
0.00984428
0.00980659
0.00976427
0.00972222
0.00970455
0.00978288
0.0101363
0.0110553
0.0127872
0.015661
0.00421784
0.0133491
0.0111989
0.0103823
0.0101505
0.0100821
0.0100481
0.0100165
0.00998374
0.00994792
0.00990755
0.00986253
0.00981255
0.00976295
0.00973769
0.00980724
0.0101486
0.0110529
0.0127821
0.0159749
0.00422571
0.0134279
0.011275
0.0104675
0.0102401
0.0101705
0.0101322
0.0100945
0.0100544
0.0100104
0.00996135
0.00990776
0.00984982
0.00979316
0.00976138
0.00982342
0.0101539
0.0110443
0.0127589
0.0162939
0.00423778
0.013514
0.0113572
0.010557
0.0103314
0.0102584
0.0102138
0.0101683
0.0101196
0.0100672
0.01001
0.00994922
0.00988531
0.00982407
0.00978844
0.00984554
0.0101676
0.0110474
0.0127339
0.00389107
0.00425219
0.0135914
0.0114365
0.0106426
0.0104176
0.0103402
0.0102889
0.010236
0.0101803
0.0101215
0.0100591
0.00999453
0.00992842
0.00986649
0.00983072
0.0098861
0.0102027
0.0110758
0.0127134
0.00385736
0.00426608
0.0136475
0.0115044
0.0107173
0.0104928
0.0104118
0.0103554
0.0102977
0.0102382
0.010177
0.010114
0.0100503
0.00998658
0.00992834
0.00989619
0.00995306
0.0102678
0.0111419
0.0128083
0.00384424
0.00427652
0.0136764
0.0115558
0.0107775
0.0105548
0.0104724
0.0104139
0.0103551
0.0102962
0.0102374
0.0101786
0.0101205
0.0100638
0.0100132
0.00998793
0.0100491
0.0103653
0.0112477
0.0129574
0.00386229
0.00428137
0.0136806
0.0115906
0.0108239
0.0106051
0.0105242
0.0104671
0.0104114
0.0103573
0.0103053
0.0102548
0.0102064
0.0101601
0.0101202
0.010104
0.0101711
0.0104908
0.0113849
0.0131363
0.00389264
0.00427987
0.0136705
0.0116132
0.0108611
0.0106485
0.0105721
0.0105196
0.0104701
0.0104242
0.010382
0.0103426
0.0103062
0.0102723
0.0102444
0.010238
0.0103118
0.0106354
0.0115424
0.0133342
0.00392561
0.00427324
0.0136587
0.0116312
0.0108964
0.0106917
0.010622
0.0105763
0.0105349
0.0104986
0.0104674
0.0104399
0.0104159
0.0103945
0.0103782
0.0103813
0.0104608
0.0107875
0.0117065
0.0135384
0.00395898
0.00426525
0.0136525
0.0116531
0.0109373
0.0107415
0.0106794
0.010641
0.010608
0.0105811
0.0105601
0.0105434
0.0105305
0.0105198
0.0105135
0.0105242
0.0106077
0.0109353
0.0118639
0.013735
0.00398987
0.00425861
0.0136628
0.011686
0.0109899
0.0108027
0.010748
0.0107163
0.0106901
0.0106707
0.0106578
0.0106495
0.0106448
0.0106422
0.010643
0.0106588
0.010744
0.01107
0.0120047
0.0139146
0.00401621
0.00425546
0.0136966
0.0117339
0.0110573
0.0108776
0.0108289
0.0108019
0.0107802
0.0107656
0.0107577
0.0107545
0.0107548
0.0107569
0.0107618
0.0107801
0.0108648
0.0111869
0.0121235
0.0140698
0.00403778
0.00425673
0.0137555
0.0117968
0.0111389
0.0109648
0.01092
0.0108954
0.0108755
0.0108628
0.0108569
0.0108555
0.0108575
0.0108614
0.0108679
0.0108865
0.0109692
0.0112854
0.0122199
0.0141954
0.00405614
0.004262
0.0138369
0.0118707
0.0112305
0.0110604
0.0110171
0.0109928
0.0109722
0.010959
0.0109525
0.0109505
0.010952
0.0109556
0.0109619
0.0109796
0.011059
0.0113679
0.0122966
0.0142945
0.00407225
0.00426962
0.0139362
0.0119481
0.0113247
0.0111581
0.0111145
0.0110892
0.0110665
0.0110512
0.0110429
0.0110391
0.0110389
0.0110412
0.0110464
0.0110625
0.0111381
0.0114386
0.0123581
0.0143723
0.00408725
0.00427916
0.0140363
0.012022
0.0114151
0.0112524
0.0112076
0.0111808
0.0111557
0.011138
0.0111279
0.0111222
0.0111202
0.0111211
0.011125
0.0111393
0.0112108
0.011502
0.0124096
0.014435
0.00410213
0.00428842
0.0141294
0.0120873
0.0114969
0.0113399
0.0112938
0.0112661
0.0112395
0.0112204
0.0112092
0.0112024
0.0111993
0.011199
0.0112017
0.011214
0.011281
0.0115623
0.0124558
0.0144884
0.00411764
0.00429558
0.0142115
0.0121434
0.011569
0.0114203
0.0113739
0.0113465
0.0113201
0.0113011
0.0112903
0.0112835
0.0112798
0.0112788
0.0112805
0.0112904
0.0113525
0.0116233
0.0125007
0.0145381
0.00413427
0.00429994
0.0142842
0.0121944
0.0116342
0.011497
0.0114518
0.0114261
0.011402
0.011385
0.0113756
0.0113697
0.011366
0.0113643
0.0113647
0.0113718
0.0114285
0.0116881
0.0125476
0.0145886
0.00415226
0.00430222
0.0143526
0.0122476
0.0116989
0.0115756
0.0115339
0.0115111
0.0114907
0.0114769
0.0114697
0.0114649
0.0114612
0.0114585
0.0114569
0.0114605
0.0115114
0.0117593
0.0125999
0.0146438
0.00417165
0.00430385
0.0144258
0.0123118
0.0117705
0.0116624
0.0116267
0.0116075
0.0115912
0.0115812
0.0115764
0.0115723
0.0115679
0.0115634
0.0115591
0.0115586
0.011603
0.0118389
0.0126601
0.0147071
0.0041923
0.00430868
0.0145056
0.0123927
0.0118569
0.0117624
0.011735
0.01172
0.0117072
0.0117002
0.0116973
0.0116933
0.011687
0.0116798
0.0116718
0.0116666
0.0117043
0.0119281
0.0127295
0.01478
0.00421405
0.00432068
0.0145886
0.0124931
0.0119639
0.0118788
0.01186
0.0118497
0.0118394
0.0118341
0.0118317
0.0118265
0.0118175
0.0118065
0.0117944
0.0117841
0.011815
0.0120268
0.0128082
0.0148629
0.00423667
0.00434228
0.0146713
0.0126098
0.0120934
0.0120117
0.0119993
0.0119937
0.0119852
0.0119798
0.0119764
0.0119686
0.011956
0.0119408
0.0119244
0.0119092
0.0119335
0.0121335
0.0128946
0.0149537
0.00425997
0.00437386
0.0147504
0.0127344
0.012241
0.0121583
0.0121478
0.0121453
0.0121378
0.0121313
0.0121255
0.0121142
0.0120975
0.0120782
0.0120581
0.0120385
0.012057
0.0122453
0.0129853
0.0150484
0.00428376
0.00441248
0.0148269
0.0128567
0.0123952
0.0123114
0.0122991
0.0122964
0.0122884
0.01228
0.0122713
0.0122565
0.0122361
0.0122137
0.012191
0.0121684
0.0121819
0.0123585
0.0130757
0.0151405
0.00430786
0.00445161
0.0149061
0.0129717
0.0125408
0.0124585
0.012444
0.0124392
0.0124288
0.0124179
0.0124064
0.0123889
0.0123661
0.012342
0.0123186
0.0122946
0.0123041
0.0124685
0.01316
0.0152221
0.00433213
0.00448299
0.0149891
0.0130825
0.0126678
0.012586
0.0125713
0.0125648
0.012552
0.0125386
0.0125252
0.0125064
0.012483
0.0124594
0.0124373
0.0124136
0.0124202
0.0125716
0.0132323
0.0152839
0.0043563
0.00450189
0.0150601
0.0131926
0.0127772
0.0126909
0.0126756
0.0126679
0.0126535
0.0126387
0.0126249
0.0126066
0.0125846
0.0125635
0.0125448
0.0125232
0.0125277
0.0126644
0.0132869
0.0153139
0.00437989
0.0365072
0.0363125
0.03719
0.037949
0.0384598
0.0388024
0.0390769
0.0393306
0.0395796
0.0398289
0.0401255
0.0402714
0.0410984
0.0425065
0.0449527
0.0491913
0.0565488
0.0694556
0.0922806
0.135499
0.0359656
0.0344137
0.0347313
0.0351783
0.0354688
0.0356202
0.0357586
0.0359617
0.0362529
0.0366427
0.0371508
0.0377579
0.0388073
0.040502
0.043224
0.0476718
0.0552515
0.06854
0.0919491
0.135728
0.0358697
0.0330253
0.0328711
0.0331514
0.0334094
0.0335452
0.0336673
0.0338703
0.0341737
0.0345762
0.035089
0.0357893
0.0369549
0.0387606
0.0415329
0.0459307
0.0534009
0.0667406
0.0906411
0.135889
0.0361408
0.0320429
0.0314347
0.0315787
0.031863
0.0320298
0.0321479
0.0323298
0.0326102
0.0329871
0.0334713
0.0342117
0.0354417
0.0372934
0.0400342
0.0442553
0.0513956
0.064509
0.0887767
0.135971
0.0367214
0.0313987
0.0303243
0.0303059
0.0306279
0.0308406
0.0309523
0.031097
0.0313402
0.0316849
0.0321437
0.0329173
0.0341904
0.0360665
0.0387609
0.0427818
0.0494858
0.062151
0.0866138
0.135953
0.0375625
0.0310457
0.0294889
0.029252
0.0295932
0.0298623
0.029972
0.0300836
0.0302925
0.0306065
0.0310396
0.0318352
0.0331352
0.0350338
0.0376939
0.0415321
0.0477785
0.0598495
0.0843206
0.135859
0.0386228
0.030944
0.0288964
0.0283784
0.0287025
0.0290325
0.029151
0.0292349
0.0294157
0.0297086
0.030104
0.03091
0.0322346
0.0341538
0.0368048
0.0405028
0.0463215
0.057707
0.0820117
0.135699
0.0398667
0.0310622
0.0285254
0.0276634
0.0279209
0.0283124
0.028453
0.0285162
0.0286723
0.0289508
0.0293258
0.0301198
0.0314528
0.0333951
0.0360576
0.039661
0.0451114
0.0557745
0.0797549
0.135471
0.0412606
0.0313681
0.0283609
0.0271001
0.0272285
0.0276741
0.0278533
0.0279084
0.0280398
0.0282955
0.0286565
0.0294443
0.0307764
0.0327358
0.0354196
0.0389795
0.0441221
0.0540784
0.077596
0.135191
0.0427778
0.0318324
0.028385
0.0266849
0.0266185
0.0271027
0.027335
0.0273927
0.0275165
0.027757
0.028095
0.0288655
0.030186
0.0321576
0.0348715
0.0384175
0.0433235
0.0526097
0.0755522
0.134866
0.0443934
0.0324297
0.0285831
0.0264187
0.0260869
0.02658
0.026884
0.0269533
0.0270681
0.0272983
0.0276232
0.0283774
0.0296711
0.0316481
0.0343981
0.037953
0.0426864
0.051353
0.0736426
0.134501
0.0460872
0.033136
0.0289371
0.0262992
0.0256383
0.0261014
0.0264808
0.0265803
0.0267001
0.0269252
0.0272332
0.0279654
0.0292265
0.0311959
0.0339821
0.0375688
0.0421764
0.050287
0.0718717
0.1341
0.0478398
0.0339273
0.0294313
0.0263259
0.0252751
0.0256604
0.026121
0.0262648
0.0263811
0.0265893
0.0269025
0.027613
0.0288451
0.0307942
0.0336166
0.037248
0.0417728
0.0493915
0.0702382
0.133664
0.0496381
0.0347827
0.0300437
0.0264935
0.0250075
0.0252579
0.025791
0.0259913
0.0261181
0.0263311
0.0266318
0.0273219
0.0285126
0.0304395
0.0332924
0.0369758
0.041454
0.048643
0.0687363
0.133199
0.0514666
0.0356835
0.030758
0.0267923
0.0248379
0.0248892
0.0254861
0.0257434
0.025875
0.0260827
0.0264111
0.027086
0.0282261
0.0301242
0.0330037
0.0367428
0.0412013
0.0480171
0.0673493
0.132709
0.0533139
0.0366108
0.0315563
0.0272138
0.024774
0.0245611
0.0252022
0.0255329
0.025688
0.0259015
0.026232
0.0268934
0.0279818
0.0298417
0.0327461
0.0365464
0.0410049
0.0474974
0.0660738
0.132194
0.0551695
0.03755
0.0324202
0.0277485
0.0248149
0.0242789
0.0249334
0.0253441
0.0255232
0.0257619
0.0260818
0.0267313
0.027771
0.0295881
0.0325158
0.0363785
0.0408505
0.0470661
0.0649048
0.131657
0.0570253
0.0384885
0.0333327
0.0283819
0.0249625
0.024049
0.0246805
0.0251728
0.0253746
0.0256338
0.0259608
0.026597
0.0275896
0.0293634
0.0323118
0.0362344
0.0407307
0.0467091
0.0638255
0.131096
0.0588737
0.0394144
0.0342782
0.0291028
0.0252134
0.0238756
0.0244414
0.0250108
0.0252504
0.0255274
0.0258598
0.0264892
0.0274344
0.0291618
0.0321281
0.0361109
0.0406414
0.0464152
0.0628224
0.130517
0.0607069
0.0403188
0.0352423
0.0298959
0.0255649
0.0237651
0.0242154
0.0248582
0.025128
0.0254042
0.0257647
0.0264009
0.0273019
0.0289806
0.0319611
0.0360036
0.0405751
0.0461725
0.0618917
0.129921
0.0625181
0.0411916
0.0362104
0.0307484
0.0260098
0.0237204
0.0240069
0.0247159
0.0250141
0.0253207
0.0256797
0.0263256
0.0271887
0.0288186
0.03181
0.0359106
0.0405277
0.0459749
0.0610287
0.129307
0.064303
0.0420292
0.0371722
0.0316461
0.0265415
0.0237456
0.0238157
0.0245811
0.0249107
0.025247
0.0256052
0.0262627
0.0270922
0.0286713
0.0316728
0.0358309
0.040498
0.0458172
0.060222
0.128673
0.0660552
0.0428245
0.038116
0.0325767
0.027151
0.0238416
0.0236466
0.0244586
0.0248106
0.0251394
0.0255262
0.0262109
0.0270086
0.0285369
0.0315481
0.0357624
0.0404832
0.0456925
0.0594629
0.128023
0.067769
0.0435757
0.0390327
0.0335272
0.0278289
0.0240093
0.023504
0.0243436
0.0247231
0.0250353
0.0254448
0.0261649
0.0269358
0.0284152
0.0314342
0.0357034
0.0404802
0.0455956
0.0587483
0.127356
0.0694408
0.0442806
0.0399153
0.0344856
0.0285679
0.0242494
0.023389
0.0242321
0.0246336
0.024924
0.0253556
0.0261204
0.026873
0.0283034
0.0313293
0.0356536
0.040488
0.045524
0.0580741
0.126672
0.0710658
0.0449357
0.0407563
0.0354389
0.0293558
0.024559
0.0233049
0.0241277
0.0245368
0.0248147
0.0252441
0.0260768
0.0268181
0.0281997
0.0312331
0.0356119
0.0405049
0.0454745
0.0574372
0.125972
0.0726431
0.0455372
0.0415512
0.0363771
0.0301833
0.0249349
0.0232542
0.0240263
0.0244343
0.0246835
0.0251165
0.0260326
0.0267686
0.0281037
0.0311445
0.0355765
0.0405297
0.0454456
0.0568363
0.125255
0.0741508
0.0461108
0.0422957
0.0372925
0.031041
0.0253756
0.0232402
0.0239267
0.0243191
0.0245159
0.0249775
0.0259841
0.0267241
0.0280144
0.0310614
0.0355469
0.0405628
0.0454353
0.056267
0.124521
0.0755892
0.0466513
0.0429872
0.0381748
0.0319169
0.0258766
0.0232651
0.0238311
0.0241872
0.024339
0.0248167
0.0259305
0.0266839
0.0279301
0.0309831
0.035524
0.0406034
0.0454404
0.0557252
0.123772
0.0769613
0.0471517
0.0436251
0.0390171
0.0328012
0.0264306
0.0233294
0.0237376
0.0240335
0.0241239
0.0246334
0.025872
0.0266464
0.02785
0.0309103
0.0355066
0.040649
0.0454593
0.0552129
0.123008
0.0782666
0.0476043
0.0442071
0.0398145
0.0336837
0.0270312
0.0234343
0.0236452
0.0238604
0.0238861
0.0244344
0.025806
0.0266103
0.0277749
0.0308425
0.0354927
0.0406993
0.0454927
0.0547318
0.122229
0.0795064
0.0480048
0.0447346
0.040561
0.0345527
0.0276715
0.0235796
0.0235542
0.0236743
0.0236783
0.0242148
0.0257316
0.0265766
0.0277052
0.0307781
0.0354824
0.0407558
0.0455396
0.0542794
0.121435
0.0806819
0.0483517
0.045209
0.0412523
0.0353995
0.0283428
0.0237623
0.0234625
0.023466
0.0234385
0.0239743
0.0256514
0.0265462
0.02764
0.0307174
0.0354769
0.0408175
0.0455974
0.0538556
0.120627
0.0817918
0.0486454
0.0456259
0.0418914
0.0362166
0.0290348
0.0239796
0.0233706
0.0232302
0.023146
0.0237252
0.0255669
0.0265181
0.0275793
0.0306612
0.0354757
0.040883
0.0456655
0.0534641
0.119805
0.0828346
0.0488895
0.0459859
0.0424767
0.0369944
0.0297384
0.0242295
0.0232802
0.0229732
0.0228749
0.0234769
0.0254779
0.0264912
0.0275239
0.03061
0.0354782
0.0409518
0.0457438
0.0531061
0.118968
0.083808
0.0490894
0.0462915
0.0430002
0.0377335
0.0304462
0.0245083
0.0231905
0.0226902
0.0226035
0.0232387
0.025386
0.0264661
0.0274753
0.0305642
0.0354845
0.0410242
0.0458311
0.0527809
0.118116
0.0847093
0.0492518
0.0465433
0.0434536
0.0384437
0.0311511
0.0248109
0.0231031
0.0223758
0.0222693
0.0230252
0.0252942
0.0264438
0.0274341
0.0305239
0.0354947
0.0411
0.0459262
0.0524912
0.117251
0.08554
0.0493793
0.0467416
0.043841
0.0391112
0.0318627
0.0251353
0.0230252
0.0220459
0.0218742
0.0228436
0.0252066
0.026425
0.0274002
0.0304893
0.0355096
0.0411794
0.0460289
0.0522395
0.116372
0.086302
0.0494718
0.0468885
0.0441637
0.0396991
0.0326454
0.0254509
0.0229692
0.021735
0.0214003
0.0226933
0.0251272
0.0264091
0.0273738
0.030462
0.0355306
0.0412625
0.0461376
0.0520253
0.115478
0.0869952
0.0495313
0.0469868
0.0444214
0.0402099
0.0334296
0.0258858
0.0229374
0.0214879
0.0208497
0.022576
0.0250577
0.0263956
0.0273571
0.0304446
0.0355577
0.041348
0.0462508
0.0518486
0.114571
0.0876224
0.0495596
0.0470367
0.044615
0.0406438
0.0341589
0.0265252
0.0229183
0.0213186
0.0203319
0.0224944
0.0249994
0.0263859
0.0273519
0.0304375
0.0355904
0.0414359
0.0463685
0.0517123
0.113651
0.0881913
0.0495509
0.0470381
0.0447464
0.0409993
0.0348209
0.0272262
0.0231329
0.0212911
0.0200139
0.022453
0.0249581
0.0263825
0.0273589
0.0304411
0.0356297
0.0415275
0.0464908
0.0516178
0.112717
0.0887055
0.0494999
0.0469923
0.0448167
0.0412754
0.0354065
0.0279527
0.0234857
0.0214334
0.0206985
0.0224825
0.0249139
0.0263873
0.0273864
0.030464
0.0356783
0.0416221
0.0466146
0.0515609
0.111769
0.0891657
0.0494055
0.0469006
0.0448268
0.0414741
0.0359094
0.0286674
0.0239488
0.0217318
0.0212177
0.0225642
0.0249024
0.0264002
0.0274172
0.0304957
0.0357361
0.0417234
0.0467425
0.0515805
0.110795
0.089578
0.0492605
0.0467639
0.0447794
0.041598
0.0363238
0.0293394
0.0244794
0.0221421
0.0217389
0.0226812
0.0249207
0.0264221
0.0274522
0.0305362
0.0358031
0.0418319
0.0468753
0.0516047
0.109828
0.0899468
0.0490604
0.0465831
0.0446767
0.0416483
0.0366472
0.0299478
0.0250379
0.0226207
0.0222511
0.0228151
0.0249663
0.0264536
0.0274917
0.0305858
0.0358801
0.0419485
0.0470133
0.0516327
0.108869
0.0902752
0.0488
0.0463592
0.04452
0.0416274
0.0368813
0.030479
0.0255901
0.0231265
0.0227119
0.0229547
0.0250373
0.026494
0.0275358
0.0306454
0.0359681
0.0420736
0.0471557
0.051664
0.107917
0.0905646
0.0484759
0.0460932
0.0443113
0.0415392
0.037028
0.0309226
0.0261086
0.0236257
0.0231357
0.0230972
0.0251317
0.0265423
0.0275853
0.0307155
0.0360668
0.0422062
0.047302
0.0516986
0.106973
0.0908157
0.0480869
0.045787
0.0440535
0.0413865
0.0370888
0.0312732
0.0265731
0.0240938
0.0235317
0.0232375
0.0252476
0.0265977
0.0276401
0.0307954
0.0361753
0.0423461
0.0474527
0.051737
0.106036
0.090998
0.0477019
0.0454397
0.0437476
0.041171
0.0370671
0.0315299
0.0269696
0.0245116
0.0238608
0.0233694
0.0253832
0.0266582
0.0276995
0.0308847
0.0362934
0.0424931
0.0476075
0.0517787
0.105107
0.0911194
0.0473094
0.0450533
0.043394
0.0408956
0.0369679
0.0316934
0.0272876
0.0248635
0.0241075
0.0234956
0.0255353
0.026721
0.0277632
0.0309836
0.0364211
0.0426468
0.0477658
0.0518234
0.104184
0.0911879
0.0468953
0.0446321
0.0429948
0.0405641
0.0367949
0.0317644
0.0275205
0.0251396
0.0243081
0.0236222
0.0256998
0.0267837
0.0278314
0.0310916
0.0365573
0.0428062
0.0479273
0.0518711
0.103267
0.091213
0.0464455
0.0441829
0.0425513
0.0401781
0.0365505
0.0317449
0.0276659
0.0253359
0.0244672
0.023747
0.0258722
0.0268454
0.0279039
0.0312075
0.0367008
0.0429709
0.0480918
0.0519212
0.102354
0.0912085
0.0459519
0.0437064
0.0420637
0.0397377
0.0362372
0.0316388
0.0277244
0.0254515
0.0245142
0.0238623
0.026047
0.0269052
0.0279807
0.0313304
0.0368506
0.0431398
0.0482582
0.0519726
0.101445
0.0911942
0.0454057
0.0431902
0.0415382
0.039244
0.0358582
0.0314494
0.0276982
0.0254886
0.0244232
0.0239728
0.0262177
0.0269613
0.0280618
0.0314596
0.0370056
0.0433117
0.0484253
0.052025
0.100539
0.0911958
0.0447963
0.0426208
0.0409834
0.0386964
0.035415
0.031179
0.0275905
0.0254523
0.0243494
0.0241074
0.0263806
0.0270128
0.0281464
0.0315933
0.0371637
0.043485
0.0485925
0.0520785
0.0996348
0.0912471
0.0441106
0.0419959
0.0403952
0.0380973
0.0349095
0.0308307
0.0274045
0.0253409
0.0243154
0.0242726
0.0265338
0.0270609
0.0282342
0.0317297
0.0373234
0.0436587
0.0487596
0.0521332
0.0987326
0.0913885
0.0433412
0.0413173
0.0397513
0.037463
0.0343443
0.0304096
0.0271451
0.0251502
0.0238823
0.0244169
0.02667
0.0271062
0.0283247
0.0318678
0.0374835
0.0438321
0.0489258
0.0521884
0.0978314
0.0916687
0.0424797
0.0405887
0.0390444
0.0367929
0.0337229
0.0299214
0.0268218
0.024898
0.0231891
0.0245493
0.0267902
0.0271504
0.0284177
0.0320059
0.0376424
0.0440037
0.0490904
0.0522441
0.0969315
0.0921428
0.0415111
0.0398129
0.0382808
0.0360844
0.0330479
0.0293718
0.0264401
0.0245835
0.0221614
0.0246804
0.0268987
0.0271966
0.0285133
0.0321432
0.0377988
0.0441727
0.0492531
0.0523006
0.0960335
0.0928155
0.0405493
0.0389946
0.0374766
0.0353339
0.0323261
0.0287711
0.0260081
0.0242058
0.0211044
0.0248252
0.0269981
0.0272446
0.0286106
0.0322789
0.0379525
0.0443389
0.0494138
0.052358
0.0951375
0.0935689
0.0399666
0.0381611
0.0366498
0.0345349
0.0315703
0.0281352
0.0255376
0.0237847
0.0207469
0.0250193
0.0270937
0.0272942
0.028709
0.032413
0.0381037
0.0445025
0.0495723
0.0524158
0.0942439
0.0944017
0.0397959
0.0373918
0.0358341
0.0337099
0.0308014
0.027486
0.0250425
0.0233315
0.0207522
0.0252347
0.0271878
0.0273471
0.0288094
0.032546
0.038252
0.0446625
0.0497278
0.0524743
0.0933535
0.0953131
0.0400637
0.0367219
0.0350615
0.0329078
0.0300495
0.0268557
0.0245507
0.0228795
0.0208573
0.0254492
0.0272817
0.0274046
0.0289121
0.0326774
0.0383964
0.0448183
0.0498806
0.0525338
0.0924679
0.0963007
0.0407631
0.0362088
0.0343669
0.0321654
0.0293508
0.0262825
0.0240998
0.0224787
0.0210686
0.0256705
0.0273784
0.0274658
0.0290158
0.0328063
0.0385371
0.0449708
0.0500315
0.052595
0.0915879
0.0973585
0.0418631
0.03591
0.033792
0.0315221
0.0287449
0.0258049
0.0237277
0.0221735
0.0213929
0.0259111
0.0274787
0.027528
0.0291193
0.0329334
0.0386756
0.0451213
0.0501809
0.0526572
0.0907141
0.0984795
0.0433184
0.0358714
0.0333769
0.0310151
0.0282697
0.025458
0.0234714
0.0220035
0.0217988
0.0261719
0.0275809
0.0275896
0.0292234
0.0330607
0.0388134
0.0452701
0.0503279
0.0527202
0.0898478
0.0996578
0.0450739
0.0361193
0.0331542
0.0306739
0.0279543
0.0252683
0.0233639
0.022004
0.022263
0.0264485
0.0276829
0.0276507
0.0293302
0.0331898
0.0389506
0.0454163
0.0504724
0.0527848
0.0889909
0.100889
0.0470679
0.0366577
0.0331453
0.0305176
0.0278161
0.02525
0.023426
0.0221909
0.0227777
0.0267403
0.0277839
0.0277116
0.0294404
0.0333205
0.039087
0.0455603
0.0506154
0.0528521
0.0881451
0.102166
0.0492378
0.0374716
0.0333584
0.0305541
0.0278601
0.0254043
0.0236609
0.0225548
0.023349
0.02705
0.0278821
0.027771
0.0295535
0.0334532
0.0392236
0.0457037
0.0507582
0.0529225
0.0873115
0.103481
0.0515254
0.0385313
0.0337882
0.0307797
0.0280801
0.025721
0.0240563
0.0230708
0.023979
0.0273762
0.0279723
0.0278272
0.0296704
0.0335896
0.0393628
0.0458481
0.0509012
0.0529954
0.0864907
0.104824
0.0538793
0.0397965
0.0344165
0.0311807
0.0284603
0.0261814
0.0245898
0.0237089
0.0246558
0.0277108
0.0280486
0.0278806
0.0297934
0.0337322
0.039506
0.0459938
0.0510438
0.0530707
0.0856838
0.106191
0.0562538
0.0412201
0.035215
0.0317347
0.028978
0.0267612
0.0252337
0.0244368
0.0253575
0.028044
0.0281068
0.0279338
0.0299248
0.0338822
0.0396537
0.0461408
0.0511863
0.0531488
0.0848921
0.107574
0.058607
0.0427527
0.0361488
0.0324141
0.0296062
0.027433
0.0259581
0.0252215
0.0260674
0.028369
0.0281448
0.0279893
0.0300656
0.0340397
0.0398061
0.04629
0.0513298
0.0532302
0.0841168
0.108965
0.0609032
0.044346
0.03718
0.0331878
0.0303162
0.0281695
0.0267341
0.0260342
0.0267769
0.028679
0.02816
0.0280486
0.0302158
0.034205
0.0399647
0.046443
0.0514754
0.0533149
0.0833581
0.110358
0.0631139
0.0459549
0.0382694
0.0340237
0.0310794
0.0289447
0.0275356
0.0268516
0.0274764
0.028964
0.0281495
0.0281136
0.0303761
0.0343796
0.0401311
0.0466009
0.051623
0.0534025
0.0826167
0.111746
0.065216
0.0475381
0.0393789
0.0348907
0.0318693
0.0297349
0.0283396
0.0276541
0.0281495
0.0292123
0.028113
0.0281875
0.0305481
0.0345649
0.0403064
0.046764
0.0517725
0.0534932
0.0818932
0.113124
0.0671899
0.0490585
0.0404736
0.0357599
0.0326613
0.0305187
0.0291261
0.0284242
0.0287808
0.0294154
0.0280541
0.0282747
0.0307329
0.0347613
0.0404905
0.046932
0.0519242
0.0535876
0.0811879
0.114488
0.0690189
0.0504839
0.0415225
0.0366053
0.0334333
0.031277
0.0298786
0.0291483
0.0293657
0.0295688
0.0279791
0.0283785
0.0309305
0.0349682
0.0406828
0.0471049
0.0520784
0.0536859
0.0805003
0.115832
0.0706898
0.0517876
0.0424987
0.0374041
0.0341666
0.0319949
0.0305853
0.0298191
0.0299043
0.0296683
0.027896
0.0285012
0.0311399
0.0351844
0.0408827
0.0472824
0.0522351
0.0537878
0.0798297
0.117153
0.0721922
0.052947
0.0433802
0.0381379
0.0348467
0.0326616
0.0312382
0.0304314
0.0303868
0.0297094
0.0278144
0.0286438
0.0313595
0.035409
0.0410896
0.0474642
0.052394
0.053893
0.0791756
0.11845
0.0735173
0.053944
0.0441504
0.0387934
0.0354635
0.0332695
0.0318308
0.0309782
0.0307953
0.0296905
0.0277447
0.0288064
0.0315878
0.035641
0.0413029
0.04765
0.0525549
0.0540019
0.0785378
0.119719
0.0746575
0.0547653
0.0447986
0.0393617
0.0360099
0.0338123
0.0323572
0.0314525
0.0311235
0.0296126
0.0276962
0.0289881
0.0318237
0.0358798
0.0415223
0.0478396
0.0527181
0.0541151
0.0779162
0.120962
0.0756053
0.0554019
0.0453184
0.0398375
0.0364812
0.0342861
0.0328143
0.0318532
0.0313888
0.0294795
0.0276758
0.0291872
0.0320661
0.0361248
0.041747
0.0480327
0.0528838
0.0542331
0.0773102
0.122179
0.0763522
0.0558485
0.0457082
0.0402187
0.0368757
0.0346899
0.033203
0.0321855
0.0316192
0.0293015
0.0276899
0.0294014
0.0323138
0.0363749
0.0419762
0.0482287
0.0530518
0.054356
0.0767191
0.12337
0.0768879
0.0561043
0.0459705
0.0405072
0.0371953
0.0350256
0.0335261
0.0324555
0.0318156
0.0290961
0.0277435
0.0296276
0.032565
0.0366286
0.0422085
0.0484266
0.0532218
0.0544837
0.0761422
0.124532
0.0772023
0.056174
0.0461131
0.0407087
0.0374441
0.0352964
0.0337859
0.0326635
0.0319462
0.0288832
0.0278375
0.0298619
0.0328177
0.0368845
0.0424428
0.0486262
0.0533937
0.0546163
0.0755791
0.125666
0.0772881
0.0560686
0.0461472
0.0408309
0.0376272
0.0355048
0.0339831
0.0328062
0.0319804
0.0286806
0.0279676
0.0301001
0.0330703
0.0371417
0.0426791
0.0488275
0.0535677
0.0547539
0.0750296
0.126767
0.0771396
0.0558039
0.0460859
0.0408821
0.0377495
0.0356531
0.0341189
0.0328838
0.0319455
0.0285057
0.0281264
0.0303387
0.0333223
0.0374006
0.042918
0.0490311
0.0537439
0.0548965
0.0744938
0.127834
0.0767566
0.0553999
0.0459428
0.040871
0.0378165
0.0357449
0.0341967
0.0329029
0.0319304
0.0283635
0.0283065
0.0305763
0.033574
0.0376616
0.0431595
0.0492369
0.0539223
0.0550446
0.0739721
0.128862
0.0761372
0.0548773
0.0457325
0.0408078
0.0378353
0.0357854
0.034221
0.0328708
0.0318933
0.028229
0.0285007
0.0308131
0.0338266
0.0379249
0.0434034
0.0494446
0.0541031
0.0551987
0.0734654
0.129838
0.0753028
0.0542656
0.0454705
0.0407032
0.0378135
0.0357799
0.0341961
0.0327903
0.0316702
0.0280907
0.028703
0.0310485
0.03408
0.0381906
0.0436501
0.049655
0.0542873
0.0553597
0.0729744
0.130747
0.0742935
0.0535962
0.0451717
0.0405674
0.0377579
0.0357329
0.0341236
0.0326585
0.0314387
0.0280086
0.0289133
0.0312826
0.034334
0.0384586
0.0439003
0.0498693
0.0544761
0.0555284
0.0724997
0.131579
0.0731577
0.0528968
0.0448491
0.040409
0.0376744
0.0356478
0.0340027
0.0324587
0.0310049
0.028001
0.0291313
0.031517
0.0345899
0.0387303
0.0441554
0.0500888
0.0546701
0.0557047
0.0720419
0.132335
0.0719369
0.0521878
0.0445134
0.0402356
0.0375689
0.0355303
0.033837
0.0321849
0.0301249
0.0280199
0.0293518
0.0317523
0.0348495
0.0390078
0.0444173
0.0503147
0.0548697
0.0558886
0.0716012
0.133032
0.0706451
0.0514768
0.0441731
0.0400537
0.0374474
0.0353882
0.0336374
0.0318703
0.0294216
0.0280806
0.0295745
0.0319896
0.0351142
0.0392926
0.0446873
0.0505478
0.0550754
0.0560801
0.0711786
0.133684
0.0693068
0.050773
0.0438356
0.0398695
0.0373156
0.0352286
0.0334125
0.0315342
0.0290484
0.0281929
0.0298028
0.0322315
0.0353861
0.0395862
0.0449665
0.0507891
0.0552881
0.0562801
0.070775
0.134303
0.0679598
0.0500852
0.0435061
0.0396882
0.0371792
0.0350602
0.0331721
0.0311814
0.0286234
0.0283286
0.0300368
0.0324802
0.0356671
0.0398903
0.0452568
0.0510407
0.0555094
0.0564894
0.070391
0.134899
0.0666535
0.0494212
0.0431879
0.039513
0.037043
0.0348923
0.0329321
0.0308426
0.0282646
0.0285053
0.0302795
0.0327379
0.0359592
0.0402072
0.0455607
0.0513048
0.055741
0.0567083
0.0700267
0.135482
0.0654446
0.0487878
0.0428823
0.039346
0.0369105
0.0347332
0.0327083
0.0305524
0.0281912
0.0287383
0.0305339
0.033007
0.0362651
0.0405397
0.0458809
0.0515838
0.0559842
0.0569372
0.0696821
0.136058
0.0643931
0.0481924
0.04259
0.0391889
0.0367858
0.0345912
0.0325177
0.0303457
0.028311
0.0290077
0.0308
0.0332899
0.036588
0.040891
0.0462203
0.0518794
0.0562397
0.0571761
0.0693569
0.136632
0.0635591
0.047646
0.0423115
0.0390429
0.0366728
0.0344741
0.0323756
0.0302484
0.0285683
0.0293008
0.031079
0.0335896
0.0369311
0.0412641
0.0465809
0.0521933
0.0565087
0.0574252
0.0690506
0.137207
0.0629976
0.0471637
0.0420481
0.0389087
0.0365742
0.0343869
0.0322914
0.0302622
0.0288832
0.0296091
0.0313726
0.0339092
0.0372975
0.0416615
0.0469649
0.052527
0.0567922
0.0576851
0.0687624
0.137783
0.0627523
0.0467662
0.0418024
0.0387862
0.0364917
0.0343321
0.0322679
0.0303709
0.0292174
0.0299303
0.0316837
0.0342522
0.0376904
0.0420859
0.0473746
0.0528825
0.0570918
0.0579563
0.068491
0.138362
0.0628511
0.0464798
0.0415795
0.0386756
0.0364264
0.0343106
0.0323035
0.030554
0.0295706
0.0302666
0.0320152
0.0346218
0.038113
0.0425404
0.0478126
0.0532623
0.057409
0.0582389
0.0682345
0.138942
0.0633065
0.0463357
0.0413893
0.038579
0.0363796
0.034322
0.0323936
0.0307944
0.0299469
0.0306199
0.03237
0.0350217
0.0385692
0.0430287
0.0482823
0.0536686
0.057745
0.0585327
0.0679907
0.139521
0.064118
0.0463691
0.0412477
0.0385014
0.0363537
0.0343656
0.0325319
0.0310773
0.0303395
0.0309902
0.0327513
0.035456
0.0390634
0.043555
0.048787
0.0541037
0.0581007
0.0588371
0.0677571
0.140095
0.0652737
0.0466158
0.0411773
0.0384514
0.0363521
0.0344404
0.0327109
0.0313897
0.0307386
0.0313781
0.0331636
0.0359303
0.0396011
0.0441239
0.04933
0.0545696
0.0584769
0.0591517
0.0675311
0.140662
0.0667525
0.0471084
0.0412068
0.0384418
0.0363797
0.0345458
0.0329238
0.0317219
0.0311424
0.0317869
0.0336124
0.0364507
0.0401878
0.0447396
0.0499144
0.0550682
0.0588747
0.0594767
0.0673104
0.141219
0.0685255
0.0478736
0.0413697
0.0384906
0.0364445
0.0346834
0.0331662
0.0320701
0.031557
0.0322226
0.0341043
0.0370236
0.0408291
0.0454067
0.0505435
0.055602
0.0592956
0.0598121
0.0670919
0.141763
0.0705596
0.0489299
0.0417034
0.0386222
0.0365593
0.0348588
0.0334389
0.0324372
0.0319897
0.0326919
0.0346473
0.0376566
0.0415314
0.0461303
0.0512213
0.0561739
0.0597413
0.0601579
0.0668725
0.142289
0.0728204
0.0502874
0.0422461
0.0388674
0.0367436
0.0350836
0.0337488
0.0328313
0.0324478
0.0332038
0.0352514
0.0383586
0.0423022
0.0469165
0.0519525
0.056787
0.060213
0.0605131
0.0666484
0.142791
0.0752744
0.0519484
0.043035
0.039263
0.0370235
0.035376
0.0341091
0.0332643
0.032942
0.0337725
0.03593
0.039141
0.0431505
0.0477724
0.0527421
0.0574441
0.0607114
0.0608765
0.0664159
0.143266
0.0778895
0.0539077
0.0441027
0.0398497
0.0374325
0.035761
0.0345396
0.0337541
0.0334916
0.0344189
0.0367006
0.0400171
0.0440868
0.0487055
0.0535948
0.0581475
0.0612366
0.0612462
0.0661712
0.143708
0.0806349
0.0561537
0.0454757
0.0406696
0.0380097
0.036271
0.0350675
0.0343264
0.0341278
0.0351704
0.0375831
0.041002
0.0451219
0.049723
0.054515
0.058899
0.0617887
0.0616208
0.0659109
0.144111
0.0834814
0.0586705
0.0471727
0.041764
0.0387986
0.0369447
0.0357277
0.0350168
0.0348892
0.0360571
0.0385995
0.0421113
0.0462669
0.0508326
0.0555071
0.0597009
0.0623679
0.0619986
0.0656315
0.144468
0.0864022
0.0614388
0.0492047
0.0431697
0.0398444
0.0378269
0.036563
0.0358681
0.0358165
0.0371104
0.0397723
0.0433613
0.0475333
0.0520419
0.0565758
0.0605552
0.0629742
0.0623776
0.0653287
0.144769
0.0893735
0.0644371
0.0515743
0.0449173
0.0411914
0.0389656
0.0376219
0.0369282
0.0369514
0.0383621
0.0411254
0.0447694
0.0489335
0.0533589
0.0577259
0.0614639
0.0636066
0.0627541
0.0649976
0.145007
0.0923742
0.0676422
0.0542765
0.0470293
0.0428804
0.0404098
0.0389561
0.0382472
0.0383359
0.0398456
0.0426844
0.0463544
0.0504803
0.0547922
0.0589616
0.0624273
0.0642624
0.0631227
0.0646321
0.145172
0.0953838
0.0710285
0.0572991
0.0495194
0.044946
0.0422066
0.0406178
0.0398759
0.0400141
0.0415964
0.0444766
0.0481358
0.0521871
0.0563493
0.0602855
0.0634439
0.0649366
0.0634761
0.0642259
0.145254
0.0983816
0.0745692
0.0606235
0.052392
0.0474149
0.0443971
0.0426549
0.0418625
0.0420292
0.0436501
0.0465286
0.0501325
0.0540658
0.0580358
0.061698
0.0645097
0.0656219
0.0638055
0.0637719
0.14524
0.101346
0.0782361
0.0642255
0.0556422
0.0503034
0.0470131
0.0451073
0.0442483
0.0444197
0.0460382
0.0488637
0.0523601
0.0561251
0.0598546
0.0631964
0.0656177
0.0663086
0.0641
0.0632618
0.145112
0.104254
0.0819999
0.068076
0.0592541
0.0536145
0.0500729
0.0480017
0.0470625
0.0472129
0.0487833
0.0514986
0.0548288
0.0583689
0.0618038
0.0647738
0.066757
0.0669834
0.0643458
0.0626847
0.144849
0.107077
0.0858286
0.0721395
0.0631998
0.0573352
0.0535774
0.051348
0.0503178
0.0504204
0.051895
0.0544399
0.0575406
0.0607943
0.0638754
0.0664176
0.0679112
0.0676276
0.0645239
0.0620266
0.144425
0.109781
0.089684
0.0763733
0.0674379
0.061434
0.0575073
0.0551357
0.054008
0.0540362
0.0553667
0.0576801
0.0604861
0.0633879
0.0660515
0.0681055
0.0690546
0.0682139
0.0646085
0.0612693
0.143809
0.112321
0.0935171
0.0807248
0.0719137
0.0658602
0.061821
0.059332
0.0581047
0.0580322
0.059171
0.061194
0.0636401
0.0661224
0.0683012
0.0698025
0.0701492
0.0687039
0.064565
0.0603898
0.14296
0.114645
0.0972647
0.085128
0.0765584
0.0705451
0.0664542
0.0638786
0.0625539
0.0623562
0.0632575
0.0649337
0.0669564
0.0689507
0.070574
0.0714549
0.0711401
0.0690451
0.064348
0.0593596
0.14182
0.116694
0.100849
0.0894989
0.0812859
0.075401
0.0713191
0.0686894
0.0672717
0.0669255
0.0675474
0.0688249
0.0703626
0.0717991
0.0727939
0.072985
0.0719506
0.0691668
0.0638991
0.0581431
0.140306
0.118397
0.104175
0.0937312
0.0859862
0.0803154
0.0763008
0.0736475
0.0721399
0.0716238
0.0719291
0.0727599
0.0737519
0.0745593
0.0748504
0.0742825
0.0724759
0.0689758
0.0631434
0.0566963
0.138289
0.119655
0.107128
0.0976907
0.0905161
0.0851416
0.0812488
0.0785991
0.0770023
0.0762944
0.0762501
0.0765878
0.076972
0.0770757
0.0765866
0.075195
0.0725754
0.0683501
0.0619854
0.0549635
0.135574
0.120304
0.109551
0.101203
0.0946881
0.0896852
0.0859656
0.0833439
0.0816582
0.0807361
0.0803066
0.0800996
0.0798064
0.0791272
0.0777839
0.0755158
0.0720627
0.0671314
0.0603028
0.0528743
0.131863
0.120077
0.111202
0.104028
0.0982492
0.0936844
0.0901851
0.0876153
0.08584
0.0846786
0.0838186
0.0829998
0.0819464
0.0804026
0.0781437
0.0749715
0.0706978
0.0651179
0.0579402
0.0503405
0.126761
0.118528
0.111672
0.105781
0.10083
0.0967725
0.0935407
0.0910457
0.0891786
0.087739
0.0863736
0.08485
0.0829467
0.0804734
0.0772731
0.0732154
0.0681824
0.0620594
0.0547045
0.0472539
0.141881
0.117305
0.110511
0.105705
0.101665
0.0982249
0.0953419
0.0929628
0.0910019
0.0892287
0.0872783
0.0849786
0.0821856
0.0787861
0.0746931
0.0698384
0.0641674
0.0576592
0.0503641
0.0434893
0.0445614
0.096473
0.101222
0.100659
0.0987705
0.0965471
0.0943292
0.0922258
0.0902256
0.0881057
0.0855749
0.0825379
0.0789348
0.0747271
0.0698887
0.0644029
0.058273
0.0515839
0.0446488
0.0389161
0.0166142
0.0898675
0.0892948
0.0914404
0.0917099
0.0909233
0.0895688
0.0878716
0.0858938
0.0834589
0.0804354
0.0767976
0.0725571
0.0677396
0.062369
0.0564719
0.0501085
0.0434849
0.0372605
0.0333637
0.00928104
0.0234357
0.0762695
0.0784867
0.0805423
0.0811314
0.0806632
0.0794081
0.0774749
0.0747602
0.0713322
0.067212
0.062482
0.0572363
0.0515571
0.0455196
0.039247
0.0330712
0.0279954
0.0267194
0.0165644
0.00918599
0.0202321
0.0627735
0.065352
0.0671965
0.0675363
0.0666366
0.0646499
0.0615265
0.0575229
0.0527757
0.0475431
0.0420423
0.0364258
0.0308178
0.0254114
0.0205863
0.0173723
0.0199155
0.00835785
0.0193387
0.010574
0.0250385
0.0987222
0.0510095
0.0510454
0.049113
0.0456447
0.040722
0.035307
0.0300052
0.0251214
0.0207316
0.0168452
0.0135803
0.0112918
0.0101586
0.00969186
0.0177117
0.00665005
0.00534384
0.0059199
0.0108863
0.00557848
0.00872268
0.0118574
0.0418195
0.0133106
0.00762165
0.00579223
0.00493413
0.00437347
0.00397034
0.00391205
0.00470841
0.00644292
0.007917
0.00742391
0.0166853
0.0068881
0.00513512
0.00392899
0.00333392
0.00308339
0.0030132
0.00301678
0.00384823
0.00372388
0.00381755
0.00414193
0.00434104
0.00487766
0.00730666
0.00260719
0.00420375
0.00644957
0.00778333
0.00728771
0.0165176
0.00715595
0.00545113
0.00414644
0.00346459
0.00315146
0.00298233
0.0028395
0.00270417
0.00259939
0.0024931
0.00246555
0.00254361
0.00325456
0.0061769
0.00255125
0.00426558
0.00675707
0.00776571
0.00659481
0.0173438
0.00738125
0.00573277
0.00434355
0.00358148
0.00322856
0.00304584
0.00289775
0.00277602
0.00266806
0.00257007
0.00248681
0.00249134
0.00309588
0.00601429
0.00255614
0.00442501
0.00722423
0.00777074
0.00846159
0.0181239
0.00757416
0.00596596
0.00450242
0.00366996
0.00328081
0.00308235
0.00293055
0.00281059
0.00269819
0.00259143
0.00249268
0.00246647
0.00299375
0.00586159
0.00264686
0.00474015
0.00776326
0.0095429
0.0105638
0.0188119
0.00773698
0.00615217
0.00462742
0.00374057
0.00332533
0.00311668
0.0029677
0.00284406
0.00272458
0.0026077
0.00249911
0.00246022
0.00293511
0.00578074
0.00286567
0.00525374
0.00855973
0.0103817
0.0126291
0.0194105
0.00787781
0.00630282
0.00472806
0.00380243
0.00336772
0.00315183
0.00300253
0.00287121
0.00274393
0.00261912
0.00250411
0.00246255
0.00291744
0.00579248
0.00318434
0.0059636
0.00929496
0.010917
0.0141869
0.0198827
0.00800534
0.00643447
0.0048165
0.00385851
0.00340705
0.00318386
0.00302911
0.00288968
0.00275601
0.00262834
0.00251252
0.00247407
0.00293588
0.00591582
0.00361694
0.00699114
0.0098515
0.0118153
0.0152879
0.0202039
0.0081325
0.00656165
0.00489511
0.00390802
0.00344039
0.00320725
0.00304775
0.00290429
0.00276868
0.00264266
0.00253276
0.0025003
0.00297933
0.00627125
0.00425505
0.00760003
0.0102554
0.0124992
0.0160309
0.0203599
0.00826737
0.00668425
0.00496325
0.00394894
0.00346562
0.00322423
0.0030616
0.00292115
0.00279142
0.00267129
0.00256872
0.0025516
0.00307942
0.00628688
0.0186108
0.00798199
0.0105144
0.0129429
0.0164435
0.0203387
0.00840582
0.00679809
0.00502068
0.00398039
0.0034867
0.00324216
0.00308222
0.00294852
0.00282898
0.00271737
0.00261962
0.00259555
0.00303346
0.00570789
0.0162147
0.00806891
0.010832
0.0132623
0.016566
0.0201432
0.00853998
0.00690018
0.00507098
0.00400895
0.00351047
0.00326743
0.00311445
0.00299015
0.00287903
0.00277386
0.00267757
0.00263197
0.00292262
0.00488934
0.0130609
0.00755243
0.0108593
0.0133325
0.016443
0.0197919
0.00867003
0.0069979
0.00512629
0.00404586
0.00354502
0.00330611
0.00316012
0.00304339
0.00293619
0.00283295
0.00273396
0.00266446
0.00280707
0.00405601
0.00970681
0.00627812
0.00981756
0.0125497
0.0160093
0.0193638
0.00880363
0.00710899
0.00519646
0.00409657
0.00359255
0.00335666
0.003214
0.00310016
0.0029944
0.00289071
0.0027884
0.00270162
0.00272788
0.00335771
0.00652024
0.0175053
0.00698948
0.00919822
0.0152368
0.018879
0.008957
0.00724763
0.00528737
0.00416364
0.0036508
0.00341245
0.00326916
0.00315481
0.00304889
0.00294592
0.00284278
0.00274878
0.00270773
0.00294111
0.0043229
0.00883352
0.00340384
0.00427464
0.014302
0.0185494
0.00913784
0.00740987
0.00539134
0.00423904
0.00371186
0.00346645
0.00332047
0.00320676
0.00310279
0.00300346
0.00290293
0.00280776
0.00273917
0.00279054
0.00334707
0.00525438
0.00800438
0.00285984
0.0141169
0.0192383
0.00934185
0.00758254
0.00549325
0.0043081
0.00376666
0.00351499
0.0033673
0.00325662
0.003158
0.00306457
0.00296953
0.00287626
0.00279956
0.00278442
0.00304922
0.00444679
0.00849581
0.0224718
0.0157442
0.0200659
0.00954817
0.00773476
0.00557735
0.00436279
0.00381026
0.00355677
0.00341228
0.00330888
0.00321779
0.00312943
0.00303888
0.00294801
0.00286917
0.00282874
0.0029577
0.00401653
0.0101198
0.0333175
0.0156577
0.0202951
0.00972931
0.00784727
0.00563978
0.00440273
0.00384441
0.00359469
0.0034576
0.00336269
0.00327955
0.00319594
0.00310644
0.00301586
0.00293662
0.00288707
0.00293164
0.00352841
0.00815776
0.033239
0.0124909
0.0185971
0.0098681
0.00792331
0.00568598
0.00443613
0.00387646
0.00363182
0.00350345
0.00341501
0.00333665
0.00325658
0.00316737
0.00307671
0.00299842
0.00294767
0.00295066
0.00322106
0.00593715
0.0268891
0.0108765
0.0150482
0.00998154
0.00798328
0.00572917
0.00447029
0.0039111
0.00366924
0.00354555
0.00346149
0.00338513
0.00330606
0.00321925
0.00313204
0.00305831
0.00301128
0.00299935
0.00308434
0.00448163
0.0188533
0.00851522
0.0131433
)
;

boundaryField
{
    wall
    {
        type            compressible::alphatJayatillekeWallFunction;
        Prt             0.85;
        value           uniform 0;
    }
    inlet
    {
        type            calculated;
        value           uniform 0.189515;
    }
    outlet
    {
        type            calculated;
        value           nonuniform List<scalar> 
20
(
0.108422
0.0616509
8.06525
8.06525
8.06525
8.06525
8.06525
8.06525
8.06525
8.06525
8.06525
8.06525
0.0605942
0.0594287
0.0580854
0.057266
0.0569267
0.0567156
0.0563544
0.0793048
)
;
    }
    heatWall
    {
        type            compressible::alphatJayatillekeWallFunction;
        Prt             0.85;
        value           nonuniform List<scalar> 
840
(
0.000158309
0.000157321
0.000156285
0.000155226
0.000154138
0.000153027
0.000151905
0.00015078
0.000149661
0.000148555
0.000147468
0.000146404
0.000145364
0.000144349
0.000143355
0.000142379
0.000141417
0.000140465
0.000139521
0.000138587
0.000137668
0.000136662
0.000135613
0.000134553
0.000133257
0.000132062
0.000130943
0.000129876
0.000128838
0.000127812
0.000126783
0.000125742
0.000124683
0.000123608
0.000122521
0.000121431
0.00012035
0.000119289
0.00011826
0.000117273
0.000116332
0.000115437
0.000114583
0.000113759
0.000112952
0.000112147
0.000111331
0.000110493
0.000109627
0.000108738
0.000143549
7.59043e-05
5.4108e-05
3.5557e-05
1.96539e-05
5.96113e-06
4.65328e-11
5.39728e-11
6.91499e-11
8.99377e-11
1.15223e-10
1.42149e-10
1.81473e-10
2.26784e-10
2.73768e-10
3.18225e-10
3.54442e-10
3.62494e-10
3.51068e-10
3.38144e-10
3.07816e-10
2.69177e-10
2.35164e-10
2.07809e-10
1.84576e-10
1.67184e-10
1.58576e-10
1.59139e-10
1.64016e-10
1.67306e-10
1.55671e-10
1.67632e-10
2.12494e-10
2.40999e-10
2.25734e-10
2.39188e-10
2.69654e-10
2.54473e-10
2.07949e-10
1.77725e-10
1.74437e-10
1.85478e-10
2.0451e-10
2.27719e-10
2.51598e-10
2.81997e-10
3.12341e-10
3.48198e-10
3.81563e-10
4.08329e-10
4.26883e-10
4.38078e-10
4.41977e-10
4.4012e-10
4.32413e-10
4.19138e-10
4.0021e-10
3.76786e-10
3.51155e-10
3.23586e-10
2.942e-10
2.67001e-10
2.43896e-10
2.22371e-10
1.9905e-10
1.73355e-10
1.46742e-10
1.1957e-10
9.1459e-11
6.26675e-11
3.46227e-11
4.26232e-06
8.62833e-06
1.15638e-05
1.38756e-05
1.5571e-05
1.71124e-05
1.85596e-05
1.99131e-05
2.11639e-05
2.23734e-05
2.35789e-05
2.48242e-05
2.61376e-05
2.75317e-05
2.9011e-05
3.05648e-05
3.21551e-05
3.37225e-05
3.52073e-05
3.65686e-05
3.77911e-05
3.88828e-05
3.98618e-05
4.07425e-05
4.15308e-05
4.22306e-05
4.28543e-05
4.34312e-05
4.4008e-05
4.46378e-05
4.53629e-05
4.62017e-05
4.71386e-05
4.81236e-05
4.90847e-05
4.99505e-05
5.068e-05
5.12808e-05
5.18082e-05
5.23513e-05
5.29952e-05
5.37841e-05
5.47154e-05
5.57505e-05
5.68155e-05
5.78256e-05
5.87183e-05
5.9486e-05
6.01886e-05
6.09089e-05
6.1726e-05
6.26945e-05
6.38323e-05
6.51225e-05
6.6524e-05
6.79905e-05
6.94923e-05
7.10289e-05
7.26281e-05
7.43341e-05
7.61872e-05
7.82038e-05
8.03581e-05
8.20986e-05
8.32974e-05
8.43123e-05
8.53645e-05
8.64602e-05
8.75569e-05
8.86292e-05
8.96642e-05
9.06695e-05
9.16672e-05
9.26637e-05
9.36599e-05
9.46521e-05
9.56333e-05
9.65986e-05
9.75472e-05
9.84837e-05
9.94166e-05
0.000100357
0.000101314
0.000102294
0.000103298
0.00010432
0.000105352
0.000106379
0.000107386
0.00587013
0.00587103
0.00586893
0.00586392
0.00585587
0.00584531
0.00583263
0.00581799
0.00580176
0.00578419
0.00576546
0.00574569
0.00572499
0.00570352
0.00568134
0.0056585
0.00563505
0.00561102
0.00558645
0.00556137
0.00553578
0.00550967
0.00548306
0.00545595
0.00542833
0.00540019
0.00537153
0.00534232
0.00531258
0.00528231
0.00525149
0.00522014
0.00518824
0.00515581
0.00512283
0.0050893
0.00505523
0.00502063
0.00498548
0.00494981
0.00491362
0.0048769
0.00483967
0.00480207
0.00476477
0.00472772
0.00469084
0.0046541
0.00461743
0.00458079
0.00454413
0.0045074
0.00447058
0.00443363
0.00439654
0.00435929
0.0043219
0.00428437
0.00424671
0.00420896
0.00417115
0.00413332
0.00409551
0.00405777
0.00402013
0.00398261
0.00394525
0.00390809
0.00387115
0.00383448
0.00379808
0.00376199
0.00372622
0.00369082
0.00365581
0.00362121
0.00358706
0.00355338
0.00352019
0.0034875
0.00345533
0.0034237
0.00339263
0.00336211
0.00333215
0.00330276
0.00327394
0.00324569
0.00321803
0.00319097
0.00316454
0.00313875
0.00311364
0.00308922
0.00306554
0.0030426
0.00302046
0.00299912
0.00297862
0.00295898
0.00294021
0.00292231
0.0029053
0.00288916
0.00287387
0.0028594
0.0028457
0.00283274
0.00282043
0.00280872
0.0027975
0.00278668
0.00277615
0.00276578
0.00275544
0.00274497
0.00273419
0.00272289
0.00271085
0.0026978
0.00268342
0.00266736
0.00264915
0.00262825
0.00260397
0.00257545
0.00254161
0.0025011
0.00245222
0.00239279
0.00232008
0.00223057
0.00211994
0.00198305
0.00181422
0.00160521
0.00130936
0.00107279
0.000975382
0.000938753
0.000939761
0.000957278
0.000966744
0.000967013
0.000958126
0.000939702
0.000911702
0.000874579
0.000829194
0.000776609
0.000718055
0.000654419
0.000586945
0.000518427
0.000449571
0.000385096
0.000329191
0.000274717
0.000223857
0.00018105
0.00488441
0.00487084
0.00486653
0.00485609
0.00484486
0.00483818
0.00484006
0.0048534
0.00487957
0.00491425
0.00494111
0.00493921
0.00490314
0.00484749
0.00478809
0.00473025
0.00467507
0.00462249
0.00457221
0.00452374
0.00447645
0.0044295
0.0043819
0.00433253
0.00428015
0.00424139
0.00422444
0.00423591
0.00428254
0.00436809
0.00449015
0.00463734
0.00478554
0.0049002
0.00495579
0.00495526
0.00492283
0.00488547
0.00486368
0.00486948
0.0049089
0.0049848
0.00509562
0.0052413
0.005418
0.00559997
0.00574631
0.00583775
0.00587434
0.00587664
3.95268e-05
4.08666e-05
4.19481e-05
4.31147e-05
4.42071e-05
4.51739e-05
4.6005e-05
4.67368e-05
4.74308e-05
4.81033e-05
4.87155e-05
4.92022e-05
4.95138e-05
4.96546e-05
4.96913e-05
4.9705e-05
4.97543e-05
4.98547e-05
4.99666e-05
5.00508e-05
5.00687e-05
5.00205e-05
4.99403e-05
4.9883e-05
4.98952e-05
5.00013e-05
5.02033e-05
5.05037e-05
5.09003e-05
5.138e-05
5.19167e-05
5.24697e-05
5.29951e-05
5.34574e-05
5.38447e-05
5.42086e-05
5.46223e-05
5.5142e-05
5.57769e-05
5.64894e-05
5.72046e-05
5.78557e-05
5.83943e-05
5.88332e-05
5.92149e-05
5.95799e-05
5.99251e-05
6.02387e-05
6.04699e-05
6.05798e-05
6.05696e-05
6.05183e-05
6.05067e-05
6.05911e-05
6.07681e-05
6.09975e-05
6.12168e-05
6.13873e-05
6.15078e-05
6.16219e-05
6.17841e-05
6.20295e-05
6.23623e-05
6.27623e-05
6.32059e-05
6.36991e-05
6.427e-05
6.49601e-05
6.5786e-05
6.67296e-05
6.77322e-05
6.8722e-05
6.96549e-05
7.05469e-05
7.14874e-05
7.26051e-05
7.40209e-05
7.57932e-05
7.78937e-05
8.01799e-05
8.16671e-05
8.23978e-05
8.27596e-05
8.30293e-05
8.32246e-05
8.34568e-05
8.3733e-05
8.40448e-05
8.43741e-05
8.47236e-05
8.51008e-05
8.55435e-05
8.60923e-05
8.67631e-05
8.75266e-05
8.83122e-05
8.9033e-05
8.96204e-05
9.00489e-05
9.03432e-05
9.05646e-05
9.0788e-05
9.10712e-05
9.14344e-05
9.18672e-05
9.23301e-05
9.27774e-05
9.31815e-05
9.35421e-05
9.38689e-05
9.41912e-05
9.45352e-05
9.48955e-05
9.52456e-05
9.5554e-05
9.58047e-05
9.6008e-05
9.62019e-05
9.64284e-05
9.67253e-05
9.71094e-05
9.75844e-05
9.81322e-05
9.87041e-05
9.92397e-05
9.96872e-05
0.000100019
0.00010024
0.000100382
0.000100494
0.000100629
0.000100824
0.000101083
0.000101396
0.000101737
0.000102067
0.000102349
0.000102561
0.000102701
0.000102791
0.000102881
0.000103005
0.000103186
0.000103427
0.000103709
0.000104001
0.000104288
0.000104538
0.000104727
0.000104849
0.000104919
0.000104971
0.000105059
0.000105242
0.00010557
0.000106081
0.000106798
0.000107708
0.000108756
0.000109868
0.000158155
0.000156803
0.000155507
0.000154335
0.000153258
0.000152258
0.000151325
0.000150441
0.000149588
0.000148748
0.000147902
0.000147037
0.000146141
0.000145209
0.00014424
0.00014324
0.000142216
0.000141181
0.000140146
0.000139123
0.00013812
0.000137044
0.000135759
0.000134537
0.000133382
0.000132285
0.000131228
0.000130194
0.00012917
0.000128145
0.00012711
0.000126045
0.000124951
0.00012384
0.000122726
0.000121623
0.000120543
0.000119495
0.000118482
0.000117511
0.000116593
0.000115739
0.000114953
0.000114236
0.000113581
0.000112978
0.000112406
0.000111829
0.000111182
0.000110371
0.00359316
0.00355776
0.00352321
0.00348752
0.00345076
0.00341296
0.00337421
0.00333464
0.00329443
0.00325374
0.00321273
0.00317154
0.00313029
0.00308903
0.00304782
0.00300666
0.00296552
0.00292433
0.00288301
0.00284148
0.00279962
0.00275731
0.00271446
0.00267095
0.00262672
0.00258173
0.00253594
0.00248939
0.00244211
0.00239421
0.00234584
0.00229724
0.00224868
0.00220048
0.00215289
0.00210611
0.00206031
0.00201582
0.00197326
0.00193348
0.00189742
0.00186569
0.00183839
0.00181473
0.00179262
0.00177017
0.00172182
0.00169511
0.00168633
0.00168943
0.00170573
0.0017286
0.00176307
0.00180672
0.00185786
0.00191503
0.00197697
0.0020426
0.00211096
0.00218129
0.00225289
0.0023252
0.00239771
0.00247005
0.00254184
0.00261279
0.00268262
0.00275114
0.00281813
0.00288341
0.00294681
0.00300819
0.00306741
0.00312434
0.00317888
0.0032309
0.00328032
0.00332691
0.00337072
0.0034118
0.0034502
0.00348596
0.00351915
0.00354981
0.00357806
0.003604
0.00362776
0.00364951
0.00366943
0.00368768
0.00370446
0.00371997
0.0037344
0.00374796
0.00376082
0.0037732
0.00378531
0.00379738
0.00380968
0.00382215
0.00383523
0.00384938
0.00386511
0.00388299
0.00390364
0.00392767
0.00395562
0.00398791
0.00402474
0.0040659
0.00411089
0.00415828
0.00420785
0.0042594
0.00431269
0.00436744
0.00442336
0.00448021
0.00453772
0.00459563
0.00465368
0.00471162
0.00476922
0.0048263
0.00488266
0.00493814
0.00499258
0.00504587
0.00509792
0.00514863
0.00519794
0.00524577
0.0052921
0.00533688
0.00538007
0.00542161
0.00546143
0.00549948
0.0055357
0.0055701
0.00560268
0.00563352
0.00566282
0.00569092
0.00571819
0.00574492
0.00577135
0.00579763
0.00582388
0.00585018
0.00587654
0.00590296
0.00592939
0.00595576
0.00598198
0.00600794
0.00603352
0.00605859
0.006083
0.00610663
0.00612931
0.0061509
0.00617121
0.00619007
0.00620726
0.00622256
0.0062357
0.0062464
0.0062543
0.00625902
0.00626008
0.00625691
0.00624876
0.0062347
0.00621358
0.00618387
0.0061435
0.00608963
0.00601807
0.00592242
0.00579213
0.00560771
0.00532106
0.00449624
0.000971389
0.000370158
0.000199428
7.18542e-05
2.4615e-05
1.19464e-05
1.37167e-05
1.60658e-05
1.79961e-05
1.95647e-05
2.08539e-05
2.19693e-05
2.3003e-05
2.40299e-05
2.50745e-05
2.61013e-05
2.70709e-05
2.79988e-05
2.89474e-05
3.00108e-05
3.12388e-05
3.26209e-05
3.40633e-05
3.54354e-05
3.66401e-05
3.76835e-05
)
;
    }
}


// ************************************************************************* //
