/*--------------------------------*- C++ -*----------------------------------*\
  =========                 |
  \\      /  F ield         | OpenFOAM: The Open Source CFD Toolbox
   \\    /   O peration     | Website:  https://openfoam.org
    \\  /    A nd           | Version:  8
     \\/     M anipulation  |
\*---------------------------------------------------------------------------*/
FoamFile
{
    version     2.0;
    format      ascii;
    class       volScalarField;
    location    "900";
    object      alphat;
}
// * * * * * * * * * * * * * * * * * * * * * * * * * * * * * * * * * * * * * //

dimensions      [1 -1 -1 0 0 0 0];

internalField   nonuniform List<scalar> 
8400
(
0.124719
0.123314
0.121919
0.12053
0.119147
0.117768
0.116394
0.115024
0.113659
0.112299
0.110945
0.109597
0.108256
0.106922
0.105597
0.104281
0.102975
0.101678
0.100392
0.0991166
0.0978519
0.0965985
0.0953566
0.0941265
0.0929084
0.0917024
0.0905087
0.0893277
0.0881597
0.0870048
0.0858634
0.0847355
0.0836214
0.0825214
0.0814361
0.0803658
0.0793111
0.0782722
0.0772497
0.0762442
0.0752565
0.0742873
0.0733375
0.0724079
0.0714996
0.0706136
0.0697512
0.0689139
0.0681033
0.0673211
0.0577327
0.0577441
0.0577557
0.0577678
0.0577804
0.0577937
0.0578078
0.0578228
0.0578386
0.0578551
0.0578722
0.0578899
0.0579082
0.057927
0.0579464
0.0579663
0.0579866
0.0580073
0.0580283
0.0580495
0.0580711
0.0580929
0.0581149
0.0581372
0.0581596
0.0581821
0.0582046
0.0582272
0.0582501
0.0582732
0.0582963
0.0583193
0.0583421
0.0583649
0.0583877
0.0584104
0.0584328
0.0584548
0.0584762
0.0584972
0.0585177
0.0585376
0.0585567
0.058575
0.058592
0.0586073
0.0586207
0.0586319
0.0586399
0.0586437
0.0582613
0.0582792
0.058297
0.0583148
0.0583328
0.058351
0.0583696
0.0583885
0.0584078
0.0584274
0.0584471
0.058467
0.058487
0.0585073
0.0585279
0.0585486
0.0585694
0.0585903
0.0586112
0.0586321
0.0586532
0.0586743
0.0586956
0.0587168
0.0587378
0.0587588
0.0587797
0.0588008
0.0588221
0.0588435
0.0588648
0.058886
0.0589072
0.0589283
0.0589494
0.0589705
0.0589912
0.0590116
0.0590319
0.059052
0.0590718
0.0590913
0.0591104
0.059129
0.0591467
0.0591636
0.0591793
0.0591934
0.0592054
0.0592149
0.0584326
0.0584535
0.0584741
0.0584944
0.0585147
0.0585349
0.0585552
0.0585756
0.058596
0.0586163
0.0586366
0.0586568
0.0586771
0.0586974
0.0587179
0.0587384
0.0587588
0.0587792
0.0587996
0.0588201
0.0588407
0.0588613
0.0588821
0.0589026
0.0589231
0.0589434
0.0589639
0.0589847
0.0590058
0.0590272
0.0590486
0.0590699
0.0590914
0.0591131
0.0591348
0.0591566
0.0591783
0.0592002
0.0592223
0.0592447
0.0592672
0.0592899
0.0593125
0.0593351
0.0593578
0.0593807
0.0594033
0.0594251
0.0594465
0.0594669
0.0582456
0.0582743
0.0583025
0.05833
0.058357
0.0583835
0.0584096
0.0584352
0.0584604
0.0584851
0.0585095
0.0585336
0.0585575
0.0585813
0.0586051
0.0586287
0.0586521
0.0586754
0.0586987
0.0587221
0.0587456
0.0587692
0.0587927
0.058816
0.0588391
0.0588623
0.0588858
0.0589098
0.0589343
0.058959
0.0589838
0.0590088
0.059034
0.0590595
0.0590851
0.0591109
0.0591371
0.0591639
0.0591914
0.0592193
0.0592477
0.0592765
0.0593059
0.0593359
0.0593668
0.0593987
0.0594318
0.0594649
0.0594987
0.0595326
0.0577811
0.0578235
0.0578655
0.0579064
0.057946
0.0579843
0.0580213
0.0580571
0.0580917
0.0581252
0.0581578
0.0581899
0.0582214
0.0582526
0.0582834
0.0583137
0.0583436
0.0583734
0.0584032
0.0584332
0.0584633
0.0584933
0.058523
0.0585523
0.0585816
0.0586111
0.0586412
0.058672
0.0587034
0.0587349
0.0587665
0.0587985
0.0588308
0.0588635
0.0588965
0.0589301
0.0589645
0.059
0.0590362
0.0590731
0.0591107
0.0591492
0.0591888
0.0592299
0.0592726
0.0593163
0.0593611
0.0594072
0.0594539
0.0595018
0.0570974
0.0571437
0.0571934
0.057245
0.0572971
0.057349
0.0574
0.0574498
0.0574983
0.0575455
0.0575916
0.057637
0.0576815
0.0577253
0.0577684
0.0578107
0.0578525
0.0578942
0.0579359
0.0579778
0.0580196
0.058061
0.0581018
0.0581422
0.0581825
0.0582235
0.0582654
0.058308
0.0583509
0.0583938
0.058437
0.0584806
0.0585248
0.0585695
0.0586148
0.0586612
0.0587089
0.0587577
0.0588075
0.0588582
0.05891
0.0589632
0.0590182
0.0590749
0.0591329
0.0591924
0.0592526
0.0593145
0.0593748
0.0594377
0.0567325
0.0566852
0.0566567
0.056648
0.0566558
0.0566764
0.0567064
0.0567433
0.0567854
0.0568312
0.0568801
0.0569313
0.0569843
0.0570382
0.0570926
0.0571476
0.0572032
0.0572598
0.0573173
0.0573755
0.0574337
0.0574913
0.0575483
0.057605
0.0576623
0.0577209
0.0577808
0.0578412
0.0579016
0.0579618
0.0580224
0.0580839
0.0581464
0.0582098
0.0582742
0.0583398
0.0584065
0.0584741
0.0585425
0.058612
0.0586834
0.0587573
0.0588335
0.0589104
0.0589876
0.059065
0.0591425
0.0592236
0.0593006
0.0593786
0.0580004
0.0577304
0.0574881
0.0572858
0.0571212
0.0569896
0.0568862
0.0568068
0.0567482
0.056708
0.0566841
0.056674
0.0566755
0.0566863
0.0567051
0.0567315
0.0567654
0.0568068
0.0568549
0.0569079
0.0569638
0.0570209
0.057079
0.0571396
0.0572044
0.0572741
0.0573473
0.0574215
0.0574948
0.0575679
0.0576429
0.0577215
0.0578035
0.0578875
0.0579724
0.058058
0.0581439
0.0582301
0.0583172
0.0584071
0.0585009
0.0585983
0.0586948
0.0587864
0.0588811
0.0589758
0.0590687
0.0591673
0.0592632
0.0593513
0.0603117
0.0600414
0.059788
0.0595459
0.0593174
0.0591037
0.0589033
0.0587158
0.0585431
0.0583875
0.0582512
0.0581316
0.0580237
0.0579235
0.0578297
0.0577448
0.0576732
0.057619
0.0575831
0.0575607
0.0575429
0.0575229
0.0575026
0.0574918
0.057501
0.057532
0.0575745
0.0576137
0.0576426
0.0576695
0.0577107
0.0577735
0.0578502
0.0579282
0.0580034
0.0580789
0.0581537
0.0582257
0.0583015
0.0583913
0.0584953
0.0586046
0.0587064
0.0587939
0.058889
0.0589858
0.0590843
0.0591879
0.0593072
0.0593921
0.0611285
0.0610157
0.0609113
0.0608114
0.0607141
0.060618
0.0605224
0.0604261
0.0603294
0.0602342
0.0601422
0.0600548
0.059971
0.0598878
0.0598029
0.0597159
0.0596286
0.059544
0.0594645
0.0593899
0.0593172
0.0592428
0.0591669
0.0590943
0.0590311
0.0589796
0.0589353
0.0588908
0.0588425
0.0587954
0.0587591
0.0587374
0.0587257
0.0587173
0.0587115
0.0587119
0.0587195
0.0587327
0.0587555
0.0587939
0.0588461
0.0589073
0.0589693
0.059032
0.0590955
0.0591645
0.0592502
0.0593279
0.0594135
0.0594848
0.0611872
0.0611358
0.061085
0.0610344
0.060984
0.0609335
0.0608828
0.0608318
0.0607806
0.0607297
0.0606798
0.0606306
0.0605819
0.060533
0.0604838
0.0604343
0.060385
0.0603364
0.0602886
0.0602413
0.060194
0.0601463
0.060099
0.0600532
0.0600095
0.0599673
0.0599252
0.0598821
0.0598389
0.0597976
0.0597599
0.0597253
0.0596919
0.0596586
0.0596264
0.0595965
0.0595697
0.0595471
0.0595293
0.0595162
0.0595068
0.0595029
0.0595034
0.0595141
0.0595293
0.0595501
0.0595827
0.0596154
0.059663
0.0597055
0.0612039
0.0611709
0.0611381
0.0611052
0.0610724
0.0610393
0.0610062
0.0609728
0.0609393
0.0609059
0.0608726
0.0608395
0.0608065
0.0607734
0.0607403
0.0607073
0.0606743
0.0606414
0.0606087
0.0605761
0.0605433
0.0605106
0.0604783
0.0604466
0.0604154
0.060384
0.0603521
0.0603198
0.0602879
0.0602574
0.0602283
0.0601999
0.060171
0.0601413
0.060112
0.0600842
0.0600583
0.0600345
0.0600121
0.0599901
0.059969
0.0599502
0.0599341
0.0599253
0.0599193
0.0599156
0.0599175
0.0599234
0.0599296
0.0599459
0.061213
0.0611894
0.0611658
0.061142
0.061118
0.0610937
0.0610692
0.0610446
0.0610198
0.0609951
0.0609703
0.0609456
0.0609208
0.060896
0.0608712
0.0608465
0.0608218
0.0607971
0.0607723
0.0607475
0.0607226
0.0606979
0.0606735
0.0606494
0.0606251
0.0606003
0.0605749
0.0605496
0.0605249
0.0605013
0.0604782
0.0604547
0.0604302
0.0604053
0.060381
0.0603579
0.060336
0.0603148
0.0602937
0.0602721
0.0602511
0.0602317
0.060214
0.0601996
0.0601865
0.060173
0.0601614
0.0601576
0.0601559
0.0601562
0.0612167
0.061197
0.0611773
0.0611576
0.0611377
0.0611178
0.0610977
0.0610776
0.0610576
0.0610375
0.0610174
0.0609974
0.0609773
0.0609573
0.0609373
0.0609174
0.0608976
0.0608777
0.0608578
0.0608377
0.0608177
0.0607981
0.0607787
0.0607593
0.0607395
0.0607193
0.0606989
0.060679
0.0606598
0.0606411
0.0606223
0.0606027
0.0605825
0.0605626
0.0605434
0.0605251
0.060507
0.060489
0.0604706
0.0604523
0.060435
0.0604184
0.0604021
0.0603875
0.0603744
0.0603603
0.0603496
0.0603372
0.0603286
0.0603232
0.0612212
0.0612064
0.0611915
0.0611764
0.0611612
0.0611458
0.0611304
0.061115
0.0610995
0.061084
0.0610684
0.0610527
0.061037
0.0610213
0.0610056
0.06099
0.0609744
0.0609586
0.0609427
0.0609267
0.0609107
0.060895
0.0608794
0.0608635
0.0608473
0.0608308
0.0608143
0.0607983
0.0607826
0.0607669
0.0607507
0.060734
0.0607172
0.0607008
0.0606847
0.0606687
0.0606525
0.0606361
0.0606199
0.0606036
0.0605876
0.060571
0.0605538
0.0605383
0.0605237
0.0605059
0.0604916
0.0604789
0.0604665
0.0604544
0.0612212
0.0612062
0.0611912
0.0611761
0.061161
0.0611459
0.0611308
0.0611157
0.0611007
0.0610856
0.0610705
0.0610553
0.0610402
0.0610251
0.0610102
0.0609953
0.0609804
0.0609654
0.0609502
0.0609351
0.0609202
0.0609055
0.0608908
0.060876
0.0608608
0.0608457
0.0608309
0.0608165
0.0608021
0.0607877
0.0607728
0.060758
0.0607434
0.0607292
0.0607151
0.0607009
0.0606867
0.0606728
0.0606589
0.0606452
0.0606322
0.0606193
0.0606065
0.0605941
0.0605825
0.0605734
0.0605634
0.0605553
0.060549
0.0605449
0.0612256
0.0612156
0.0612056
0.0611955
0.0611854
0.0611752
0.0611651
0.061155
0.0611449
0.0611347
0.0611245
0.0611142
0.061104
0.0610938
0.0610837
0.0610735
0.0610632
0.0610529
0.0610424
0.061032
0.0610217
0.0610115
0.0610011
0.0609907
0.0609802
0.0609698
0.0609596
0.0609495
0.0609393
0.060929
0.0609187
0.0609085
0.0608985
0.0608885
0.0608784
0.0608681
0.0608578
0.0608474
0.0608369
0.0608274
0.0608184
0.0608079
0.0607972
0.0607882
0.0607788
0.0607701
0.0607611
0.0607529
0.0607456
0.0607388
0.0612381
0.0612398
0.0612409
0.0612414
0.0612413
0.0612408
0.0612399
0.0612385
0.0612365
0.061234
0.0612309
0.0612274
0.0612236
0.0612194
0.0612146
0.0612089
0.0612023
0.0611945
0.0611955
0.0611989
0.0611993
0.0611952
0.0611878
0.0611824
0.0611789
0.0611788
0.0611828
0.0611897
0.0611971
0.061202
0.061202
0.0611956
0.0611813
0.0611581
0.0611414
0.0611292
0.0611204
0.0611142
0.0611092
0.0611042
0.061099
0.0610933
0.0610891
0.0610809
0.0610739
0.0610657
0.0610564
0.0610447
0.0610323
0.0610195
0.146516
0.144963
0.143196
0.141431
0.139708
0.138034
0.136407
0.134822
0.133273
0.131755
0.130264
0.128792
0.127332
0.125878
0.124422
0.122964
0.121502
0.120039
0.118579
0.117137
0.115716
0.11432
0.112949
0.111603
0.110284
0.108987
0.10771
0.10645
0.105201
0.103961
0.102727
0.101497
0.100266
0.0990334
0.0977938
0.0965598
0.0953339
0.0941192
0.0929229
0.091753
0.0906104
0.0894987
0.0884322
0.0874058
0.0864321
0.0855134
0.0846583
0.0838732
0.0831674
0.0825567
0.27115
0.267818
0.264624
0.261556
0.258601
0.255742
0.252963
0.25026
0.24763
0.245069
0.242574
0.240145
0.237777
0.23547
0.233222
0.23103
0.228893
0.226809
0.224777
0.222795
0.220861
0.218974
0.217132
0.215334
0.213579
0.211865
0.210192
0.208557
0.206961
0.205402
0.203879
0.202391
0.200937
0.199517
0.198129
0.196773
0.195448
0.194154
0.19289
0.191651
0.190433
0.189233
0.188051
0.186883
0.185726
0.184577
0.183429
0.182271
0.181085
0.179833
0.269213
0.26306
0.25718
0.25155
0.246163
0.241011
0.236088
0.23138
0.226872
0.222553
0.21841
0.214435
0.210616
0.206945
0.203413
0.200014
0.196739
0.193581
0.190536
0.187595
0.184754
0.182008
0.179352
0.176781
0.174291
0.171878
0.169539
0.16727
0.165068
0.16293
0.160852
0.158832
0.156868
0.154955
0.153091
0.151273
0.149498
0.147763
0.146066
0.144408
0.142792
0.141217
0.139682
0.138183
0.13672
0.135291
0.133893
0.132524
0.131179
0.129855
0.269204
0.263028
0.257108
0.25144
0.246012
0.240813
0.235828
0.231047
0.226455
0.222043
0.2178
0.213717
0.209784
0.205993
0.202338
0.198811
0.195406
0.192115
0.188934
0.185858
0.18288
0.179996
0.177202
0.174494
0.171867
0.169318
0.166844
0.164442
0.162109
0.159841
0.157637
0.155494
0.153408
0.151379
0.149403
0.14748
0.145607
0.143781
0.142003
0.140269
0.138579
0.136932
0.135326
0.133759
0.132232
0.130743
0.129291
0.127876
0.126496
0.12515
0.269204
0.263073
0.257206
0.251589
0.246208
0.241048
0.236096
0.231338
0.226765
0.222366
0.218131
0.214051
0.210119
0.206327
0.202668
0.199135
0.195722
0.192423
0.189232
0.186145
0.183155
0.180259
0.177452
0.174731
0.17209
0.169528
0.16704
0.164624
0.162277
0.159996
0.157778
0.155621
0.153523
0.15148
0.149492
0.147556
0.14567
0.143832
0.142041
0.140295
0.138593
0.136933
0.135315
0.133737
0.132198
0.130697
0.129233
0.127806
0.126414
0.125057
0.269204
0.263074
0.257204
0.251581
0.246191
0.241021
0.236059
0.231293
0.226714
0.222309
0.218071
0.21399
0.210057
0.206266
0.202609
0.199079
0.195669
0.192373
0.189187
0.186104
0.183119
0.180228
0.177425
0.174709
0.172073
0.169515
0.167032
0.164621
0.162278
0.160001
0.157787
0.155634
0.153539
0.1515
0.149515
0.147582
0.145699
0.143864
0.142075
0.140331
0.138631
0.136972
0.135355
0.133777
0.132239
0.130737
0.129273
0.127844
0.126449
0.125088
0.269204
0.263077
0.257215
0.251601
0.246222
0.241064
0.236114
0.23136
0.226791
0.222397
0.218167
0.214094
0.210168
0.206382
0.20273
0.199203
0.195796
0.192503
0.189318
0.186235
0.18325
0.180359
0.177556
0.174838
0.172202
0.169642
0.167158
0.164744
0.162399
0.16012
0.157904
0.155748
0.153651
0.15161
0.149622
0.147686
0.1458
0.143961
0.142169
0.140422
0.138718
0.137055
0.135434
0.133852
0.132308
0.130801
0.129331
0.127895
0.126494
0.125125
0.269204
0.263078
0.257217
0.251604
0.246225
0.241066
0.236114
0.231357
0.226785
0.222388
0.218155
0.214078
0.210149
0.206361
0.202705
0.199177
0.195768
0.192473
0.189287
0.186204
0.183218
0.180326
0.177524
0.174806
0.172169
0.169611
0.167126
0.164714
0.162369
0.160091
0.157876
0.155721
0.153625
0.151584
0.149597
0.147662
0.145776
0.143939
0.142147
0.1404
0.138696
0.137034
0.135413
0.13383
0.132286
0.130778
0.129306
0.127868
0.126464
0.125091
0.269204
0.263078
0.257219
0.251607
0.24623
0.241073
0.236124
0.23137
0.226801
0.222407
0.218177
0.214103
0.210178
0.206392
0.20274
0.199214
0.195807
0.192515
0.18933
0.186248
0.183264
0.180373
0.177571
0.174854
0.172217
0.169659
0.167174
0.164761
0.162417
0.160138
0.157922
0.155766
0.153669
0.151627
0.149639
0.147702
0.145815
0.143975
0.142181
0.140432
0.138726
0.137061
0.135436
0.13385
0.132301
0.130789
0.129312
0.127869
0.126459
0.12508
0.269204
0.263079
0.257219
0.251608
0.246232
0.241075
0.236126
0.231372
0.226803
0.222407
0.218177
0.214102
0.210176
0.206389
0.202735
0.199208
0.1958
0.192506
0.18932
0.186237
0.183252
0.18036
0.177557
0.174839
0.172202
0.169643
0.167158
0.164744
0.162399
0.16012
0.157904
0.155748
0.15365
0.151608
0.149619
0.147682
0.145794
0.143954
0.14216
0.14041
0.138702
0.137036
0.13541
0.133822
0.132272
0.130757
0.129278
0.127831
0.126417
0.125034
0.269204
0.263079
0.257219
0.251609
0.246233
0.241076
0.236128
0.231374
0.226805
0.222411
0.218181
0.214107
0.210181
0.206395
0.202742
0.199215
0.195808
0.192515
0.18933
0.186247
0.183262
0.180371
0.177568
0.17485
0.172213
0.169653
0.167169
0.164755
0.16241
0.16013
0.157913
0.155757
0.153659
0.151616
0.149626
0.147688
0.145799
0.143957
0.142162
0.14041
0.138701
0.137033
0.135404
0.133814
0.132261
0.130743
0.129259
0.127808
0.126389
0.125001
0.269204
0.263079
0.257219
0.251609
0.246232
0.241076
0.236127
0.231374
0.226805
0.22241
0.218181
0.214107
0.210181
0.206395
0.202742
0.199215
0.195808
0.192515
0.189329
0.186247
0.183261
0.180369
0.177566
0.174848
0.172211
0.169651
0.167166
0.164752
0.162406
0.160126
0.157909
0.155752
0.153653
0.151609
0.149619
0.14768
0.14579
0.143947
0.14215
0.140397
0.138687
0.137017
0.135386
0.133793
0.132237
0.130716
0.129229
0.127774
0.12635
0.124957
0.269204
0.263079
0.257219
0.251608
0.246231
0.241075
0.236126
0.231372
0.226802
0.222407
0.218177
0.214102
0.210176
0.206389
0.202735
0.199208
0.1958
0.192506
0.189319
0.186236
0.18325
0.180357
0.177553
0.174834
0.172196
0.169636
0.16715
0.164736
0.16239
0.160109
0.157892
0.155734
0.153635
0.15159
0.149599
0.14766
0.145769
0.143926
0.142128
0.140374
0.138662
0.136991
0.135359
0.133764
0.132206
0.130682
0.129192
0.127734
0.126306
0.124909
0.269204
0.263078
0.257218
0.251607
0.24623
0.241073
0.236123
0.23137
0.226801
0.222406
0.218177
0.214103
0.210178
0.206392
0.20274
0.199214
0.195807
0.192513
0.189328
0.186245
0.18326
0.180367
0.177564
0.174845
0.172207
0.169647
0.167161
0.164747
0.1624
0.160119
0.157901
0.155743
0.153642
0.151597
0.149605
0.147664
0.145771
0.143927
0.142127
0.140371
0.138657
0.136984
0.135349
0.133751
0.132189
0.130662
0.129167
0.127704
0.126271
0.124868
0.269204
0.263078
0.257217
0.251604
0.246225
0.241065
0.236113
0.231357
0.226785
0.222387
0.218154
0.214078
0.210149
0.206361
0.202706
0.199177
0.195767
0.192472
0.189284
0.1862
0.183213
0.180319
0.177515
0.174795
0.172156
0.169596
0.16711
0.164695
0.162348
0.160067
0.157849
0.155691
0.15359
0.151545
0.149553
0.147612
0.14572
0.143875
0.142075
0.14032
0.138605
0.136931
0.135296
0.133697
0.132134
0.130605
0.129108
0.127643
0.126207
0.1248
0.269204
0.263077
0.257215
0.251601
0.246221
0.241063
0.236113
0.231359
0.22679
0.222396
0.218166
0.214093
0.210168
0.206382
0.20273
0.199203
0.195795
0.192501
0.189314
0.18623
0.183243
0.180349
0.177544
0.174824
0.172184
0.169623
0.167135
0.164719
0.162371
0.160088
0.157868
0.155708
0.153605
0.151558
0.149564
0.14762
0.145726
0.143878
0.142076
0.140317
0.1386
0.136923
0.135284
0.133681
0.132114
0.13058
0.129078
0.127606
0.126165
0.124751
0.269204
0.263074
0.257204
0.251581
0.246191
0.24102
0.236058
0.231292
0.226712
0.222308
0.21807
0.213989
0.210057
0.206266
0.202609
0.199078
0.195668
0.192371
0.189183
0.186098
0.183111
0.180217
0.177412
0.174693
0.172054
0.169494
0.167008
0.164593
0.162246
0.159965
0.157747
0.155588
0.153487
0.151442
0.149449
0.147507
0.145614
0.143768
0.141968
0.14021
0.138494
0.136818
0.13518
0.133577
0.13201
0.130476
0.128973
0.127501
0.126058
0.124642
0.269204
0.263073
0.257206
0.251589
0.246208
0.241047
0.236094
0.231337
0.226764
0.222364
0.21813
0.214051
0.210119
0.206327
0.202668
0.199135
0.195721
0.19242
0.189227
0.186137
0.183145
0.180246
0.177436
0.174712
0.172068
0.169503
0.167012
0.164592
0.162241
0.159955
0.157732
0.155569
0.153463
0.151414
0.149417
0.147471
0.145575
0.143726
0.141922
0.140162
0.138443
0.136765
0.135124
0.13352
0.131951
0.130416
0.128914
0.127443
0.126003
0.124593
0.269203
0.263028
0.257107
0.251439
0.246011
0.240811
0.235826
0.231045
0.226453
0.222041
0.217799
0.213716
0.209783
0.205993
0.202338
0.198811
0.195404
0.192113
0.18893
0.185852
0.182871
0.179985
0.177188
0.174478
0.171848
0.169298
0.166822
0.164418
0.162082
0.159813
0.157607
0.155461
0.153373
0.151342
0.149364
0.147438
0.145563
0.143735
0.141954
0.140218
0.138526
0.136876
0.135267
0.133697
0.132168
0.130677
0.129225
0.127814
0.126447
0.125129
0.269212
0.263057
0.257177
0.251546
0.246158
0.241006
0.236083
0.231375
0.226868
0.22255
0.218409
0.214434
0.210617
0.206948
0.203418
0.200019
0.196745
0.193589
0.190544
0.187604
0.184764
0.18202
0.179365
0.176797
0.174312
0.171905
0.169573
0.167313
0.165122
0.162997
0.160935
0.158935
0.156993
0.155109
0.153279
0.151503
0.14978
0.148108
0.146486
0.144913
0.143389
0.141915
0.140489
0.139114
0.13779
0.136521
0.135313
0.134175
0.133123
0.132192
0.271153
0.267819
0.264623
0.261554
0.258598
0.255738
0.252959
0.250256
0.247625
0.245064
0.242569
0.24014
0.237772
0.235465
0.233217
0.231024
0.228886
0.226801
0.224767
0.222782
0.220845
0.218954
0.217108
0.215305
0.213545
0.211826
0.210146
0.208504
0.206899
0.205331
0.203797
0.202297
0.200829
0.199393
0.197987
0.19661
0.195261
0.193939
0.192643
0.191371
0.190122
0.188895
0.187688
0.1865
0.185329
0.184174
0.183033
0.181903
0.180781
0.179664
0.127853
0.0668253
0.0493746
0.0468538
0.0458389
0.0455007
0.0448272
0.0443979
0.0438147
0.0433201
0.042813
0.0422643
0.0418309
0.041223
0.0408646
0.0401851
0.0401602
0.041475
0.0553046
0.107119
0.128
0.0669711
0.0495463
0.0470339
0.0460217
0.0456811
0.0450076
0.044576
0.0439923
0.0434956
0.0429875
0.042437
0.0420023
0.0413931
0.0410333
0.0403528
0.0403268
0.0416434
0.0554707
0.107245
0.128134
0.0671154
0.0497177
0.0472146
0.0462052
0.0458621
0.0451886
0.0447546
0.0441704
0.0436717
0.0431628
0.0426107
0.042175
0.0415647
0.0412034
0.0405223
0.040495
0.0418129
0.0556252
0.107364
0.128283
0.067254
0.0498893
0.0473966
0.0463901
0.0460446
0.0453712
0.044935
0.0443503
0.0438498
0.0433402
0.0427867
0.04235
0.0417387
0.041376
0.0406944
0.0406654
0.0419807
0.0557721
0.107487
0.12843
0.0673906
0.0500613
0.0475795
0.046576
0.0462282
0.0455551
0.0451168
0.044532
0.0440297
0.0435196
0.0429648
0.0425272
0.0419149
0.0415509
0.0408687
0.0408378
0.0421489
0.0559168
0.107613
0.128577
0.0675269
0.0502342
0.0477636
0.0467632
0.0464131
0.0457405
0.0453001
0.0447153
0.0442115
0.043701
0.0431451
0.0427067
0.0420935
0.0417282
0.0410456
0.0410125
0.0423183
0.0560623
0.107742
0.128723
0.0676638
0.0504085
0.0479489
0.0469517
0.0465994
0.0459275
0.0454852
0.0449005
0.0443952
0.0438845
0.0433275
0.0428883
0.0422744
0.0419078
0.0412246
0.0411893
0.0424893
0.0562095
0.107873
0.128871
0.0678017
0.0505843
0.0481355
0.0471416
0.0467872
0.046116
0.0456719
0.0450874
0.0445808
0.0440699
0.0435118
0.0430719
0.0424573
0.0420895
0.0414056
0.041368
0.0426616
0.0563581
0.108006
0.129018
0.0679409
0.0507617
0.0483237
0.0473331
0.0469765
0.0463061
0.0458601
0.045276
0.0447681
0.0442569
0.0436979
0.0432573
0.0426419
0.042273
0.0415884
0.0415484
0.0428352
0.0565074
0.10814
0.129167
0.0680813
0.0509407
0.0485132
0.047526
0.0471672
0.0464977
0.0460499
0.0454661
0.0449568
0.0444455
0.0438853
0.043444
0.042828
0.0424578
0.0417726
0.0417301
0.0430097
0.0566567
0.108275
0.129317
0.0682229
0.0511211
0.0487042
0.0477203
0.0473593
0.0466906
0.046241
0.0456575
0.0451467
0.0446352
0.044074
0.043632
0.0430153
0.0426439
0.041958
0.0419131
0.0431851
0.0568053
0.108412
0.129468
0.0683654
0.0513029
0.0488967
0.047916
0.0475528
0.0468849
0.0464333
0.0458501
0.045338
0.0448261
0.0442639
0.0438211
0.0432037
0.0428311
0.0421446
0.0420972
0.0433612
0.056953
0.108549
0.129619
0.0685091
0.0514861
0.0490906
0.0481133
0.0477477
0.0470806
0.0466271
0.0460441
0.0455304
0.0450183
0.0444549
0.0440114
0.0433932
0.0430196
0.0423324
0.0422825
0.0435382
0.0571003
0.108688
0.129772
0.0686542
0.0516709
0.049286
0.0483121
0.0479442
0.0472779
0.0468223
0.0462395
0.0457243
0.0452119
0.0446474
0.0442031
0.0435842
0.0432094
0.0425215
0.0424692
0.0437165
0.0572476
0.108828
0.129926
0.0688014
0.0518574
0.0494834
0.0485129
0.0481426
0.0474771
0.0470194
0.0464368
0.04592
0.0454072
0.0448415
0.0443965
0.0437768
0.0434008
0.0427123
0.0426574
0.0438962
0.0573959
0.10897
0.130081
0.0689512
0.052046
0.0496829
0.0487158
0.0483431
0.0476784
0.0472186
0.0466361
0.0461177
0.0456045
0.0450376
0.0445918
0.0439713
0.043594
0.0429048
0.0428474
0.0440777
0.0575459
0.109113
0.130237
0.0691042
0.0522369
0.0498846
0.0489211
0.048546
0.047882
0.0474202
0.0468377
0.0463176
0.045804
0.0452359
0.0447892
0.0441679
0.0437892
0.0430993
0.0430392
0.0442614
0.0576985
0.109259
0.130396
0.0692606
0.0524303
0.0500888
0.0491288
0.0487513
0.0480881
0.0476241
0.0470417
0.0465199
0.0460058
0.0454365
0.0449888
0.0443667
0.0439866
0.0432959
0.0432332
0.0444474
0.0578541
0.109406
0.130557
0.0694199
0.0526263
0.0502955
0.0493391
0.0489591
0.0482966
0.0478304
0.047248
0.0467246
0.04621
0.0456394
0.0451908
0.0445677
0.0441861
0.0434947
0.0434292
0.0446356
0.0580126
0.109555
0.130721
0.0695818
0.0528246
0.0505045
0.0495517
0.0491691
0.0485074
0.0480389
0.0474567
0.0469315
0.0464164
0.0458446
0.0453949
0.0447709
0.0443876
0.0436955
0.0436272
0.0448261
0.0581739
0.109706
0.130888
0.0697455
0.0530251
0.0507156
0.0497664
0.0493813
0.0487203
0.0482496
0.0476674
0.0471405
0.0466249
0.0460518
0.045601
0.044976
0.0445911
0.0438982
0.0438272
0.0450187
0.0583373
0.109859
0.131056
0.0699102
0.0532275
0.0509287
0.0499831
0.0495953
0.0489351
0.0484622
0.0478801
0.0473514
0.0468352
0.0462608
0.0458088
0.045183
0.0447964
0.0441027
0.0440289
0.045213
0.0585023
0.110014
0.131227
0.0700754
0.0534316
0.0511434
0.0502015
0.049811
0.0491516
0.0486764
0.0480944
0.0475639
0.0470472
0.0464714
0.0460183
0.0453915
0.0450034
0.044309
0.0442324
0.0454089
0.0586682
0.11017
0.131399
0.0702404
0.0536371
0.0513596
0.0504213
0.0500282
0.0493696
0.0488921
0.0483101
0.0477779
0.0472606
0.0466835
0.0462294
0.0456017
0.0452119
0.0445168
0.0444374
0.0456064
0.0588346
0.110327
0.131571
0.0704051
0.053844
0.0515771
0.0506426
0.0502467
0.049589
0.0491092
0.0485273
0.0479933
0.0474755
0.0468971
0.0464419
0.0458134
0.045422
0.0447263
0.0446441
0.0458052
0.0590014
0.110486
0.131744
0.0705694
0.0540521
0.051796
0.0508652
0.0504666
0.0498097
0.0493277
0.0487459
0.0482103
0.0476919
0.0471122
0.0466559
0.0460266
0.0456338
0.0449375
0.0448525
0.0460055
0.0591688
0.110646
0.131918
0.0707336
0.0542615
0.0520161
0.0510891
0.0506879
0.050032
0.0495477
0.0489661
0.0484287
0.0479099
0.047329
0.0468717
0.0462416
0.0458473
0.0451505
0.0450627
0.0462075
0.059337
0.110809
0.132092
0.0708983
0.0544723
0.0522378
0.0513147
0.0509108
0.0502559
0.0497694
0.049188
0.0486489
0.0481296
0.0475475
0.0470893
0.0464585
0.0460628
0.0453654
0.0452748
0.0464113
0.0595066
0.110973
0.132266
0.0710641
0.0546849
0.0524612
0.0515419
0.0511355
0.0504815
0.0499929
0.0494116
0.0488709
0.0483512
0.0477681
0.0473089
0.0466775
0.0462803
0.0455824
0.045489
0.0466172
0.059678
0.111139
0.132441
0.0712315
0.0548994
0.0526864
0.0517711
0.0513621
0.0507092
0.0502183
0.0496373
0.049095
0.0485749
0.0479908
0.0475307
0.0468987
0.0465001
0.0458017
0.0457055
0.0468253
0.0598518
0.111308
0.132617
0.0714009
0.055116
0.0529137
0.0520024
0.0515907
0.0509389
0.0504459
0.0498652
0.0493214
0.0488009
0.0482159
0.0477549
0.0471222
0.0467222
0.0460233
0.0459243
0.0470359
0.0600285
0.111478
0.132794
0.0715726
0.0553348
0.0531432
0.0522359
0.0518216
0.0511709
0.0506758
0.0500954
0.0495501
0.0490293
0.0484433
0.0479814
0.0473482
0.0469468
0.0462475
0.0461455
0.047249
0.0602081
0.111651
0.132973
0.0717465
0.0555559
0.0533751
0.0524718
0.0520548
0.0514052
0.050908
0.050328
0.0497812
0.0492602
0.0486733
0.0482105
0.0475767
0.0471738
0.0464741
0.0463693
0.0474648
0.0603909
0.111826
0.133154
0.0719228
0.0557793
0.0536092
0.05271
0.0522904
0.0516419
0.0511426
0.050563
0.0500148
0.0494935
0.0489057
0.048442
0.0478076
0.0474033
0.0467032
0.0465955
0.0476831
0.0605766
0.112003
0.133337
0.0721011
0.0560051
0.0538457
0.0529506
0.0525284
0.0518811
0.0513797
0.0508005
0.0502508
0.0497292
0.0491405
0.0486759
0.048041
0.0476352
0.0469347
0.0468241
0.047904
0.0607652
0.112183
0.133521
0.0722814
0.0562332
0.0540846
0.0531936
0.0527688
0.0521227
0.0516192
0.0510404
0.0504892
0.0499673
0.0493777
0.0489121
0.0482767
0.0478695
0.0471686
0.0470551
0.0481273
0.0609563
0.112364
0.133708
0.0724635
0.0564636
0.0543259
0.0534391
0.0530116
0.0523667
0.051861
0.0512826
0.05073
0.0502077
0.0496172
0.0491507
0.0485148
0.0481061
0.0474049
0.0472885
0.0483531
0.0611497
0.112547
0.133895
0.0726474
0.0566964
0.0545696
0.053687
0.0532567
0.0526131
0.0521052
0.0515272
0.0509731
0.0504505
0.0498591
0.0493917
0.0487552
0.048345
0.0476435
0.0475241
0.0485811
0.0613451
0.112732
0.134085
0.0728331
0.0569315
0.0548156
0.0539372
0.0535042
0.0528618
0.0523518
0.0517741
0.0512185
0.0506955
0.0501032
0.0496348
0.0489979
0.0485861
0.0478843
0.0477619
0.0488114
0.0615422
0.112919
0.134276
0.0730203
0.0571689
0.0550638
0.0541897
0.053754
0.0531128
0.0526006
0.0520233
0.0514661
0.0509429
0.0503496
0.0498803
0.0492428
0.0488295
0.0481273
0.048002
0.0490439
0.0617409
0.113109
0.134468
0.073209
0.0574085
0.0553144
0.0544446
0.0540061
0.0533661
0.0528518
0.0522748
0.0517161
0.0511924
0.0505983
0.0501279
0.04949
0.0490751
0.0483726
0.0482443
0.0492786
0.0619412
0.1133
0.134662
0.0733993
0.0576504
0.0555673
0.0547018
0.0542605
0.0536217
0.0531053
0.0525286
0.0519684
0.0514443
0.0508493
0.0503779
0.0497394
0.0493229
0.0486202
0.0484888
0.0495156
0.0621431
0.113493
0.134857
0.073591
0.0578946
0.0558224
0.0549613
0.0545173
0.0538798
0.0533611
0.0527847
0.0522231
0.0516986
0.0511026
0.0506301
0.0499912
0.0495731
0.0488701
0.0487357
0.0497548
0.0623467
0.113688
0.135054
0.0737843
0.0581411
0.0560799
0.0552232
0.0547764
0.0541401
0.0536193
0.0530433
0.0524801
0.0519551
0.0513583
0.0508848
0.0502453
0.0498256
0.0491224
0.048985
0.0499965
0.0625523
0.113885
0.135253
0.0739793
0.05839
0.0563398
0.0554875
0.0550379
0.0544029
0.0538799
0.0533042
0.0527395
0.0522142
0.0516164
0.0511419
0.050502
0.0500807
0.0493773
0.0492368
0.0502407
0.0627601
0.114085
0.135452
0.074176
0.0586412
0.056602
0.0557542
0.0553018
0.0546682
0.054143
0.0535677
0.0530015
0.0524758
0.0518772
0.0514016
0.0507613
0.0503384
0.0496349
0.0494913
0.0504876
0.0629705
0.114287
0.135653
0.0743744
0.0588949
0.0568667
0.0560233
0.0555682
0.0549359
0.0544087
0.0538337
0.0532662
0.0527401
0.0521407
0.0516641
0.0510234
0.0505989
0.0498952
0.0497485
0.0507374
0.0631836
0.114491
0.135856
0.0745746
0.059151
0.0571338
0.056295
0.0558372
0.0552063
0.054677
0.0541025
0.0535335
0.0530071
0.052407
0.0519294
0.0512883
0.0508622
0.0501583
0.0500086
0.0509901
0.0633999
0.114698
0.13606
0.0747766
0.0594096
0.0574034
0.0565693
0.0561088
0.0554793
0.054948
0.0543741
0.0538038
0.0532771
0.0526762
0.0521976
0.0515562
0.0511284
0.0504245
0.0502717
0.051246
0.0636194
0.114908
0.136266
0.0749807
0.0596708
0.0576757
0.0568462
0.0563831
0.0557552
0.055222
0.0546485
0.054077
0.05355
0.0529484
0.0524688
0.0518272
0.0513977
0.0506937
0.0505378
0.051505
0.0638424
0.11512
0.136473
0.075187
0.0599347
0.0579508
0.057126
0.0566603
0.056034
0.0554988
0.054926
0.0543532
0.053826
0.0532237
0.0527432
0.0521012
0.0516702
0.0509661
0.0508071
0.0517673
0.064069
0.115335
0.136682
0.0753956
0.0602015
0.0582287
0.0574087
0.0569404
0.0563157
0.0557787
0.0552065
0.0546325
0.054105
0.0535022
0.0530206
0.0523785
0.0519458
0.0512417
0.0510796
0.0520331
0.0642994
0.115552
0.136893
0.0756068
0.0604712
0.0585096
0.0576944
0.0572236
0.0566005
0.0560617
0.05549
0.0549149
0.0543872
0.0537838
0.0533013
0.052659
0.0522246
0.0515207
0.0513554
0.0523022
0.0645336
0.115773
0.137105
0.0758206
0.0607439
0.0587935
0.0579832
0.0575098
0.0568884
0.0563477
0.0557767
0.0552005
0.0546726
0.0540686
0.0535852
0.0529427
0.0525068
0.0518029
0.0516346
0.0525748
0.0647716
0.115997
0.137319
0.076037
0.0610196
0.0590804
0.0582751
0.0577991
0.0571794
0.0566369
0.0560666
0.0554893
0.0549611
0.0543567
0.0538723
0.0532298
0.0527922
0.0520885
0.0519171
0.0528509
0.0650134
0.116224
0.137535
0.076256
0.0612985
0.0593705
0.0585702
0.0580916
0.0574736
0.0569293
0.0563596
0.0557812
0.0552529
0.054648
0.0541627
0.0535201
0.053081
0.0523774
0.052203
0.0531305
0.0652588
0.116453
0.137753
0.0764776
0.0615805
0.0596638
0.0588684
0.0583873
0.057771
0.0572249
0.0566558
0.0560764
0.0555479
0.0549426
0.0544564
0.0538137
0.0533731
0.0526698
0.0524922
0.0534136
0.0655078
0.116686
0.137973
0.0767018
0.0618657
0.0599603
0.0591698
0.0586862
0.0580716
0.0575237
0.0569553
0.0563748
0.0558461
0.0552404
0.0547534
0.0541107
0.0536684
0.0529654
0.0527848
0.0537002
0.0657604
0.116922
0.138196
0.0769286
0.062154
0.0602599
0.0594745
0.0589883
0.0583754
0.0578257
0.057258
0.0566765
0.0561476
0.0555415
0.0550536
0.0544109
0.0539672
0.0532645
0.0530809
0.0539902
0.0660165
0.117162
0.13842
0.077158
0.0624456
0.0605629
0.0597825
0.0592937
0.0586825
0.058131
0.0575639
0.0569814
0.0564524
0.0558459
0.0553571
0.0547146
0.0542693
0.053567
0.0533804
0.0542838
0.066276
0.117404
0.138646
0.07739
0.0627404
0.060869
0.0600937
0.0596023
0.0589928
0.0584396
0.0578732
0.0572897
0.0567604
0.0561537
0.055664
0.0550216
0.0545748
0.053873
0.0536833
0.0545809
0.0665387
0.11765
0.138875
0.0776245
0.0630385
0.0611785
0.0604082
0.0599143
0.0593065
0.0587515
0.0581857
0.0576013
0.0570719
0.0564648
0.0559743
0.055332
0.0548837
0.0541824
0.0539897
0.0548815
0.0668047
0.117899
0.139105
0.0778616
0.0633399
0.0614912
0.0607261
0.0602296
0.0596235
0.0590668
0.0585017
0.0579162
0.0573867
0.0567794
0.056288
0.0556459
0.0551961
0.0544953
0.0542995
0.0551856
0.0670738
0.118152
0.139338
0.0781013
0.0636446
0.0618073
0.0610473
0.0605483
0.059944
0.0593856
0.058821
0.0582347
0.057705
0.0570974
0.0566052
0.0559634
0.055512
0.0548117
0.0546129
0.0554932
0.0673461
0.118407
0.139573
0.0783435
0.0639526
0.0621268
0.0613719
0.0608704
0.0602678
0.0597078
0.0591439
0.0585567
0.0580268
0.0574191
0.056926
0.0562844
0.0558315
0.0551317
0.0549297
0.0558044
0.0676215
0.118666
0.13981
0.0785883
0.064264
0.0624496
0.0616999
0.061196
0.0605952
0.0600335
0.0594703
0.0588823
0.0583523
0.0577444
0.0572504
0.056609
0.0561545
0.0554553
0.0552502
0.0561192
0.0679002
0.118928
0.140049
0.0788356
0.0645788
0.0627758
0.0620313
0.061525
0.060926
0.0603628
0.0598004
0.0592116
0.0586814
0.0580733
0.0575785
0.0569373
0.0564813
0.0557825
0.0555743
0.0564377
0.0681822
0.119194
0.14029
0.0790853
0.0648969
0.0631054
0.0623662
0.0618575
0.0612605
0.0606958
0.0601341
0.0595446
0.0590143
0.058406
0.0579103
0.0572694
0.0568117
0.0561135
0.0559022
0.0567601
0.0684677
0.119464
0.140534
0.0793375
0.0652184
0.0634384
0.0627046
0.0621936
0.0615985
0.0610324
0.0604715
0.0598813
0.0593509
0.0587425
0.0582459
0.0576053
0.057146
0.0564484
0.0562339
0.0570864
0.0687569
0.119737
0.140779
0.0795921
0.0655434
0.0637749
0.0630465
0.0625333
0.0619402
0.0613727
0.0608126
0.0602218
0.0596913
0.0590828
0.0585854
0.0579451
0.0574842
0.0567873
0.0565696
0.0574167
0.0690499
0.120014
0.141027
0.0798492
0.0658718
0.064115
0.063392
0.0628766
0.0622855
0.0617168
0.0611576
0.0605661
0.0600356
0.0594271
0.0589288
0.0582889
0.0578264
0.0571302
0.0569094
0.0577512
0.0693469
0.120294
0.141276
0.0801088
0.0662037
0.0644586
0.0637411
0.0632237
0.0626346
0.0620646
0.0615063
0.0609144
0.0603838
0.0597753
0.0592763
0.0586368
0.0581728
0.0574773
0.0572534
0.0580899
0.0696481
0.120579
0.141528
0.0803711
0.0665393
0.064806
0.064094
0.0635745
0.0629876
0.0624164
0.061859
0.0612666
0.0607361
0.0601277
0.0596279
0.0589889
0.0585233
0.0578287
0.0576017
0.058433
0.0699535
0.120867
0.141781
0.0806362
0.0668786
0.0651572
0.0644508
0.0639293
0.0633445
0.0627722
0.0622158
0.061623
0.0610925
0.0604843
0.0599837
0.0593452
0.0588782
0.0581844
0.0579544
0.0587806
0.0702633
0.12116
0.142037
0.0809044
0.0672219
0.0655124
0.0648116
0.0642882
0.0637055
0.0631322
0.0625767
0.0619836
0.0614531
0.0608451
0.0603439
0.059706
0.0592375
0.0585446
0.0583115
0.0591327
0.0705776
0.121456
0.142294
0.081176
0.0675692
0.0658718
0.0651766
0.0646512
0.0640707
0.0634965
0.0629419
0.0623485
0.0618181
0.0612104
0.0607084
0.0600712
0.0596013
0.0589093
0.0586732
0.0594895
0.0708965
0.121757
0.142554
0.081451
0.0679207
0.0662354
0.0655459
0.0650186
0.0644403
0.0638651
0.0633115
0.0627178
0.0621876
0.0615801
0.0610775
0.0604409
0.0599696
0.0592786
0.0590395
0.059851
0.0712201
0.122063
0.142817
0.0817297
0.0682765
0.0666033
0.0659195
0.0653904
0.0648142
0.0642381
0.0636855
0.0630916
0.0625615
0.0619543
0.0614511
0.0608153
0.0603425
0.0596527
0.0594106
0.0602174
0.0715486
0.122372
0.143082
0.0820121
0.0686367
0.0669756
0.0662975
0.0657667
0.0651927
0.0646156
0.064064
0.06347
0.0629399
0.0623332
0.0618293
0.0611943
0.0607202
0.0600316
0.0597865
0.0605887
0.0718821
0.122686
0.143349
0.0822981
0.0690013
0.0673525
0.06668
0.0661474
0.0655756
0.0649977
0.0644471
0.0638529
0.063323
0.0627167
0.0622123
0.0615781
0.0611028
0.0604154
0.0601674
0.0609651
0.0722207
0.123005
0.14362
0.0825879
0.0693704
0.0677339
0.0670671
0.0665328
0.0659631
0.0653844
0.0648348
0.0642405
0.0637107
0.063105
0.0626001
0.0619669
0.0614903
0.0608042
0.0605533
0.0613467
0.0725644
0.123329
0.143893
0.0828815
0.069744
0.0681198
0.0674587
0.0669228
0.0663553
0.0657758
0.0652272
0.0646329
0.0641033
0.0634981
0.0629927
0.0623606
0.0618828
0.0611981
0.0609444
0.0617335
0.0729134
0.123658
0.144169
0.0831788
0.0701223
0.0685104
0.067855
0.0673175
0.0667521
0.066172
0.0656243
0.0650302
0.0645008
0.0638963
0.0633904
0.0627594
0.0622804
0.0615972
0.0613407
0.0621256
0.0732677
0.123991
0.144448
0.0834798
0.0705051
0.0689056
0.068256
0.0677169
0.0671537
0.066573
0.0660264
0.0654323
0.0649032
0.0642995
0.0637932
0.0631633
0.0626833
0.0620015
0.0617422
0.0625231
0.0736272
0.124329
0.144729
0.0837846
0.0708926
0.0693056
0.0686617
0.0681211
0.0675602
0.0669789
0.0664334
0.0658396
0.0653108
0.0647078
0.0642012
0.0635725
0.0630914
0.0624112
0.0621491
0.062926
0.0739919
0.124673
0.145014
0.0840929
0.0712847
0.0697102
0.0690721
0.0685302
0.0679715
0.0673899
0.0668455
0.066252
0.0657235
0.0651214
0.0646145
0.063987
0.0635048
0.0628261
0.0625613
0.0633343
0.0743619
0.125021
0.145301
0.0844049
0.0716815
0.0701196
0.0694874
0.0689442
0.0683879
0.0678059
0.0672627
0.0666696
0.0661415
0.0655404
0.0650332
0.0644069
0.0639236
0.0632465
0.0629789
0.0637482
0.0747373
0.125374
0.145591
0.0847203
0.072083
0.0705338
0.0699075
0.0693632
0.0688092
0.0682271
0.0676852
0.0670926
0.066565
0.0659648
0.0654573
0.0648323
0.0643479
0.0636725
0.063402
0.0641677
0.075118
0.125733
0.145883
0.0850394
0.0724892
0.0709529
0.0703325
0.0697872
0.0692358
0.0686536
0.068113
0.067521
0.0669939
0.0663948
0.065887
0.0652633
0.0647778
0.0641041
0.0638309
0.064593
0.0755044
0.126097
0.146178
0.0853621
0.0729002
0.0713769
0.0707625
0.0702165
0.0696676
0.0690855
0.0685463
0.067955
0.0674284
0.0668304
0.0663223
0.0657001
0.0652135
0.0645415
0.0642656
0.0650242
0.0758967
0.126466
0.146476
0.0856888
0.0733163
0.0718061
0.0711978
0.0706511
0.0701048
0.069523
0.0689851
0.0683947
0.0678686
0.0672717
0.0667635
0.0661427
0.0656551
0.0649849
0.0647063
0.0654617
0.076295
0.126842
0.146776
0.0860196
0.0737376
0.0722406
0.0716384
0.0710911
0.0705475
0.069966
0.0694296
0.0688401
0.0683146
0.067719
0.0672105
0.0665913
0.0661027
0.0654344
0.0651532
0.0659054
0.0766997
0.127223
0.147079
0.0863548
0.0741642
0.0726806
0.0720846
0.0715368
0.0709959
0.0704148
0.0698799
0.0692913
0.0687665
0.0681722
0.0676637
0.067046
0.0665566
0.0658902
0.0656065
0.0663557
0.0771109
0.12761
0.147384
0.0866946
0.0745964
0.0731262
0.0725363
0.0719882
0.07145
0.0708695
0.070336
0.0697485
0.0692244
0.0686315
0.0681229
0.067507
0.0670168
0.0663525
0.0660663
0.0668126
0.0775288
0.128003
0.147692
0.0870391
0.0750342
0.0735775
0.0729939
0.0724455
0.07191
0.07133
0.0707981
0.0702117
0.0696884
0.069097
0.0685885
0.0679744
0.0674835
0.0668214
0.0665328
0.0672764
0.0779535
0.128402
0.148004
0.0873885
0.0754778
0.0740347
0.0734573
0.0729087
0.0723759
0.0717966
0.0712663
0.0706811
0.0701587
0.0695688
0.0690605
0.0684483
0.0679568
0.067297
0.0670061
0.0677471
0.0783852
0.128808
0.148318
0.0877428
0.0759272
0.0744979
0.0739266
0.073378
0.0728479
0.0722694
0.0717407
0.0711568
0.0706353
0.0700471
0.069539
0.0689289
0.0684369
0.0677795
0.0674863
0.0682248
0.078824
0.12922
0.148635
0.0881021
0.0763826
0.0749671
0.074402
0.0738534
0.0733261
0.0727485
0.0722214
0.071639
0.0711184
0.0705321
0.0700243
0.0694163
0.0689239
0.068269
0.0679736
0.0687098
0.07927
0.129639
0.148956
0.0884665
0.076844
0.0754425
0.0748835
0.0743352
0.0738106
0.073234
0.0727086
0.0721278
0.0716083
0.0710239
0.0705165
0.0699107
0.0694179
0.0687656
0.0684681
0.0692021
0.0797234
0.130064
0.14928
0.0888361
0.0773115
0.0759241
0.0753714
0.0748233
0.0743016
0.0737262
0.0732025
0.0726234
0.072105
0.0715226
0.0710157
0.0704122
0.0699191
0.0692695
0.06897
0.069702
0.0801843
0.130496
0.149608
0.0892108
0.0777852
0.0764121
0.0758656
0.075318
0.0747991
0.074225
0.0737032
0.073126
0.0726087
0.0720284
0.0715221
0.070921
0.0704277
0.0697808
0.0694793
0.0702094
0.0806529
0.130935
0.149939
0.0895909
0.0782653
0.0769065
0.0763663
0.0758194
0.0753034
0.0747308
0.0742108
0.0736355
0.0731195
0.0725414
0.0720357
0.0714371
0.0709437
0.0702996
0.0699963
0.0707248
0.0811295
0.131382
0.150273
0.0899762
0.0787517
0.0774075
0.0768736
0.0763275
0.0758145
0.0752435
0.0747255
0.0741523
0.0736376
0.0730619
0.0725569
0.0719608
0.0714674
0.0708263
0.0705211
0.0712481
0.0816141
0.131836
0.15061
0.0903669
0.0792446
0.0779151
0.0773875
0.0768425
0.0763325
0.0757633
0.0752474
0.0746764
0.0741631
0.0735898
0.0730857
0.0724923
0.0719989
0.0713609
0.071054
0.0717797
0.0821071
0.132297
0.150951
0.090763
0.0797441
0.0784295
0.0779083
0.0773644
0.0768576
0.0762903
0.0757765
0.0752079
0.0746962
0.0741255
0.0736222
0.0730317
0.0725385
0.0719036
0.0715951
0.0723197
0.0826086
0.132766
0.151296
0.0911646
0.0802502
0.0789507
0.0784359
0.0778935
0.0773898
0.0768247
0.0763131
0.075747
0.0752369
0.074669
0.0741668
0.0735792
0.0730863
0.0724547
0.0721447
0.0728684
0.0831189
0.133243
0.151644
0.0915716
0.0807631
0.0794789
0.0789705
0.0784297
0.0779293
0.0773666
0.0768573
0.0762939
0.0757856
0.0752205
0.0747195
0.074135
0.0736425
0.0730143
0.0727029
0.0734259
0.0836382
0.133728
0.151995
0.0919844
0.081283
0.0800142
0.0795124
0.0789734
0.0784764
0.0779161
0.0774093
0.0768488
0.0763423
0.0757802
0.0752806
0.0746993
0.0742073
0.0735827
0.07327
0.0739925
0.0841667
0.134221
0.15235
0.092403
0.0818099
0.0805568
0.0800616
0.0795246
0.079031
0.0784735
0.0779693
0.0774117
0.0769073
0.0763484
0.0758502
0.0752722
0.0747808
0.0741599
0.0738461
0.0745683
0.0847046
0.134723
0.152708
0.0928276
0.0823441
0.081107
0.0806183
0.0800837
0.0795936
0.079039
0.0785374
0.077983
0.0774808
0.0769251
0.0764285
0.075854
0.0753634
0.0747463
0.0744315
0.0751536
0.0852522
0.135233
0.15307
0.0932586
0.0828858
0.0816649
0.0811828
0.0806507
0.0801642
0.0796127
0.0791139
0.0785628
0.0780629
0.0775106
0.0770157
0.0764448
0.0759551
0.075342
0.0750262
0.0757486
0.0858097
0.135753
0.153435
0.093696
0.0834352
0.0822307
0.0817553
0.0812259
0.080743
0.0801949
0.0796989
0.0791513
0.0786538
0.0781051
0.077612
0.0770448
0.0765563
0.0759472
0.0756307
0.0763535
0.0863773
0.136281
0.153804
0.0941402
0.0839925
0.0828046
0.0823359
0.0818094
0.0813303
0.0807857
0.0802926
0.0797487
0.0792537
0.0787088
0.0782177
0.0776544
0.077167
0.0765622
0.0762451
0.0769685
0.0869553
0.136819
0.154178
0.0945913
0.0845578
0.0833868
0.0829248
0.0824015
0.0819262
0.0813853
0.0808953
0.0803553
0.0798629
0.0793218
0.0788329
0.0782736
0.0777876
0.0771872
0.0768697
0.077594
0.0875439
0.137366
0.154555
0.0950495
0.0851314
0.0839775
0.0835223
0.0830024
0.082531
0.081994
0.0815071
0.0809711
0.0804815
0.0799445
0.0794578
0.0789028
0.0784183
0.0778224
0.0775046
0.0782301
0.0881433
0.137923
0.154936
0.0955149
0.0857134
0.0845768
0.0841284
0.0836122
0.0831448
0.0826118
0.0821283
0.0815965
0.0811098
0.080577
0.0800928
0.079542
0.0790593
0.078468
0.0781501
0.078877
0.0887539
0.13849
0.155321
0.0959879
0.0863041
0.085185
0.0847435
0.0842312
0.0837678
0.0832392
0.082759
0.0822316
0.081748
0.0812196
0.0807379
0.0801917
0.0797108
0.0791244
0.0788066
0.0795351
0.0893758
0.139067
0.155711
0.0964684
0.0869035
0.0858023
0.0853676
0.0848595
0.0844002
0.0838762
0.0833995
0.0828767
0.0823964
0.0818724
0.0813936
0.0808519
0.080373
0.0797917
0.0794741
0.0802046
0.0900093
0.139654
0.156105
0.0969569
0.0875119
0.0864288
0.0860011
0.0854974
0.0850424
0.084523
0.08405
0.083532
0.083055
0.0825358
0.0820599
0.0815231
0.0810464
0.0804702
0.080153
0.0808857
0.0906547
0.140252
0.156504
0.0974533
0.0881296
0.0870648
0.086644
0.086145
0.0856943
0.08518
0.0847108
0.0841978
0.0837243
0.0832099
0.0827372
0.0822053
0.081731
0.0811602
0.0808436
0.0815787
0.0913123
0.140862
0.156907
0.097958
0.0887566
0.0877104
0.0872966
0.0868026
0.0863564
0.0858473
0.085382
0.0848742
0.0844045
0.0838951
0.0834257
0.082899
0.0824272
0.081862
0.0815461
0.082284
0.0919825
0.141482
0.157315
0.098471
0.0893931
0.0883659
0.0879591
0.0874704
0.0870288
0.0865252
0.086064
0.0855616
0.0850957
0.0845917
0.0841257
0.0836044
0.0831354
0.0825758
0.082261
0.0830019
0.0926657
0.142114
0.157728
0.0989927
0.0900395
0.0890314
0.0886317
0.0881487
0.0877118
0.0872138
0.086757
0.0862602
0.0857984
0.0852998
0.0848376
0.0843217
0.0838558
0.0833021
0.0829885
0.0837328
0.0933622
0.142758
0.158145
0.0995231
0.0906958
0.0897072
0.0893147
0.0888376
0.0884055
0.0879136
0.0874612
0.0869703
0.0865128
0.0860198
0.0855615
0.0850514
0.0845887
0.0840411
0.083729
0.0844769
0.0940724
0.143414
0.158567
0.100063
0.0913623
0.0903935
0.0900082
0.0895373
0.0891103
0.0886246
0.088177
0.0876921
0.0872392
0.086752
0.0862979
0.0857938
0.0853345
0.0847933
0.0844828
0.0852346
0.0947966
0.144083
0.158994
0.100611
0.0920393
0.0910905
0.0907126
0.0902483
0.0898264
0.0893473
0.0889045
0.088426
0.0879778
0.0874968
0.0870471
0.0865491
0.0860935
0.0855588
0.0852503
0.0860063
0.0955353
0.144764
0.159426
0.10117
0.092727
0.0917986
0.091428
0.0909707
0.0905541
0.0900819
0.0896442
0.0891723
0.088729
0.0882543
0.0878093
0.0873177
0.0868661
0.0863381
0.0860319
0.0867923
0.0962887
0.145459
0.159863
0.101738
0.0934256
0.0925179
0.0921548
0.0917047
0.0912937
0.0908286
0.0903963
0.0899312
0.0894932
0.089025
0.0885849
0.0880999
0.0876525
0.0871316
0.0868278
0.0875931
0.0970574
0.146168
0.160305
0.102317
0.0941354
0.0932487
0.0928932
0.0924508
0.0920455
0.0915878
0.0911611
0.0907031
0.0902706
0.0898092
0.0893743
0.0888962
0.0884533
0.0879397
0.0876386
0.088409
0.0978418
0.14689
0.160753
0.102906
0.0948568
0.0939914
0.0936435
0.0932092
0.0928097
0.0923598
0.091939
0.0914883
0.0910615
0.0906072
0.0901778
0.0897068
0.0892688
0.0887626
0.0884647
0.0892405
0.0986423
0.147626
0.161206
0.103506
0.09559
0.0947461
0.094406
0.0939801
0.0935868
0.0931449
0.0927302
0.0922871
0.0918664
0.0914195
0.0909958
0.0905322
0.0900994
0.089601
0.0893065
0.0900881
0.0994593
0.148378
0.161664
0.104117
0.0963352
0.0955132
0.0951809
0.0947639
0.0943769
0.0939435
0.0935351
0.0930999
0.0926855
0.0922463
0.0918288
0.0913729
0.0909455
0.0904553
0.0901645
0.0909521
0.100293
0.149144
0.162129
0.10474
0.0970928
0.0962929
0.0959687
0.0955608
0.0951804
0.0947557
0.0943541
0.093927
0.0935194
0.0930881
0.0926771
0.0922292
0.0918077
0.0913259
0.0910391
0.0918331
0.101145
0.149926
0.162598
0.105375
0.097863
0.0970856
0.0967694
0.0963712
0.0959977
0.0955821
0.0951874
0.0947689
0.0943683
0.0939453
0.0935412
0.0931016
0.0926863
0.0922132
0.0919309
0.0927315
0.102015
0.150723
0.163074
0.106022
0.0986462
0.0978914
0.0975836
0.0971953
0.096829
0.0964229
0.0960355
0.0956259
0.0952327
0.0948183
0.0944214
0.0939905
0.0935819
0.0931178
0.0928403
0.0936477
0.102903
0.151537
0.163556
0.106682
0.0994425
0.0987108
0.0984114
0.0980336
0.0976748
0.0972785
0.0968988
0.0964984
0.096113
0.0957076
0.0953183
0.0948965
0.0944949
0.0940402
0.0937678
0.0945823
0.103809
0.152367
0.164043
0.107356
0.100253
0.099544
0.0992532
0.0988865
0.0985354
0.0981492
0.0977776
0.0973869
0.0970097
0.0966136
0.0962323
0.0958198
0.0954257
0.0949807
0.0947139
0.0955356
0.104735
0.153215
0.164537
0.108043
0.101076
0.100391
0.10011
0.0997542
0.0994113
0.0990357
0.0986725
0.0982918
0.0979231
0.0975367
0.0971639
0.0967611
0.0963749
0.09594
0.0956791
0.0965083
0.105681
0.15408
0.165037
0.108745
0.101915
0.101254
0.100981
0.100637
0.100303
0.0999382
0.0995838
0.0992135
0.0988539
0.0984775
0.0981136
0.0977209
0.097343
0.0969185
0.0966639
0.0975007
0.106647
0.154963
0.165544
0.109462
0.102768
0.102131
0.101867
0.101536
0.101211
0.100857
0.100512
0.100153
0.0998024
0.0994365
0.0990819
0.0986996
0.0983306
0.0979168
0.097669
0.0985134
0.107633
0.155864
0.166058
0.110195
0.103637
0.103023
0.10277
0.102451
0.102135
0.101793
0.101458
0.10111
0.100769
0.100414
0.100069
0.0996979
0.0993381
0.0989356
0.0986949
0.099547
0.10864
0.156785
0.166578
0.110945
0.104521
0.103932
0.103688
0.103383
0.103076
0.102747
0.102422
0.102085
0.101755
0.101411
0.101076
0.100716
0.100366
0.0999753
0.0997422
0.100602
0.109668
0.157724
0.167106
0.111713
0.105423
0.104857
0.104624
0.104332
0.104036
0.103719
0.103404
0.103079
0.10276
0.102428
0.102104
0.101755
0.101416
0.101037
0.100812
0.101679
0.110718
0.158684
0.167642
0.1125
0.106341
0.105799
0.105576
0.105299
0.105013
0.104709
0.104406
0.104093
0.103785
0.103465
0.103152
0.102816
0.102487
0.102121
0.101904
0.102779
0.111791
0.159664
0.168186
0.113307
0.107276
0.106759
0.106547
0.106284
0.106009
0.105719
0.105427
0.105127
0.104831
0.104523
0.104222
0.103899
0.103581
0.103227
0.10302
0.103901
0.112885
0.160664
0.168738
0.114137
0.10823
0.107736
0.107535
0.107288
0.107024
0.106748
0.106468
0.106182
0.105898
0.105603
0.105315
0.105004
0.104699
0.104358
0.10416
0.105048
0.114002
0.161686
0.169298
0.114991
0.109201
0.108732
0.108543
0.108311
0.10806
0.107798
0.10753
0.107258
0.106987
0.106706
0.10643
0.106133
0.10584
0.105513
0.105325
0.106218
0.115141
0.16273
0.169867
0.115871
0.110191
0.109747
0.10957
0.109354
0.109116
0.108869
0.108614
0.108356
0.108098
0.107831
0.107569
0.107286
0.107007
0.106694
0.106516
0.107414
0.116303
0.163796
0.170445
0.11678
0.1112
0.110781
0.110618
0.110419
0.110193
0.109962
0.109721
0.109478
0.109233
0.108981
0.108733
0.108464
0.108199
0.1079
0.107733
0.108634
0.117487
0.164884
0.171034
0.11772
0.112229
0.111836
0.111686
0.111504
0.111293
0.111077
0.11085
0.110622
0.110392
0.110155
0.109921
0.109667
0.109417
0.109133
0.108976
0.10988
0.118692
0.165994
0.171642
0.118681
0.113279
0.112913
0.112777
0.112612
0.112415
0.112216
0.112004
0.111791
0.111576
0.111354
0.111136
0.110897
0.110662
0.110393
0.110248
0.111151
0.119916
0.167128
0.172272
0.119666
0.11435
0.114011
0.11389
0.113743
0.113561
0.113379
0.113182
0.112986
0.112786
0.11258
0.112377
0.112154
0.111935
0.111682
0.111548
0.112447
0.12116
0.168284
0.172927
0.120675
0.115444
0.115132
0.115026
0.114899
0.114731
0.114567
0.114385
0.114206
0.114022
0.113832
0.113645
0.113439
0.113236
0.112999
0.112876
0.113769
0.122419
0.169463
0.173611
0.12171
0.116562
0.116277
0.116187
0.116079
0.115927
0.11578
0.115615
0.115453
0.115285
0.115112
0.114941
0.114752
0.114566
0.114345
0.114234
0.115116
0.123692
0.170664
0.17433
0.122771
0.117704
0.117447
0.117374
0.117285
0.117149
0.117021
0.116871
0.116727
0.116576
0.11642
0.116267
0.116094
0.115926
0.115721
0.115621
0.116488
0.124974
0.171887
0.175088
0.123863
0.118872
0.118643
0.118587
0.118518
0.118399
0.118289
0.118156
0.118029
0.117895
0.117757
0.117621
0.117466
0.117317
0.117128
0.117039
0.117883
0.126258
0.173131
0.175896
0.124985
0.120067
0.119866
0.119827
0.119778
0.119676
0.119586
0.11947
0.119361
0.119245
0.119124
0.119007
0.118868
0.118738
0.118566
0.118487
0.1193
0.127537
0.174394
0.176764
0.126141
0.121291
0.121118
0.121096
0.121068
0.120983
0.120912
0.120814
0.120723
0.120624
0.120522
0.120423
0.120302
0.120192
0.120036
0.119967
0.120737
0.128796
0.175675
0.177707
0.127335
0.122545
0.122399
0.122395
0.122388
0.122321
0.122269
0.122188
0.122117
0.122036
0.121951
0.121871
0.121768
0.121678
0.121538
0.121477
0.122191
0.130018
0.17697
0.178748
0.128571
0.123831
0.123711
0.123726
0.12374
0.12369
0.123658
0.123595
0.123542
0.12348
0.123413
0.123352
0.123267
0.123197
0.123073
0.123019
0.123658
0.131175
0.178272
0.0821069
0.0610059
0.0607336
0.0605441
0.0604453
0.0603206
0.0601618
0.0599706
0.0597572
0.0595851
0.0594789
0.0594485
0.0594566
0.0595017
0.0595508
0.0595656
0.0594847
0.0592205
0.058643
0.0665439
0.0817637
0.060988
0.0607301
0.0605486
0.0604421
0.0603222
0.0601752
0.0600041
0.0598194
0.0596775
0.0595737
0.0595478
0.0595465
0.0595755
0.0596064
0.0596019
0.059504
0.0592236
0.0586361
0.0656978
0.0816213
0.0609684
0.0607297
0.0605574
0.0604445
0.0603283
0.0601953
0.0600412
0.0598855
0.0597602
0.0596805
0.0596402
0.0596331
0.0596454
0.0596609
0.0596369
0.0595188
0.0592209
0.0586235
0.0648638
0.0817807
0.0609455
0.0607309
0.0605708
0.0604543
0.0603411
0.0602195
0.0600821
0.059956
0.0598368
0.0597787
0.0597354
0.0597193
0.0597178
0.0597139
0.0596683
0.0595273
0.0592099
0.0586024
0.0640517
0.0823428
0.0609097
0.0607317
0.0605873
0.0604706
0.0603617
0.0602493
0.0601296
0.0600193
0.0599239
0.0598544
0.0598189
0.0597973
0.0597866
0.0597631
0.0596941
0.0595281
0.0591879
0.0585692
0.0632644
0.0834435
0.0608529
0.06073
0.0606048
0.0604928
0.0603888
0.060284
0.060181
0.0600787
0.0600031
0.0599443
0.0599053
0.0598715
0.0598472
0.0598034
0.0597085
0.059515
0.0591506
0.0585215
0.0625052
0.0853688
0.0482171
0.0593711
0.0603676
0.0604582
0.0604032
0.0603186
0.0602285
0.0601455
0.0600711
0.0600219
0.0599813
0.0599424
0.0598983
0.0598294
0.0597048
0.0594793
0.0590894
0.0584513
0.061772
0.0893223
0.0407545
0.0562547
0.0593395
0.0600992
0.0602802
0.0602921
0.0602455
0.0601856
0.0601267
0.0600824
0.0600371
0.0599895
0.0599252
0.0598279
0.059671
0.0594114
0.0589958
0.058353
0.0610624
0.0889832
0.0452868
0.0545536
0.0580912
0.0594207
0.0599308
0.0601142
0.0601645
0.060156
0.0601275
0.0600929
0.0600492
0.0599904
0.0599066
0.059779
0.0595866
0.0592938
0.0588557
0.0582157
0.0603711
0.0871386
0.0388141
0.0526507
0.0566296
0.058445
0.0593092
0.0597223
0.0599121
0.059991
0.0600133
0.0600051
0.059972
0.059904
0.0598012
0.0596477
0.0594233
0.0591004
0.0586473
0.0580249
0.059693
0.0860165
0.0372341
0.0533272
0.0556554
0.0574166
0.0584927
0.0591085
0.0594517
0.0596369
0.0597266
0.0597566
0.0597444
0.0596771
0.0595604
0.0593855
0.0591369
0.058795
0.0583419
0.0577593
0.0590194
0.0874762
0.0367325
0.0279158
0.0514074
0.0553215
0.0570918
0.0580748
0.0586516
0.0589879
0.0591764
0.0592636
0.0592857
0.0592321
0.0591143
0.058929
0.0586674
0.0583235
0.0578963
0.0573921
0.0583434
0.0929825
0.0376849
0.0359609
0.0477803
0.0529743
0.0553061
0.0566677
0.0574987
0.05801
0.0583151
0.058475
0.0585372
0.0584974
0.0583809
0.0581907
0.0579275
0.0576041
0.0572449
0.0568805
0.0576604
0.0972583
0.0381105
0.0357302
0.032689
0.0520046
0.05357
0.0549298
0.055921
0.0565924
0.0570187
0.0572598
0.0573556
0.0573247
0.057209
0.0570144
0.0567601
0.0564945
0.0562781
0.0561491
0.0569749
0.102522
0.0387882
0.0353125
0.0380182
0.0327958
0.0483248
0.05157
0.0532878
0.0543436
0.0549964
0.0553708
0.055497
0.0554618
0.0553163
0.0550805
0.0548277
0.0546999
0.0547673
0.0549929
0.0556298
0.108004
0.0397929
0.0342953
0.0358217
0.0378872
0.0318883
0.0425811
0.0478708
0.0502875
0.0515747
0.0522625
0.05231
0.0521372
0.0518081
0.0514058
0.0511404
0.051434
0.0517564
0.052613
0.0556252
0.113514
0.041316
0.033612
0.0344496
0.0363862
0.0384595
0.0401019
0.0391544
0.041718
0.0428301
0.0433319
0.0437369
0.0439117
0.0438215
0.0435281
0.0433296
0.0442077
0.0473191
0.0514005
0.056049
0.118903
0.043233
0.0332973
0.0331936
0.0345979
0.0364325
0.0383875
0.0399796
0.0411804
0.0421983
0.0430862
0.0434896
0.0424973
0.0412699
0.0399023
0.0385904
0.0419378
0.046709
0.0509268
0.0566176
0.123794
0.0453127
0.033409
0.032507
0.0334179
0.0350641
0.037085
0.0391132
0.0409837
0.0425863
0.043686
0.0442828
0.0430356
0.041417
0.0397981
0.0384098
0.0378738
0.0452479
0.0504031
0.0571895
0.128017
0.0473412
0.0337503
0.0322268
0.032713
0.0340936
0.0360562
0.0382882
0.0405207
0.0424918
0.0438743
0.0442984
0.0429519
0.0409537
0.0390191
0.0374783
0.0372331
0.04484
0.0501267
0.057818
0.131521
0.049205
0.0341896
0.0321622
0.032299
0.0334109
0.0352734
0.0376226
0.0401188
0.0423769
0.0439632
0.0444035
0.0430295
0.0407266
0.0384476
0.0366217
0.0370447
0.0448159
0.0499696
0.0585171
0.134321
0.0508631
0.0346399
0.0322026
0.0320739
0.0329546
0.0347013
0.0370983
0.0397808
0.0422699
0.0440319
0.0445363
0.0432097
0.0407002
0.0381466
0.0359773
0.0394915
0.0445083
0.0497917
0.0592497
0.136493
0.0522953
0.0350719
0.0322989
0.0319765
0.032666
0.034292
0.036697
0.0395053
0.0421853
0.0441065
0.044647
0.043428
0.0407738
0.0380556
0.0357053
0.0363227
0.0441875
0.0496666
0.0599928
0.138096
0.0534951
0.0354609
0.0324133
0.0319501
0.03249
0.0339979
0.0363966
0.0393041
0.0421437
0.0442076
0.0447867
0.0435721
0.0408663
0.0380899
0.0358082
0.0352585
0.0438699
0.0495763
0.0607507
0.139227
0.0545318
0.035829
0.0325315
0.0319493
0.0323813
0.0337968
0.0361797
0.0391747
0.0421331
0.044303
0.0449309
0.0436889
0.0409996
0.0381819
0.0359912
0.0355312
0.0436603
0.0495277
0.0615142
0.139955
0.0554131
0.0361598
0.0326488
0.0319724
0.0323217
0.0336851
0.0360504
0.0391035
0.0421473
0.0443781
0.0450609
0.0438065
0.0411448
0.0383041
0.0360744
0.036172
0.0435796
0.0495159
0.0622812
0.140329
0.0561332
0.0364426
0.0327491
0.0320131
0.0323084
0.0336341
0.0359992
0.0390837
0.0421823
0.0444665
0.045171
0.0439373
0.0412961
0.0384546
0.0361328
0.0365547
0.0435605
0.0495241
0.0630531
0.140427
0.0567319
0.0366953
0.0328488
0.0320667
0.0323361
0.0336183
0.0359936
0.0391072
0.0422352
0.0445644
0.0452808
0.0440787
0.0414314
0.0386034
0.0364349
0.0367073
0.0435372
0.0495315
0.0638305
0.140266
0.0572577
0.0369336
0.032955
0.0321251
0.0323804
0.0336431
0.0360298
0.0391668
0.0423254
0.0446733
0.0454043
0.0442024
0.0415168
0.0386744
0.0367868
0.0366976
0.0434863
0.0495213
0.0646131
0.139921
0.0577295
0.0371556
0.0330532
0.0321883
0.0324242
0.033701
0.036111
0.0392684
0.0424561
0.044783
0.0455448
0.0443104
0.0415613
0.0386722
0.0370176
0.0365075
0.043417
0.0494805
0.0654011
0.139417
0.0581318
0.037355
0.0331347
0.0322533
0.0324826
0.0337921
0.0362311
0.0394093
0.0425726
0.0449281
0.0456866
0.0443955
0.0415677
0.0386217
0.0372074
0.0361184
0.0432993
0.0494047
0.066195
0.13877
0.0584719
0.0375358
0.0332136
0.0323179
0.0325628
0.0339135
0.0363673
0.0395449
0.0427408
0.0450931
0.0458249
0.0444546
0.0415247
0.0384939
0.03738
0.0359096
0.0429516
0.0493009
0.0669947
0.137998
0.058788
0.0377082
0.0332982
0.0323876
0.0326594
0.0340292
0.0365117
0.0397232
0.0429343
0.0452778
0.0459665
0.0444964
0.041427
0.0382504
0.0374624
0.0357824
0.0423645
0.0491994
0.0678006
0.137111
0.05909
0.0378787
0.033388
0.0324649
0.0327507
0.0341518
0.0366753
0.0399229
0.0431516
0.0454824
0.0461165
0.0445275
0.0412806
0.0378937
0.0371546
0.0355664
0.0416527
0.0491338
0.068612
0.136282
0.0591672
0.0379967
0.0334596
0.0325342
0.0328393
0.0342807
0.0368532
0.0401452
0.0433944
0.0457049
0.0462723
0.0445494
0.0411025
0.0374819
0.0369067
0.0351989
0.0410393
0.0491359
0.0694267
0.135494
0.0590719
0.0380401
0.0335107
0.0325944
0.0329277
0.034418
0.0370484
0.0403917
0.0436606
0.0459397
0.0464266
0.0445618
0.040913
0.0370855
0.0368193
0.0346312
0.0408072
0.0492317
0.0702467
0.134701
0.0588653
0.0380398
0.0335479
0.0326513
0.0330211
0.0345666
0.0372619
0.0406586
0.0439425
0.0461792
0.0465729
0.0445658
0.040724
0.0367196
0.0343986
0.033755
0.0407881
0.0494153
0.0710703
0.133893
0.0585871
0.0380107
0.0335783
0.0327106
0.0331214
0.0347265
0.0374908
0.0409391
0.0442323
0.0464185
0.0467086
0.0445621
0.0405365
0.0363859
0.0363947
0.0335403
0.0409318
0.0496888
0.071898
0.133066
0.0582762
0.0379626
0.0336069
0.0327732
0.033227
0.0348962
0.0377313
0.0412289
0.0445269
0.0466579
0.0468376
0.0445535
0.0403363
0.0358211
0.0306039
0.0337458
0.0412086
0.0500409
0.072729
0.132224
0.0579507
0.0378999
0.0336339
0.0328366
0.033336
0.0350736
0.0379813
0.0415274
0.0448272
0.0469001
0.046966
0.0445614
0.0401211
0.0356684
0.030604
0.0343034
0.041595
0.0504587
0.0735628
0.131381
0.0575985
0.0378211
0.0336559
0.0328985
0.0334479
0.0352578
0.0382407
0.0418367
0.0451356
0.0471439
0.0470848
0.0445469
0.0399828
0.035784
0.031687
0.0350629
0.0420557
0.0509251
0.0743993
0.130542
0.057195
0.037722
0.0336706
0.0329591
0.0335632
0.0354488
0.0385104
0.0421588
0.0454553
0.0473929
0.0472007
0.0445181
0.04002
0.0360365
0.0329355
0.0359001
0.0425585
0.0514227
0.075239
0.129697
0.056731
0.0376028
0.03368
0.0330202
0.0336823
0.0356469
0.0387918
0.0424941
0.0457852
0.0476452
0.0473076
0.0445344
0.0400935
0.0363096
0.0341876
0.0367461
0.0430785
0.0519368
0.0760822
0.128835
0.0562217
0.0374693
0.0336877
0.0330828
0.0338052
0.0358535
0.0390866
0.0428438
0.0461264
0.0479032
0.0474124
0.0445773
0.0401836
0.0365246
0.0353353
0.0375709
0.0435979
0.0524549
0.0769283
0.127955
0.055687
0.0373265
0.0336946
0.0331465
0.0339322
0.0360702
0.039396
0.0432086
0.0464796
0.0481672
0.0475253
0.0446068
0.040275
0.0366428
0.0362299
0.0383614
0.0441046
0.0529675
0.0777774
0.127069
0.0551297
0.0371742
0.0336995
0.0332107
0.0340642
0.036298
0.0397208
0.0435903
0.0468479
0.0484392
0.0476399
0.0445999
0.0403521
0.0366702
0.0368329
0.0390584
0.0445847
0.0534645
0.078629
0.126183
0.054535
0.0370095
0.0337014
0.0332755
0.0342016
0.036537
0.0400614
0.043991
0.0472345
0.0487215
0.0477483
0.0445416
0.0404026
0.0366394
0.0377597
0.039675
0.0450282
0.0539367
0.0794828
0.125296
0.0538887
0.0368321
0.033701
0.0333415
0.0343449
0.0367877
0.0404199
0.0444137
0.047642
0.0490147
0.0478471
0.0444604
0.0403362
0.0365398
0.0384876
0.0401985
0.0454241
0.0543749
0.0803388
0.124401
0.0531956
0.0366461
0.0336997
0.0334094
0.0344948
0.037052
0.040799
0.0448609
0.0480704
0.0493153
0.047929
0.0443319
0.0401729
0.0364948
0.039253
0.0406318
0.0457646
0.0547712
0.081197
0.123493
0.0524689
0.0364562
0.0336988
0.0334798
0.0346526
0.0373316
0.0412
0.0453318
0.0485161
0.0496158
0.0479831
0.0441444
0.0399149
0.0364752
0.0393754
0.0409633
0.0460427
0.0551192
0.0820578
0.122577
0.0517158
0.0362652
0.0336994
0.0335535
0.0348191
0.0376265
0.041621
0.0458222
0.0489725
0.0499086
0.0480013
0.0438925
0.039583
0.0364265
0.0386576
0.0411928
0.046255
0.0554153
0.0829217
0.121659
0.0509347
0.0360747
0.033702
0.033631
0.0349937
0.0379348
0.0420581
0.0463263
0.0494334
0.0501878
0.0479786
0.0435728
0.0391772
0.0363294
0.0373211
0.0413397
0.0464034
0.0556599
0.0837886
0.120737
0.0501272
0.0358881
0.0337077
0.033712
0.0351754
0.0382545
0.0425082
0.0468405
0.0498957
0.0504511
0.0479137
0.0431846
0.0386974
0.0361749
0.0360734
0.0414037
0.046497
0.0558586
0.0846579
0.119808
0.0493058
0.0357101
0.0337173
0.0337963
0.0353635
0.0385844
0.04297
0.0473636
0.0503583
0.0506978
0.0478051
0.0427264
0.0381412
0.0359598
0.0353481
0.0413377
0.0465455
0.0560189
0.0855291
0.118871
0.048488
0.0355453
0.0337319
0.0338846
0.0355586
0.0389249
0.0434434
0.0478951
0.0508202
0.0509254
0.04765
0.0421969
0.037509
0.0356715
0.0349822
0.0411976
0.0465559
0.0561472
0.0864019
0.117931
0.047686
0.0353966
0.0337523
0.0339777
0.0357617
0.0392758
0.0439271
0.0484324
0.0512773
0.0511298
0.0474463
0.0415981
0.0368049
0.0352916
0.0348091
0.0410231
0.0465327
0.056249
0.0872761
0.116993
0.0469046
0.0352655
0.0337789
0.0340761
0.0359726
0.0396356
0.0444175
0.04897
0.0517233
0.0513074
0.0471973
0.0409421
0.0360449
0.0348145
0.0347026
0.0408414
0.0464796
0.0563302
0.0881513
0.116059
0.0461474
0.0351527
0.0338112
0.0341792
0.0361894
0.0400005
0.0449084
0.0495002
0.0521519
0.0514571
0.0469118
0.0402495
0.0352546
0.034262
0.0345862
0.040672
0.0463971
0.0563985
0.0890291
0.115124
0.0454219
0.0350586
0.0338483
0.0342856
0.0364095
0.0403659
0.0453931
0.0500161
0.0525588
0.0515818
0.0466045
0.0395459
0.0344591
0.0331622
0.0345257
0.0404834
0.046276
0.0564571
0.0899081
0.114186
0.0447409
0.034983
0.0338892
0.0343939
0.03663
0.040727
0.0458659
0.0505123
0.0529418
0.0516871
0.0462945
0.0388621
0.0336881
0.032833
0.0348923
0.040312
0.0461244
0.0565175
0.0907876
0.113243
0.0441188
0.0349256
0.0339331
0.034503
0.036849
0.0410805
0.0463225
0.0509847
0.0533001
0.0517799
0.0460051
0.0382417
0.0330029
0.0309742
0.0351721
0.0401272
0.0459371
0.0565875
0.0916682
0.112296
0.0435687
0.0348861
0.03398
0.0346129
0.0370653
0.0414239
0.0467594
0.0514302
0.0536326
0.0518669
0.0457627
0.037752
0.0325959
0.0321729
0.0352768
0.0398997
0.0457059
0.0566697
0.0925495
0.111347
0.0431009
0.034864
0.03403
0.0347235
0.0372781
0.0417552
0.0471736
0.0518459
0.0539394
0.0519556
0.04559
0.0374448
0.032593
0.0331114
0.0353411
0.0396159
0.0454375
0.0567723
0.0934305
0.110398
0.0427232
0.0348587
0.0340833
0.0348351
0.0374866
0.0420721
0.0475622
0.0522298
0.0542225
0.0520576
0.0455186
0.0375106
0.0327594
0.0332222
0.0353415
0.0392758
0.0451562
0.0569137
0.0943104
0.109451
0.0424418
0.0348694
0.0341403
0.0349476
0.0376896
0.0423725
0.0479227
0.0525801
0.054482
0.0521761
0.0456424
0.0377848
0.0329805
0.032999
0.0352576
0.0389021
0.0449041
0.0571201
0.0951884
0.108505
0.0422621
0.0348956
0.034201
0.0350604
0.0378857
0.0426544
0.0482536
0.0528975
0.0547245
0.0523651
0.0458763
0.0381091
0.0332395
0.0327873
0.0351097
0.0385407
0.044732
0.0574188
0.0960632
0.107561
0.0421885
0.034936
0.0342645
0.0351711
0.0380704
0.0429116
0.04855
0.0531888
0.0549849
0.0526162
0.0461832
0.0384812
0.0335348
0.0326646
0.0349458
0.0382519
0.0446886
0.0578314
0.0969339
0.106652
0.0421483
0.034979
0.0343259
0.0352711
0.038232
0.0431367
0.0488176
0.0534704
0.0552688
0.0529255
0.0465624
0.0389127
0.0338907
0.0326457
0.0348291
0.0380973
0.0448098
0.0583704
0.0977994
0.105788
0.0421216
0.0350236
0.0343839
0.0353581
0.0383681
0.0433282
0.0490559
0.0537428
0.0555761
0.0532923
0.0470168
0.0394156
0.0343359
0.0327736
0.0348286
0.0381265
0.0451145
0.0590379
0.098659
0.104967
0.0421073
0.0350691
0.0344373
0.0354304
0.0384758
0.0434835
0.0492636
0.0540059
0.0559078
0.0537192
0.0475531
0.0400018
0.0348933
0.0330982
0.0350043
0.0383687
0.045604
0.0598266
0.0995116
0.10419
0.0421054
0.035115
0.0344856
0.0354867
0.0385533
0.0436002
0.0494383
0.0542588
0.0562644
0.0542091
0.0481785
0.0406816
0.0355741
0.0336493
0.0353911
0.038829
0.0462651
0.0607226
0.100356
0.103459
0.0421168
0.035162
0.0345292
0.0355264
0.0385988
0.0436757
0.0495777
0.0544992
0.0566454
0.0547643
0.0488991
0.0414617
0.0363722
0.0344195
0.035991
0.0394916
0.0470745
0.0617073
0.101191
0.102778
0.0421435
0.0352112
0.0345687
0.0355491
0.0386106
0.0437068
0.0496775
0.0547236
0.0570486
0.0553854
0.0497192
0.0423457
0.0372661
0.035364
0.0367784
0.0403266
0.0480039
0.0627601
0.102016
0.102153
0.0421877
0.0352638
0.0346048
0.0355547
0.0385861
0.0436888
0.0497318
0.054926
0.0574697
0.0560712
0.0506424
0.0433371
0.0382297
0.036417
0.0377116
0.0412967
0.0490243
0.0638613
0.102828
0.101589
0.0422512
0.0353206
0.0346378
0.0355423
0.0385225
0.0436156
0.0497322
0.0550977
0.0579019
0.0568195
0.0516721
0.0444439
0.0392481
0.0375204
0.0387479
0.0423656
0.0501097
0.0649939
0.103629
0.101089
0.0423349
0.035382
0.0346679
0.035511
0.038416
0.0434796
0.0496683
0.0552275
0.0583363
0.0576262
0.0528128
0.04568
0.0403249
0.0386388
0.039854
0.0435024
0.0512396
0.0661457
0.104416
0.100655
0.0424394
0.0354477
0.0346948
0.03546
0.0382631
0.0432729
0.0495279
0.0553018
0.0587611
0.0584857
0.0540691
0.0470647
0.0414827
0.0397573
0.0410106
0.0446853
0.0524004
0.0673093
0.105191
0.100291
0.0425653
0.0355177
0.034719
0.0353895
0.0380613
0.0429874
0.0492976
0.0553041
0.059161
0.0593887
0.0554442
0.0486211
0.04276
0.0408153
0.0422131
0.045902
0.0535854
0.0684828
0.105953
0.0999973
0.0427136
0.0355927
0.0347417
0.035301
0.0378096
0.0426157
0.0489623
0.0552142
0.0595155
0.0603205
0.0569371
0.0503757
0.0442407
0.0420978
0.0434607
0.0471487
0.054795
0.0696694
0.106702
0.0997786
0.0428864
0.0356735
0.0347649
0.0351977
0.0375092
0.0421514
0.0485055
0.0550077
0.0597972
0.0612582
0.0585384
0.0523439
0.0459697
0.0437019
0.0447547
0.0484308
0.0560364
0.0708776
0.107436
0.0996394
0.0430864
0.0357617
0.0347914
0.0350845
0.0371637
0.0415898
0.0479091
0.0546545
0.0599702
0.0621688
0.0602291
0.0545298
0.047924
0.0450631
0.0461056
0.0497628
0.0573243
0.0721213
0.108154
0.0995847
0.0433161
0.0358589
0.0348243
0.0349674
0.0367801
0.0409294
0.0471553
0.05412
0.0599888
0.0630062
0.0619778
0.0569439
0.0502448
0.0466135
0.0475371
0.0511684
0.0586819
0.0734198
0.108852
0.0996187
0.0435782
0.0359662
0.0348667
0.0348542
0.0363692
0.0401736
0.0462279
0.053365
0.0597964
0.0637077
0.0637334
0.0595688
0.0529888
0.0485167
0.0490921
0.0526837
0.0601428
0.0747983
0.109529
0.0997446
0.043875
0.036085
0.0349218
0.0347536
0.0359463
0.0393339
0.0451166
0.0523492
0.0593256
0.0641911
0.0654181
0.0623591
0.056185
0.0509333
0.0508476
0.0543651
0.0617538
0.0762868
0.11018
0.0999647
0.0442087
0.0362163
0.0349926
0.0346754
0.0355317
0.038432
0.0438217
0.0510352
0.0585007
0.064352
0.066919
0.0652263
0.0598223
0.0540004
0.0529239
0.0562973
0.0635757
0.077918
0.110802
0.100281
0.0445817
0.036361
0.0350816
0.0346286
0.0351493
0.0375027
0.0423608
0.0493965
0.0572428
0.0640651
0.068082
0.0680214
0.0638237
0.0578086
0.0553193
0.0585911
0.0656775
0.0797222
0.111388
0.100694
0.0449963
0.0365201
0.0351901
0.0346209
0.0348241
0.0365934
0.040777
0.0474296
0.0554805
0.0631902
0.0687102
0.0705216
0.0680227
0.0624727
0.0578944
0.0613753
0.068132
0.0817231
0.111935
0.101203
0.0454538
0.0366934
0.0353179
0.0346564
0.0345785
0.0357615
0.0391447
0.0451692
0.0531682
0.0615875
0.0685715
0.0724179
0.0721056
0.0682054
0.0640894
0.0647672
0.070989
0.0839268
0.112434
0.101806
0.0459543
0.0368804
0.0354634
0.0347352
0.0344278
0.0350646
0.0375693
0.0427067
0.0503122
0.0591472
0.0674295
0.0733286
0.075413
0.0733954
0.0694729
0.06879
0.0742548
0.086315
0.112874
0.102495
0.0464961
0.0370794
0.0356233
0.034853
0.0343762
0.0345486
0.0361746
0.0402022
0.0470039
0.0558272
0.0650915
0.072939
0.077643
0.0781447
0.0752242
0.0732665
0.0778933
0.0888528
0.113245
0.103264
0.0470766
0.0372889
0.035794
0.0350025
0.0344162
0.0342338
0.0350736
0.0378769
0.0434552
0.0517008
0.0614313
0.0708996
0.0782496
0.0818756
0.0811371
0.078004
0.0818631
0.0915136
0.113529
0.1041
0.0476922
0.0375074
0.0359722
0.0351743
0.0345299
0.0341094
0.0343317
0.0359653
0.0400137
0.0470325
0.0564908
0.0669499
0.0766066
0.0836568
0.0867677
0.0862176
0.0861435
0.0942799
0.113702
0.104994
0.0483391
0.0377336
0.036155
0.0353596
0.0346948
0.0341379
0.0339425
0.034628
0.0371006
0.0423346
0.0506165
0.0611197
0.0722742
0.0822126
0.0890549
0.0914867
0.0906349
0.0971144
0.113732
0.105934
0.0490129
0.0379667
0.0363402
0.0355508
0.0348893
0.0342695
0.0338362
0.0338799
0.035038
0.0382902
0.0445455
0.0538894
0.0653675
0.0774022
0.0881201
0.0955124
0.0981014
0.100112
0.113574
0.106909
0.0497085
0.0382056
0.036526
0.0357425
0.0350965
0.034458
0.0339149
0.0335992
0.0338786
0.0354537
0.0393328
0.0463399
0.0564463
0.0686994
0.081645
0.0934818
0.101841
0.104117
0.113158
0.107909
0.0504192
0.0384488
0.0367113
0.0359314
0.0353061
0.0346701
0.0340908
0.0336102
0.033415
0.0339014
0.0358104
0.0401221
0.0475547
0.0579933
0.0705922
0.0842753
0.0978854
0.109404
0.112966
0.10892
0.0511378
0.0386945
0.0368949
0.0361155
0.0355128
0.0348869
0.0343061
0.0337654
0.0333582
0.0332756
0.0339561
0.036153
0.0407956
0.0484321
0.0587514
0.0708109
0.0837835
0.0980134
0.116134
0.109931
0.0518567
0.0389413
0.0370766
0.0362946
0.0357145
0.0351001
0.0345311
0.033976
0.0334899
0.0331517
0.0331955
0.0340976
0.0366618
0.041794
0.0498804
0.0602825
0.0714596
0.0811873
0.0867892
0.11093
0.0525688
0.0391878
0.0372563
0.0364687
0.035911
0.0353068
0.0347537
0.0342013
0.0336932
0.0332526
0.033
0.0332024
0.0344308
0.0376033
0.0436967
0.0530432
0.065006
0.0782003
0.0915928
0.11191
0.0532681
0.0394333
0.0374344
0.0366381
0.0361025
0.035506
0.0349692
0.0344238
0.0339158
0.0334391
0.0330601
0.0329142
0.0333673
0.0351548
0.0394397
0.0473584
0.0593494
0.074912
0.0943307
0.112862
0.0539495
0.0396773
0.0376115
0.0368033
0.0362892
0.0356981
0.0351769
0.0346373
0.0341365
0.0336498
0.0332207
0.032912
0.0329447
0.0338526
0.0367158
0.0431486
0.0546432
0.0717384
0.0960646
0.11378
0.0546071
0.039918
0.0377869
0.0369646
0.0364711
0.0358826
0.0353768
0.0348416
0.034349
0.0338611
0.0334128
0.0330313
0.0328417
0.0332207
0.0350552
0.0401355
0.0508173
0.0688458
0.0972846
0.114659
0.0552372
0.0401543
0.0379597
0.0371209
0.0366479
0.0360587
0.0355666
0.0350351
0.034551
0.0340645
0.0336102
0.0331959
0.0328896
0.0329575
0.0340783
0.0380263
0.0477473
0.0662799
0.0981953
0.115492
0.0558354
0.0403854
0.0381295
0.0372722
0.0368195
0.0362288
0.0357486
0.0352185
0.0347425
0.0342575
0.0338028
0.0333739
0.0330042
0.0328905
0.0335248
0.0365717
0.0453032
0.0640384
0.0989002
0.116272
0.0563957
0.0406085
0.0382954
0.0374187
0.0369846
0.0363911
0.0359241
0.0353933
0.0349241
0.0344411
0.0339859
0.0335518
0.0331454
0.0329263
0.033228
0.0355795
0.0433658
0.0620964
0.099461
0.116998
0.0569173
0.0408222
0.0384564
0.0375611
0.0371452
0.0365456
0.0360929
0.035561
0.035097
0.0346165
0.0341596
0.0337251
0.0332943
0.0330142
0.0330861
0.034909
0.041833
0.0604219
0.0999169
0.117666
0.0574023
0.041028
0.0386132
0.0376994
0.0373025
0.0366959
0.0362552
0.0357221
0.0352634
0.0347836
0.0343254
0.0338913
0.033443
0.0331278
0.0330375
0.0344614
0.0406217
0.0589834
0.100295
0.118274
0.0578489
0.041226
0.0387669
0.0378345
0.0374547
0.0368436
0.0364126
0.0358767
0.0354239
0.0349423
0.0344835
0.0340502
0.033588
0.0332531
0.033046
0.0341689
0.039665
0.0577521
0.100614
0.118831
0.05826
0.0414165
0.0389182
0.0379688
0.0376026
0.0369874
0.0365657
0.0360258
0.0355781
0.0350948
0.0346341
0.0342022
0.0337283
0.0333832
0.03309
0.0339851
0.0389106
0.0567031
0.10089
0.11934
0.0586407
0.0416002
0.039067
0.0381018
0.0377486
0.037127
0.0367142
0.036171
0.0357258
0.0352418
0.0347783
0.0343485
0.0338644
0.033515
0.0331569
0.0338788
0.0383178
0.0558144
0.101133
0.119802
0.058993
0.0417782
0.0392139
0.0382325
0.0378931
0.0372639
0.0368584
0.0363121
0.0358686
0.0353844
0.0349176
0.0344903
0.0339973
0.0336473
0.0332394
0.0338286
0.0378548
0.0550669
0.10135
0.120223
0.0593178
0.0419516
0.0393595
0.0383625
0.0380346
0.0373984
0.0369996
0.0364496
0.0360079
0.0355235
0.0350537
0.0346291
0.0341284
0.0337798
0.033333
0.0338197
0.0374968
0.0544429
0.101546
0.120607
0.0596176
0.0421198
0.0395028
0.0384929
0.0381742
0.0375315
0.0371386
0.036585
0.0361451
0.0356607
0.0351882
0.0347664
0.0342587
0.0339125
0.0334346
0.0338417
0.0372238
0.0539256
0.101725
0.120958
0.0598966
0.0422839
0.039645
0.0386231
0.0383128
0.0376644
0.0372765
0.0367198
0.0362814
0.0357968
0.0353221
0.034903
0.0343888
0.0340451
0.0335421
0.0338866
0.0370194
0.0534993
0.101889
0.121277
0.060157
0.0424442
0.0397874
0.0387538
0.0384513
0.0377978
0.0374144
0.036855
0.0364175
0.0359328
0.035456
0.0350393
0.0345187
0.0341775
0.0336538
0.0339486
0.0368703
0.0531501
0.102042
0.12157
0.0604009
0.0426022
0.0399294
0.0388862
0.03859
0.037932
0.0375525
0.0369908
0.0365538
0.0360688
0.0355898
0.0351749
0.0346484
0.0343094
0.0337686
0.0340235
0.0367662
0.0528667
0.102185
0.12184
0.0606302
0.0427582
0.0400706
0.0390204
0.0387289
0.0380671
0.0376909
0.037127
0.0366903
0.0362049
0.0357235
0.0353099
0.0347778
0.034441
0.0338858
0.0341083
0.036699
0.0526397
0.102321
0.122087
0.0608468
0.0429119
0.0402116
0.0391556
0.038868
0.0382029
0.0378292
0.0372633
0.0368268
0.0363409
0.0358568
0.0354441
0.0349073
0.0345724
0.034005
0.0342011
0.0366623
0.0524614
0.102451
0.122315
0.0610517
0.0430634
0.0403524
0.0392912
0.0390071
0.0383392
0.0379672
0.0373994
0.036963
0.0364767
0.0359898
0.035578
0.035037
0.0347039
0.034126
0.0343004
0.0366511
0.0523255
0.102578
0.122526
0.061246
0.0432129
0.0404928
0.0394269
0.0391461
0.0384755
0.0381049
0.0375357
0.0370992
0.0366122
0.0361229
0.0357118
0.0351672
0.0348355
0.0342487
0.034405
0.0366612
0.0522263
0.102701
0.122719
0.0614312
0.0433607
0.0406329
0.039563
0.0392848
0.0386121
0.0382427
0.0376723
0.0372351
0.0367476
0.0362561
0.0358458
0.0352979
0.0349673
0.0343729
0.034514
0.0366893
0.0521582
0.10282
0.122897
0.0616093
0.043507
0.040773
0.0396999
0.0394237
0.0387494
0.0383809
0.0378092
0.0373711
0.0368831
0.0363898
0.0359802
0.0354292
0.0350995
0.0344983
0.0346265
0.0367322
0.0521157
0.102935
0.123064
0.061782
0.0436529
0.0409139
0.0398381
0.0395632
0.0388877
0.0385196
0.0379466
0.0375074
0.0370191
0.0365241
0.0361149
0.0355609
0.0352316
0.0346246
0.0347417
0.0367869
0.0520934
0.103047
0.123221
0.0619507
0.0437991
0.0410556
0.0399778
0.0397037
0.0390271
0.0386587
0.0380844
0.0376443
0.0371557
0.0366589
0.0362497
0.0356929
0.0353638
0.0347515
0.034859
0.0368515
0.0520875
0.103156
0.123371
0.0621167
0.0439459
0.0411983
0.0401192
0.0398454
0.0391676
0.0387984
0.0382229
0.0377817
0.0372927
0.036794
0.0363845
0.035825
0.0354959
0.034879
0.0349783
0.0369245
0.0520959
0.103263
0.123516
0.0622803
0.0440931
0.0413419
0.0402621
0.039988
0.0393086
0.0389384
0.038362
0.0379195
0.0374299
0.0369292
0.0365195
0.0359576
0.0356285
0.0350077
0.0350997
0.037005
0.0521179
0.10337
0.123656
0.0624412
0.0442406
0.0414862
0.0404059
0.0401307
0.0394501
0.0390788
0.0385016
0.0380578
0.0375675
0.037065
0.036655
0.0360911
0.0357621
0.0351377
0.0352233
0.0370924
0.0521529
0.103477
0.123791
0.0625984
0.0443879
0.0416309
0.0405499
0.0402734
0.0395919
0.0392198
0.0386419
0.0381966
0.0377057
0.0372017
0.0367915
0.0362259
0.0358968
0.0352692
0.035349
0.0371859
0.0521999
0.103584
0.123919
0.062751
0.0445347
0.0417753
0.0406939
0.0404164
0.0397345
0.0393613
0.0387827
0.0383362
0.0378448
0.0373394
0.0369292
0.0363619
0.0360325
0.035402
0.0354766
0.0372848
0.0522572
0.103691
0.12404
0.0629018
0.0446808
0.0419196
0.0408382
0.0405598
0.0398777
0.0395033
0.0389242
0.0384764
0.0379847
0.0374781
0.0370678
0.0364988
0.036169
0.0355359
0.0356057
0.0373881
0.0523228
0.103798
0.124155
0.0630494
0.0448263
0.0420639
0.0409831
0.0407037
0.0400214
0.0396457
0.0390662
0.0386173
0.0381255
0.0376177
0.037207
0.0366364
0.0363061
0.0356706
0.0357361
0.037495
0.0523944
0.103903
0.12427
0.0631878
0.0449715
0.0422088
0.0411287
0.040848
0.0401654
0.0397885
0.0392088
0.0387589
0.038267
0.037758
0.0373468
0.0367745
0.0364437
0.035806
0.0358676
0.0376048
0.05247
0.104007
0.124384
0.0633188
0.0451197
0.0423545
0.041275
0.0409928
0.0403101
0.0399319
0.0393523
0.0389014
0.0384092
0.0378987
0.0374869
0.0369131
0.0365816
0.035942
0.0359998
0.0377168
0.052548
0.10411
0.124499
0.0634479
0.0452669
0.0425012
0.0414224
0.0411385
0.0404557
0.0400763
0.0394967
0.0390446
0.038552
0.03804
0.0376274
0.0370521
0.0367201
0.0360785
0.0361327
0.0378306
0.0526273
0.104212
0.124615
0.0635763
0.045413
0.0426492
0.0415709
0.0412851
0.0406024
0.0402218
0.039642
0.0391885
0.0386953
0.0381817
0.0377685
0.0371917
0.036859
0.0362155
0.0362663
0.0379461
0.0527078
0.104314
0.124733
0.0637029
0.0455584
0.0427979
0.0417205
0.041433
0.0407504
0.0403682
0.0397881
0.0393329
0.0388391
0.038324
0.0379101
0.037332
0.0369985
0.0363533
0.0364008
0.0380633
0.0527899
0.104416
0.124855
0.0638261
0.045703
0.0429474
0.0418713
0.0415819
0.0408993
0.0405152
0.0399347
0.0394779
0.0389835
0.0384671
0.0380526
0.0374732
0.037139
0.036492
0.0365365
0.0381824
0.0528745
0.104519
0.124978
0.0639454
0.0458468
0.0430973
0.042023
0.0417316
0.0410489
0.0406629
0.040082
0.0396237
0.0391288
0.0386111
0.0381961
0.0376154
0.0372805
0.036632
0.0366734
0.0383037
0.0529623
0.104623
0.1251
0.0640617
0.04599
0.0432478
0.0421753
0.0418818
0.0411991
0.0408112
0.0402301
0.0397704
0.0392752
0.0387563
0.0383407
0.0377588
0.0374231
0.0367732
0.0368117
0.0384271
0.0530535
0.104727
0.125221
0.0641766
0.046133
0.0433989
0.0423282
0.0420327
0.04135
0.0409604
0.0403793
0.0399182
0.0394227
0.0389026
0.0384864
0.0379033
0.037567
0.0369156
0.0369514
0.0385526
0.053148
0.104832
0.12534
0.0642912
0.0462757
0.0435505
0.0424817
0.0421843
0.041502
0.0411108
0.0405296
0.0400673
0.0395714
0.03905
0.0386332
0.0380491
0.037712
0.0370594
0.0370925
0.0386802
0.0532454
0.104937
0.125458
0.0644064
0.0464185
0.0437028
0.0426361
0.0423369
0.0416551
0.0412623
0.0406812
0.0402175
0.0397212
0.0391986
0.0387813
0.0381961
0.0378582
0.0372044
0.0372348
0.0388095
0.0533452
0.105042
0.125575
0.0645231
0.0465617
0.043856
0.0427916
0.0424907
0.0418096
0.0414153
0.0408341
0.040369
0.0398723
0.0393485
0.0389306
0.0383443
0.0380057
0.0373507
0.0373785
0.0389406
0.053447
0.105147
0.125691
0.0646427
0.0467059
0.0440105
0.0429485
0.042646
0.0419656
0.0415697
0.0409885
0.040522
0.0400248
0.0394998
0.0390813
0.038494
0.0381546
0.0374983
0.0375233
0.0390733
0.0535502
0.105252
0.125805
0.064767
0.0468519
0.0441667
0.0431073
0.042803
0.0421233
0.0417257
0.0411445
0.0406765
0.0401789
0.0396527
0.0392335
0.0386451
0.0383047
0.037647
0.0376694
0.0392073
0.0536546
0.105358
0.12592
0.0648971
0.0470003
0.0443249
0.043268
0.0429619
0.0422827
0.0418834
0.0413021
0.0408325
0.0403345
0.039807
0.039387
0.0387974
0.038456
0.0377969
0.0378166
0.0393425
0.0537599
0.105463
0.126038
0.0650324
0.0471511
0.0444851
0.0434307
0.0431226
0.0424439
0.0420427
0.0414612
0.0409901
0.0404914
0.0399625
0.0395417
0.0389509
0.0386083
0.0379479
0.0379648
0.0394787
0.0538652
0.10557
0.126158
0.0651709
0.047304
0.044647
0.0435952
0.0432848
0.0426064
0.0422033
0.0416216
0.0411488
0.0406495
0.0401192
0.0396974
0.0391054
0.0387616
0.0380999
0.038114
0.039616
0.0539702
0.105677
0.126282
0.06531
0.0474587
0.0448103
0.0437609
0.0434483
0.0427702
0.042365
0.0417831
0.0413085
0.0408085
0.0402768
0.039854
0.0392607
0.0389159
0.038253
0.0382643
0.039754
0.0540753
0.105785
0.126409
0.0654474
0.0476147
0.0449746
0.0439277
0.0436127
0.0429348
0.0425275
0.0419455
0.0414691
0.0409684
0.0404352
0.0400116
0.0394172
0.0390714
0.0384072
0.0384159
0.039893
0.0541806
0.105894
0.126538
0.065582
0.0477717
0.0451397
0.0440952
0.043778
0.0431003
0.0426908
0.0421086
0.0416305
0.0411291
0.0405946
0.0401702
0.0395748
0.0392281
0.0385628
0.0385688
0.0400333
0.0542865
0.106005
0.126668
0.0657134
0.0479294
0.0453055
0.0442634
0.0439439
0.0432665
0.0428549
0.0422725
0.0417928
0.041291
0.0407552
0.0403302
0.0397339
0.0393862
0.0387199
0.0387231
0.0401749
0.0543935
0.106117
0.126799
0.0658419
0.0480876
0.0454722
0.0444325
0.0441107
0.0434337
0.0430201
0.0424376
0.0419564
0.0414542
0.0409173
0.0404917
0.0398945
0.0395458
0.0388784
0.0388789
0.040318
0.0545021
0.106231
0.126931
0.0659682
0.0482461
0.0456399
0.0446026
0.0442786
0.043602
0.0431866
0.0426042
0.0421215
0.0416191
0.0410811
0.0406549
0.0400566
0.039707
0.0390384
0.0390362
0.0404626
0.0546123
0.106347
0.127063
0.0660934
0.0484046
0.0458086
0.0447742
0.0444478
0.0437718
0.0433546
0.0427724
0.0422883
0.0417856
0.0412465
0.0408196
0.0402204
0.0398697
0.0391999
0.0391948
0.0406087
0.0547241
0.106464
0.127196
0.0662186
0.0485633
0.0459783
0.0449473
0.0446188
0.0439433
0.0435243
0.0429423
0.0424569
0.0419538
0.0414136
0.0409859
0.0403856
0.0400336
0.0393628
0.0393547
0.0407561
0.0548369
0.106583
0.127329
0.0663437
0.0487229
0.0461492
0.0451217
0.0447916
0.0441168
0.0436959
0.0431141
0.0426272
0.0421238
0.0415822
0.0411536
0.0405522
0.040199
0.0395268
0.0395158
0.0409044
0.0549498
0.106703
0.127461
0.0664663
0.0488844
0.0463222
0.0452979
0.044966
0.044292
0.0438694
0.0432877
0.0427992
0.0422952
0.0417523
0.0413227
0.04072
0.0403656
0.039692
0.0396778
0.041053
0.0550613
0.106823
0.127595
0.0665833
0.0490481
0.0464983
0.0454769
0.0451429
0.0444694
0.0440448
0.0434631
0.042973
0.0424683
0.0419237
0.0414931
0.040889
0.0405333
0.0398582
0.0398408
0.041201
0.0551687
0.106944
0.127732
0.0666936
0.0492109
0.046676
0.0456584
0.0453223
0.0446492
0.0442225
0.0436405
0.0431485
0.042643
0.0420967
0.0416649
0.0410594
0.0407023
0.0400255
0.0400044
0.0413461
0.0552665
0.107062
)
;

boundaryField
{
    wall
    {
        type            compressible::alphatJayatillekeWallFunction;
        Prt             0.85;
        value           uniform 0;
    }
    inlet
    {
        type            calculated;
        value           uniform 9.47574;
    }
    outlet
    {
        type            calculated;
        value           nonuniform List<scalar> 
20
(
0.124719
0.0577326
0.0582613
0.0584326
0.0582456
0.0577811
0.0570974
0.0567325
0.0580004
0.0603117
8.06525
8.06525
8.06525
8.06525
8.06525
8.06525
8.06525
8.06525
8.06525
0.146515
)
;
    }
    heatWall
    {
        type            compressible::alphatJayatillekeWallFunction;
        Prt             0.85;
        value           nonuniform List<scalar> 
840
(
0.0115097
0.0113719
0.0112397
0.0111127
0.0109903
0.0108718
0.0107567
0.0106446
0.0105356
0.0104294
0.0103259
0.0102251
0.0101268
0.010031
0.00993753
0.00984641
0.00975754
0.00967082
0.00958621
0.00950363
0.00942303
0.00934434
0.0092675
0.00919246
0.00911915
0.00904753
0.00897754
0.00890913
0.00884224
0.00877683
0.00871286
0.00865026
0.008589
0.00852903
0.00847031
0.00841278
0.00835639
0.0083011
0.00824687
0.00819363
0.00814134
0.00808996
0.00803941
0.00798966
0.00794063
0.00789225
0.00784445
0.00779712
0.00775013
0.0077033
0.00463417
0.00464001
0.00464536
0.00465085
0.0046564
0.00466204
0.00466775
0.00467355
0.00467944
0.00468541
0.00469146
0.00469758
0.00470378
0.00471004
0.00471637
0.00472276
0.00472921
0.00473572
0.0047423
0.00474895
0.00475567
0.00476247
0.00476934
0.00477629
0.00478331
0.0047904
0.00479757
0.00480481
0.00481212
0.00481951
0.00482697
0.00483451
0.00484213
0.00484984
0.00485764
0.00486552
0.0048735
0.00488157
0.00488973
0.00489799
0.00490633
0.00491477
0.00492331
0.00493194
0.00494066
0.00494947
0.00495838
0.00496739
0.00497649
0.00498569
0.004995
0.00500442
0.00501395
0.0050236
0.00503337
0.00504327
0.00505329
0.00506345
0.00507373
0.00508416
0.00509472
0.00510542
0.00511627
0.00512725
0.00513839
0.00514967
0.00516109
0.00517266
0.00518438
0.00519625
0.00520828
0.00522046
0.00523281
0.00524532
0.00525799
0.00527084
0.00528386
0.00529707
0.00531045
0.00532403
0.0053378
0.00535177
0.00536594
0.00538032
0.00539491
0.00540972
0.00542474
0.00543998
0.00545544
0.00547112
0.00548703
0.00550318
0.00551956
0.00553619
0.00555307
0.00557022
0.00558763
0.00560531
0.00562328
0.00564152
0.00566006
0.0056789
0.00569804
0.00571749
0.00573725
0.00575735
0.00577777
0.00579854
0.00581966
0.00584114
0.00586299
0.00588521
0.00590781
0.00593081
0.00595421
0.00597803
0.00600227
0.00602694
0.00605207
0.00607764
0.00610369
0.00613021
0.00615723
0.00618475
0.00621279
0.00624136
0.00627047
0.00630014
0.00633038
0.00636122
0.00639265
0.0064247
0.00645739
0.00649073
0.00652474
0.00655945
0.00659486
0.006631
0.00666789
0.00670554
0.00674397
0.0067832
0.00682325
0.00686414
0.00690588
0.00694849
0.00699199
0.00703639
0.00708172
0.00712797
0.00717515
0.00722326
0.00727231
0.00732227
0.00737312
0.00742481
0.00747729
0.00753047
0.00758422
0.00763828
0.00384551
0.00374091
0.00363614
0.00352845
0.00341719
0.00330235
0.00318452
0.00306512
0.00294644
0.00283171
0.00272492
0.00263041
0.00255227
0.00249306
0.00244072
0.00242464
0.00243899
0.00246869
0.00249589
0.00252159
0.00255032
0.00258262
0.00261554
0.00264848
0.00268124
0.00271401
0.00274701
0.0027803
0.00281389
0.00284776
0.00288189
0.00291624
0.00295074
0.00298532
0.00301994
0.00305456
0.00308918
0.00312383
0.00315849
0.00319317
0.0032279
0.00326269
0.00329755
0.0033325
0.00336755
0.00340273
0.00343803
0.00347347
0.00350904
0.00354477
0.00358063
0.00361662
0.00365272
0.00368892
0.0037252
0.00376156
0.00379796
0.00383437
0.00387076
0.00390706
0.00394324
0.00397927
0.00401512
0.00405075
0.00408613
0.00412122
0.00415599
0.00419041
0.00422447
0.00425814
0.00429142
0.00432429
0.00435675
0.00438878
0.00442037
0.00445152
0.00448219
0.00451237
0.00454201
0.00457104
0.00459936
0.00462687
0.00465339
0.00467875
0.00470273
0.00472505
0.0047454
0.00476338
0.00477849
0.00479003
0.004797
0.00479785
0.00479009
0.00476928
0.0047274
0.00464379
0.00433744
0.00393682
0.00407498
0.00415761
0.0042131
0.00425369
0.00428496
0.00430986
0.00433018
0.00434709
0.00436138
0.00437365
0.00438434
0.00439379
0.00440226
0.00440996
0.00441704
0.00442362
0.00442978
0.0044356
0.00444112
0.0044464
0.00445148
0.00445639
0.00446117
0.00446582
0.00447036
0.0044748
0.00447915
0.00448343
0.00448765
0.00449183
0.004496
0.00450015
0.00450431
0.00450846
0.00451261
0.00451677
0.00452092
0.00452508
0.00452925
0.00453342
0.00453761
0.00454181
0.00454602
0.00455024
0.00455448
0.00455873
0.004563
0.00456729
0.0045716
0.00457593
0.00458028
0.00458465
0.00458904
0.00459346
0.0045979
0.00460237
0.00460688
0.00461141
0.00461599
0.00462059
0.00462521
0.0046298
0.00772815
0.00763112
0.0075382
0.00744618
0.00735532
0.00726561
0.00717701
0.0070895
0.00700305
0.00691762
0.00683317
0.00674968
0.00666709
0.0065854
0.00650457
0.00642458
0.0063454
0.00626701
0.00618938
0.00611249
0.00603631
0.00596082
0.00588601
0.00581185
0.00573834
0.00566544
0.00559313
0.0055214
0.00545021
0.00537955
0.00530937
0.00523964
0.00517032
0.00510136
0.00503269
0.00496423
0.00489592
0.00482764
0.00475929
0.00469074
0.00462184
0.00455241
0.00448225
0.00441111
0.00433869
0.00426469
0.00418885
0.00411064
0.0040285
0.00394039
0.00552586
0.00553226
0.00553855
0.00554505
0.0055516
0.00555818
0.00556481
0.00557147
0.00557816
0.00558489
0.00559166
0.00559846
0.00560529
0.00561215
0.00561905
0.00562599
0.00563296
0.00563997
0.00564703
0.00565415
0.00566134
0.0056686
0.00567593
0.00568334
0.00569083
0.00569839
0.00570601
0.0057137
0.00572143
0.00572921
0.00573704
0.0057449
0.00575281
0.00576076
0.00576876
0.00577681
0.00578492
0.00579309
0.00580131
0.0058096
0.00581795
0.00582637
0.00583486
0.00584341
0.00585203
0.00586072
0.00586947
0.00587829
0.00588717
0.00589611
0.00590512
0.00591418
0.0059233
0.00593249
0.00594174
0.00595105
0.00596043
0.00596989
0.00597943
0.00598904
0.00599874
0.00600852
0.00601838
0.00602834
0.00603838
0.00604851
0.00605874
0.00606905
0.00607946
0.00608996
0.00610054
0.00611121
0.00612197
0.0061328
0.00614372
0.00615473
0.00616582
0.00617699
0.00618826
0.00619963
0.00621109
0.00622266
0.00623433
0.00624611
0.006258
0.00627
0.00628212
0.00629435
0.0063067
0.00631916
0.00633172
0.0063444
0.00635718
0.00637007
0.00638307
0.00639618
0.00640941
0.00642276
0.00643624
0.00644985
0.0064636
0.00647748
0.00649149
0.00650565
0.00651994
0.00653438
0.00654896
0.00656368
0.00657855
0.00659356
0.00660871
0.00662402
0.00663947
0.00665507
0.00667083
0.00668676
0.00670285
0.0067191
0.00673553
0.00675214
0.00676893
0.00678589
0.00680305
0.0068204
0.00683794
0.00685569
0.00687363
0.00689178
0.00691014
0.00692872
0.00694751
0.00696652
0.00698577
0.00700525
0.00702497
0.00704493
0.00706515
0.00708562
0.00710636
0.00712736
0.00714865
0.00717022
0.00719209
0.00721427
0.00723677
0.00725961
0.0072828
0.00730636
0.0073303
0.00735469
0.00737988
0.00740597
0.0074331
0.00746142
0.00749114
0.00752252
0.00755592
0.00759181
0.00763083
0.0076739
0.0115097
0.0113719
0.0112397
0.0111127
0.0109903
0.0108718
0.0107567
0.0106446
0.0105356
0.0104294
0.0103259
0.0102251
0.0101269
0.0100311
0.00993775
0.00984671
0.00975791
0.00967128
0.00958676
0.00950428
0.00942378
0.0093452
0.00926849
0.00919358
0.00912044
0.00904901
0.00897925
0.0089111
0.00884453
0.00877948
0.00871593
0.00865382
0.00859313
0.00853381
0.00847584
0.00841919
0.00836384
0.00830975
0.00825692
0.00820512
0.00815418
0.00810403
0.00805459
0.00800576
0.00795741
0.00790935
0.00786132
0.00781289
0.00776325
0.00771085
0.00751471
0.00743574
0.00734137
0.00724993
0.00716
0.00707154
0.00698461
0.00689915
0.00681512
0.00673256
0.0066515
0.00657199
0.00649396
0.00641727
0.00634174
0.00626715
0.0061933
0.00612004
0.00604727
0.00597507
0.00590343
0.00583241
0.00576212
0.00569274
0.00562433
0.005557
0.00549081
0.00542576
0.00536176
0.00529866
0.00523629
0.00517448
0.00511308
0.00505196
0.00499099
0.00493024
0.00486964
0.00480914
0.00474877
0.00468857
0.00462852
0.00456863
0.00450908
0.00444976
0.00439086
0.00433236
0.00427444
0.0042171
0.00416043
0.00410483
0.00405721
0.00400557
0.00395471
0.0039085
0.00387106
0.00384847
0.00385284
0.00393504
0.00400529
0.00396741
0.00392209
0.00390038
0.00399964
0.00415842
0.00432895
0.00453357
0.00475061
0.00497125
0.00518082
0.00536904
0.00553097
0.00566536
0.00577358
0.00585748
0.00591947
0.00596293
0.00599063
0.006005
0.00600788
0.00600173
0.00598804
0.00596802
0.00594287
0.00591326
0.00588164
0.00584971
0.00581748
0.0057849
0.00575198
0.00571869
0.00568505
0.00565103
0.00561664
0.00558187
0.00554673
0.00551124
0.00547545
0.00543937
0.00540293
0.00536609
0.00532889
0.00529137
0.00525358
0.00521547
0.00517701
0.00513825
0.00509925
0.00506009
0.00502078
0.0049813
0.00494166
0.00490186
0.00486192
0.00482188
0.00478177
0.00474163
0.00470147
0.00466291
0.00462627
0.00459159
0.00455893
0.00452836
0.00449999
0.00447397
0.00445043
0.00442954
0.00441145
0.00439631
0.00438429
0.00437558
0.00437034
0.00436878
0.00437105
0.00437729
0.0043876
0.00440199
0.00442044
0.00444283
0.004469
0.00449867
0.00453152
0.00456714
0.00460506
0.00464476
0.00468573
0.00472746
0.00476944
0.00481121
0.00485234
0.00489242
0.00493113
0.00496817
0.00500333
0.00503645
0.00506742
0.00509621
0.00512277
0.00514714
0.00516943
0.00518971
0.00520813
0.00522488
0.0052401
0.00525394
0.00526652
0.00527799
0.00528847
0.00529807
0.0053069
0.00531505
0.00532258
0.00532956
0.00533606
0.00534214
0.00534783
0.00535323
0.00535838
0.00536333
0.0053681
0.00537272
0.00537734
0.00538201
0.00538672
0.00539143
0.00539615
0.0054009
0.00540568
0.0054105
0.00541535
0.00542023
0.00542513
0.00543006
0.00543499
0.00543991
0.0054448
0.00544968
0.00545454
0.00545939
0.00546427
0.00546916
0.0054741
0.00547907
0.00548409
0.00548915
0.00549426
0.0054994
0.00550457
0.00550976
0.00551499
0.00552025
)
;
    }
}


// ************************************************************************* //
