/*--------------------------------*- C++ -*----------------------------------*\
  =========                 |
  \\      /  F ield         | OpenFOAM: The Open Source CFD Toolbox
   \\    /   O peration     | Website:  https://openfoam.org
    \\  /    A nd           | Version:  8
     \\/     M anipulation  |
\*---------------------------------------------------------------------------*/
FoamFile
{
    version     2.0;
    format      ascii;
    class       volScalarField;
    location    "400";
    object      T;
}
// * * * * * * * * * * * * * * * * * * * * * * * * * * * * * * * * * * * * * //

dimensions      [0 0 0 1 0 0 0];

internalField   nonuniform List<scalar> 
8400
(
294.898
294.993
295.092
295.193
295.298
295.405
295.515
295.628
295.743
295.86
295.981
296.103
296.228
296.355
296.484
296.615
296.748
296.882
297.018
297.155
297.293
297.432
297.573
297.713
297.855
297.996
298.138
298.28
298.421
298.562
298.703
298.843
298.981
299.119
299.256
299.391
299.524
299.656
299.786
299.914
300.039
300.163
300.283
300.402
300.517
300.63
300.74
300.847
300.951
301.052
295.045
295.141
295.24
295.342
295.447
295.555
295.666
295.779
295.895
296.013
296.134
296.257
296.383
296.51
296.64
296.771
296.904
297.039
297.175
297.312
297.45
297.59
297.73
297.871
298.012
298.154
298.296
298.437
298.579
298.72
298.86
298.999
299.138
299.275
299.411
299.546
299.679
299.81
299.94
300.067
300.192
300.315
300.435
300.553
300.669
300.781
300.891
300.997
301.101
301.202
295.123
295.22
295.32
295.423
295.529
295.638
295.749
295.863
295.98
296.099
296.22
296.344
296.47
296.598
296.728
296.86
296.993
297.128
297.264
297.402
297.541
297.68
297.821
297.961
298.103
298.244
298.386
298.527
298.668
298.809
298.949
299.088
299.226
299.363
299.499
299.633
299.765
299.896
300.025
300.152
300.276
300.398
300.518
300.636
300.75
300.862
300.972
301.078
301.182
301.282
295.151
295.249
295.35
295.453
295.56
295.669
295.781
295.895
296.012
296.132
296.254
296.378
296.504
296.632
296.763
296.895
297.028
297.164
297.3
297.438
297.577
297.716
297.857
297.997
298.139
298.28
298.422
298.563
298.704
298.844
298.984
299.123
299.261
299.398
299.533
299.667
299.8
299.93
300.059
300.185
300.309
300.431
300.551
300.668
300.783
300.894
301.003
301.11
301.213
301.314
295.159
295.257
295.358
295.461
295.568
295.677
295.789
295.904
296.021
296.141
296.263
296.387
296.513
296.642
296.772
296.904
297.038
297.173
297.31
297.447
297.586
297.726
297.866
298.007
298.148
298.29
298.431
298.573
298.714
298.854
298.994
299.133
299.271
299.407
299.543
299.677
299.809
299.939
300.068
300.194
300.319
300.441
300.56
300.677
300.792
300.904
301.013
301.119
301.223
301.323
295.165
295.263
295.364
295.468
295.575
295.684
295.796
295.911
296.028
296.148
296.27
296.394
296.521
296.649
296.779
296.912
297.045
297.181
297.317
297.455
297.594
297.733
297.874
298.015
298.156
298.297
298.439
298.58
298.721
298.862
299.001
299.14
299.278
299.415
299.55
299.684
299.816
299.947
300.075
300.201
300.326
300.448
300.567
300.684
300.799
300.91
301.02
301.126
301.229
301.33
295.167
295.265
295.366
295.47
295.576
295.686
295.798
295.913
296.03
296.15
296.272
296.396
296.522
296.651
296.781
296.913
297.047
297.182
297.319
297.457
297.596
297.735
297.876
298.017
298.158
298.299
298.441
298.582
298.723
298.864
299.003
299.142
299.28
299.417
299.552
299.686
299.818
299.948
300.077
300.203
300.328
300.45
300.569
300.686
300.801
300.913
301.022
301.128
301.232
301.333
295.169
295.268
295.369
295.473
295.58
295.689
295.801
295.916
296.033
296.153
296.275
296.399
296.526
296.654
296.785
296.917
297.051
297.186
297.323
297.46
297.599
297.739
297.879
298.02
298.162
298.303
298.445
298.586
298.727
298.867
299.007
299.146
299.284
299.42
299.556
299.69
299.822
299.952
300.081
300.207
300.331
300.453
300.573
300.69
300.804
300.916
301.025
301.132
301.236
301.336
295.17
295.268
295.37
295.474
295.58
295.69
295.802
295.917
296.034
296.154
296.276
296.4
296.527
296.655
296.786
296.918
297.052
297.187
297.324
297.462
297.601
297.74
297.881
298.022
298.163
298.304
298.446
298.587
298.728
298.869
299.008
299.147
299.285
299.422
299.557
299.691
299.823
299.954
300.082
300.209
300.333
300.455
300.574
300.692
300.806
300.918
301.027
301.134
301.238
301.339
295.17
295.268
295.369
295.473
295.58
295.689
295.801
295.916
296.033
296.153
296.275
296.4
296.526
296.655
296.785
296.917
297.051
297.186
297.323
297.461
297.6
297.74
297.88
298.021
298.162
298.304
298.445
298.587
298.728
298.868
299.008
299.147
299.285
299.422
299.557
299.691
299.823
299.954
300.082
300.209
300.333
300.455
300.575
300.692
300.807
300.919
301.028
301.135
301.238
301.339
295.166
295.264
295.365
295.469
295.576
295.685
295.798
295.912
296.029
296.149
296.271
296.396
296.522
296.651
296.781
296.913
297.047
297.182
297.319
297.457
297.596
297.735
297.876
298.017
298.158
298.3
298.441
298.583
298.724
298.865
299.004
299.143
299.281
299.418
299.554
299.688
299.82
299.951
300.079
300.206
300.33
300.452
300.572
300.69
300.804
300.917
301.026
301.133
301.237
301.338
295.161
295.259
295.36
295.463
295.57
295.679
295.791
295.906
296.023
296.143
296.265
296.389
296.515
296.644
296.774
296.906
297.04
297.175
297.312
297.45
297.589
297.728
297.869
298.01
298.151
298.293
298.434
298.576
298.717
298.858
298.998
299.137
299.275
299.412
299.547
299.682
299.814
299.945
300.073
300.2
300.325
300.447
300.567
300.684
300.799
300.912
301.021
301.128
301.232
301.333
295.156
295.253
295.354
295.458
295.564
295.673
295.785
295.9
296.017
296.136
296.258
296.383
296.509
296.637
296.768
296.9
297.033
297.169
297.305
297.443
297.582
297.722
297.862
298.003
298.145
298.287
298.428
298.57
298.711
298.852
298.992
299.131
299.269
299.406
299.542
299.676
299.809
299.939
300.068
300.195
300.32
300.442
300.562
300.68
300.795
300.907
301.017
301.124
301.228
301.329
295.149
295.246
295.347
295.45
295.557
295.666
295.777
295.892
296.009
296.128
296.25
296.374
296.5
296.628
296.759
296.891
297.024
297.16
297.296
297.434
297.573
297.713
297.853
297.994
298.136
298.277
298.419
298.561
298.702
298.843
298.983
299.122
299.261
299.398
299.533
299.668
299.8
299.931
300.06
300.187
300.312
300.435
300.555
300.672
300.788
300.9
301.01
301.117
301.221
301.323
295.143
295.241
295.341
295.444
295.551
295.659
295.771
295.885
296.002
296.122
296.243
296.367
296.493
296.622
296.752
296.884
297.017
297.153
297.289
297.427
297.566
297.706
297.846
297.987
298.129
298.271
298.413
298.554
298.696
298.836
298.977
299.116
299.254
299.392
299.527
299.662
299.795
299.926
300.055
300.182
300.307
300.429
300.549
300.667
300.782
300.895
301.005
301.112
301.216
301.318
295.131
295.228
295.328
295.431
295.537
295.646
295.757
295.871
295.988
296.107
296.229
296.352
296.478
296.606
296.736
296.868
297.002
297.137
297.273
297.411
297.55
297.69
297.83
297.971
298.113
298.255
298.397
298.538
298.68
298.821
298.961
299.101
299.239
299.376
299.512
299.647
299.78
299.911
300.041
300.168
300.293
300.416
300.536
300.654
300.77
300.883
300.993
301.1
301.205
301.307
295.116
295.213
295.313
295.415
295.521
295.629
295.74
295.854
295.97
296.089
296.211
296.334
296.46
296.588
296.718
296.849
296.983
297.118
297.254
297.392
297.53
297.67
297.811
297.952
298.093
298.235
298.377
298.519
298.66
298.801
298.942
299.081
299.22
299.358
299.494
299.629
299.762
299.893
300.023
300.15
300.276
300.399
300.519
300.638
300.753
300.867
300.977
301.085
301.19
301.292
295.076
295.172
295.271
295.373
295.477
295.585
295.695
295.809
295.924
296.042
296.163
296.286
296.411
296.539
296.668
296.799
296.932
297.067
297.203
297.34
297.479
297.618
297.759
297.9
298.041
298.183
298.325
298.467
298.609
298.75
298.891
299.03
299.169
299.307
299.444
299.579
299.713
299.845
299.975
300.103
300.229
300.353
300.474
300.593
300.709
300.823
300.934
301.043
301.148
301.252
295.009
295.105
295.203
295.305
295.409
295.516
295.626
295.738
295.853
295.971
296.091
296.214
296.338
296.465
296.594
296.725
296.858
296.992
297.128
297.265
297.404
297.543
297.683
297.824
297.966
298.108
298.25
298.392
298.533
298.675
298.816
298.956
299.095
299.233
299.37
299.505
299.639
299.772
299.902
300.03
300.157
300.281
300.402
300.521
300.638
300.752
300.863
300.972
301.078
301.181
294.893
294.988
295.086
295.188
295.292
295.399
295.509
295.622
295.738
295.856
295.976
296.099
296.224
296.351
296.481
296.612
296.745
296.88
297.016
297.154
297.293
297.432
297.573
297.715
297.856
297.999
298.141
298.284
298.426
298.568
298.709
298.849
298.989
299.128
299.265
299.401
299.535
299.667
299.798
299.927
300.053
300.177
300.299
300.418
300.534
300.648
300.759
300.867
300.972
301.074
303.15
303.15
303.151
303.151
303.151
303.151
303.151
303.15
303.149
303.148
303.147
303.146
303.145
303.144
303.143
303.142
303.141
303.14
303.139
303.138
303.137
303.136
303.135
303.134
303.133
303.132
303.131
303.13
303.129
303.128
303.128
303.127
303.126
303.125
303.124
303.123
303.122
303.122
303.121
303.12
303.119
303.119
303.118
303.117
303.116
303.116
303.115
303.114
303.114
303.113
303.15
303.15
303.149
303.149
303.149
303.149
303.149
303.149
303.149
303.149
303.149
303.149
303.149
303.149
303.149
303.149
303.149
303.149
303.149
303.149
303.149
303.148
303.148
303.148
303.148
303.148
303.148
303.148
303.148
303.148
303.148
303.147
303.147
303.147
303.147
303.147
303.147
303.147
303.147
303.147
303.147
303.146
303.146
303.146
303.146
303.146
303.146
303.146
303.146
303.146
303.15
303.15
303.15
303.15
303.15
303.15
303.15
303.15
303.15
303.15
303.15
303.15
303.15
303.15
303.15
303.15
303.15
303.15
303.15
303.15
303.15
303.15
303.15
303.15
303.15
303.15
303.15
303.15
303.15
303.15
303.15
303.15
303.15
303.15
303.15
303.15
303.15
303.15
303.15
303.15
303.15
303.15
303.15
303.15
303.15
303.15
303.15
303.15
303.15
303.15
303.15
303.15
303.15
303.15
303.15
303.15
303.15
303.15
303.15
303.15
303.15
303.15
303.15
303.15
303.15
303.15
303.15
303.15
303.15
303.15
303.15
303.15
303.15
303.15
303.15
303.15
303.15
303.15
303.15
303.15
303.15
303.15
303.15
303.15
303.15
303.15
303.15
303.15
303.15
303.15
303.15
303.15
303.15
303.15
303.15
303.15
303.15
303.15
303.15
303.15
303.15
303.15
303.15
303.15
303.15
303.15
303.15
303.15
303.15
303.15
303.15
303.15
303.15
303.15
303.15
303.15
303.15
303.15
303.15
303.15
303.15
303.15
303.15
303.15
303.15
303.15
303.15
303.15
303.15
303.15
303.15
303.15
303.15
303.15
303.15
303.15
303.15
303.15
303.15
303.15
303.15
303.15
303.15
303.15
303.15
303.15
303.15
303.15
303.15
303.15
303.15
303.15
303.15
303.15
303.15
303.15
303.15
303.15
303.15
303.15
303.15
303.15
303.15
303.15
303.15
303.15
303.15
303.15
303.15
303.15
303.15
303.15
303.15
303.15
303.15
303.15
303.15
303.15
303.15
303.15
303.15
303.15
303.15
303.15
303.15
303.15
303.15
303.15
303.15
303.15
303.15
303.15
303.15
303.15
303.15
303.15
303.15
303.15
303.15
303.15
303.15
303.15
303.15
303.15
303.15
303.15
303.15
303.15
303.15
303.15
303.15
303.15
303.15
303.15
303.15
303.15
303.15
303.15
303.15
303.15
303.15
303.15
303.15
303.15
303.15
303.15
303.15
303.15
303.15
303.15
303.15
303.15
303.15
303.15
303.15
303.15
303.15
303.15
303.15
303.15
303.15
303.15
303.15
303.15
303.15
303.15
303.15
303.15
303.15
303.15
303.15
303.15
303.15
303.15
303.15
303.15
303.15
303.15
303.15
303.15
303.15
303.15
303.15
303.15
303.15
303.15
303.15
303.15
303.15
303.15
303.15
303.15
303.15
303.15
303.15
303.15
303.15
303.15
303.15
303.15
303.15
303.15
303.15
303.15
303.15
303.15
303.15
303.15
303.15
303.15
303.15
303.15
303.15
303.15
303.15
303.15
303.15
303.15
303.15
303.15
303.15
303.15
303.15
303.15
303.15
303.15
303.15
303.15
303.15
303.15
303.15
303.15
303.15
303.15
303.15
303.15
303.15
303.15
303.15
303.15
303.15
303.15
303.15
303.15
303.15
303.15
303.15
303.15
303.15
303.15
303.15
303.15
303.15
303.15
303.15
303.15
303.15
303.15
303.15
303.15
303.15
303.15
303.15
303.15
303.15
303.15
303.15
303.15
303.15
303.15
303.15
303.15
303.15
303.15
303.15
303.15
303.15
303.15
303.15
303.15
303.15
303.15
303.15
303.15
303.15
303.15
303.15
303.15
303.15
303.15
303.15
303.15
303.15
303.15
303.15
303.15
303.15
303.15
303.15
303.15
303.15
303.15
303.15
303.15
303.15
303.15
303.15
303.15
303.15
303.15
303.15
303.15
303.15
303.15
303.15
303.15
303.15
303.15
303.15
303.15
303.15
303.15
303.15
303.15
303.15
303.15
303.15
303.15
303.15
303.15
303.15
303.15
303.15
303.15
303.15
303.15
303.15
303.15
303.15
303.15
303.15
303.15
303.15
303.15
303.15
303.15
303.15
303.15
303.15
303.15
303.15
303.15
303.15
303.15
303.15
303.15
303.15
303.15
303.15
303.15
303.15
303.15
303.15
303.15
303.15
303.15
303.15
303.15
303.15
303.15
303.15
303.15
303.15
303.15
303.15
303.15
303.15
303.15
303.15
303.15
303.15
303.15
303.15
303.15
303.15
303.15
303.15
303.15
303.15
303.15
303.15
303.15
303.15
303.15
303.15
303.15
303.15
303.15
303.15
303.15
303.15
303.15
303.15
303.15
303.15
303.15
303.15
303.15
303.15
303.15
303.15
303.15
303.15
303.15
303.15
303.15
303.15
303.15
303.15
303.15
303.15
303.15
303.15
303.15
303.15
303.15
303.15
303.15
303.15
303.15
303.15
303.15
303.15
303.15
303.15
303.15
303.15
303.15
303.15
303.15
303.15
303.15
303.15
303.15
303.15
303.15
303.15
303.15
303.15
303.15
303.15
303.15
303.15
303.15
303.15
303.15
303.15
303.15
303.15
303.15
303.15
303.15
303.15
303.15
303.15
303.15
303.15
303.15
303.15
303.15
303.15
303.15
303.15
303.15
303.15
303.15
303.15
303.15
303.15
303.15
303.15
303.15
303.15
303.15
303.15
303.15
303.15
303.15
303.15
303.15
303.15
303.15
303.15
303.15
303.15
303.15
303.15
303.15
303.15
303.15
303.15
303.15
303.15
303.15
303.15
303.15
303.15
303.15
303.15
303.15
303.15
303.15
303.15
303.15
303.15
303.15
303.15
303.15
303.15
303.15
303.15
303.15
303.15
303.15
303.15
303.15
303.15
303.15
303.15
303.15
303.15
303.15
303.15
303.15
303.15
303.15
303.15
303.15
303.15
303.15
303.15
303.15
303.15
303.15
303.15
303.15
303.15
303.15
303.15
303.15
303.15
303.15
303.15
303.15
303.15
303.15
303.15
303.15
303.15
303.15
303.15
303.15
303.15
303.15
303.15
303.15
303.15
303.15
303.15
303.15
303.15
303.15
303.15
303.15
303.15
303.15
303.15
303.15
303.15
303.15
303.15
303.15
303.15
303.15
303.15
303.15
303.15
303.15
303.15
303.15
303.15
303.15
303.15
303.15
303.15
303.15
303.15
303.15
303.15
303.15
303.15
303.15
303.15
303.15
303.15
303.15
303.15
303.15
303.15
303.15
303.15
303.15
303.15
303.15
303.15
303.15
303.15
303.15
303.15
303.15
303.15
303.15
303.15
303.15
303.15
303.15
303.15
303.15
303.15
303.15
303.15
303.15
303.15
303.15
303.15
303.15
303.15
303.15
303.15
303.15
303.15
303.15
303.15
303.15
303.15
303.15
303.15
303.15
303.15
303.15
303.15
303.15
303.15
303.15
303.15
303.15
303.15
303.15
303.15
303.15
303.15
303.15
303.15
303.15
303.15
303.15
303.15
303.15
303.15
303.15
303.15
303.15
303.15
303.15
303.15
303.15
303.15
303.15
303.15
303.15
303.15
303.15
303.15
303.15
303.15
303.15
303.15
303.15
303.15
303.15
303.15
303.15
303.15
303.15
303.15
303.15
303.15
303.15
303.15
303.15
303.15
303.15
303.15
303.15
303.15
303.15
303.15
303.15
303.15
303.15
303.15
303.15
303.15
303.15
303.15
303.15
303.15
303.149
303.149
303.149
303.15
303.15
303.149
303.149
303.149
303.149
303.149
303.149
303.149
303.149
303.149
303.149
303.149
303.149
303.149
303.149
303.149
303.149
303.149
303.149
303.149
303.149
303.148
303.148
303.148
303.148
303.148
303.148
303.148
303.148
303.148
303.147
303.147
303.147
303.147
303.147
303.147
303.147
303.147
303.146
303.146
303.146
303.146
303.146
303.145
303.145
303.145
303.145
303.144
303.144
303.15
303.15
303.151
303.151
303.151
303.151
303.151
303.15
303.149
303.148
303.147
303.146
303.145
303.144
303.143
303.142
303.14
303.139
303.139
303.138
303.137
303.136
303.135
303.134
303.133
303.132
303.131
303.13
303.129
303.128
303.127
303.127
303.126
303.125
303.124
303.123
303.122
303.122
303.121
303.12
303.119
303.118
303.118
303.117
303.116
303.115
303.115
303.114
303.113
303.112
303.038
303.119
303.147
303.149
303.151
303.15
303.151
303.15
303.151
303.15
303.151
303.15
303.15
303.151
303.15
303.151
303.149
303.143
303.109
303.013
303.038
303.12
303.147
303.149
303.151
303.15
303.151
303.15
303.151
303.15
303.151
303.15
303.15
303.151
303.15
303.151
303.149
303.143
303.109
303.014
303.039
303.12
303.147
303.149
303.151
303.15
303.151
303.15
303.151
303.15
303.151
303.15
303.15
303.151
303.15
303.151
303.149
303.143
303.11
303.014
303.039
303.12
303.147
303.149
303.151
303.15
303.151
303.15
303.151
303.15
303.151
303.15
303.15
303.151
303.15
303.151
303.149
303.143
303.11
303.015
303.039
303.12
303.147
303.149
303.151
303.15
303.151
303.15
303.151
303.15
303.151
303.15
303.15
303.151
303.15
303.151
303.149
303.143
303.11
303.015
303.04
303.12
303.147
303.149
303.151
303.15
303.151
303.15
303.151
303.15
303.15
303.15
303.15
303.151
303.15
303.151
303.149
303.143
303.11
303.016
303.04
303.12
303.147
303.149
303.151
303.15
303.151
303.15
303.151
303.15
303.15
303.15
303.15
303.151
303.15
303.151
303.149
303.143
303.11
303.016
303.041
303.121
303.147
303.149
303.151
303.15
303.151
303.15
303.151
303.15
303.15
303.15
303.15
303.151
303.15
303.151
303.149
303.143
303.111
303.017
303.041
303.121
303.147
303.149
303.151
303.15
303.151
303.15
303.151
303.15
303.15
303.15
303.15
303.151
303.15
303.151
303.149
303.143
303.111
303.017
303.042
303.121
303.147
303.149
303.151
303.15
303.151
303.15
303.151
303.15
303.15
303.15
303.15
303.151
303.15
303.151
303.149
303.143
303.111
303.018
303.042
303.121
303.147
303.149
303.151
303.15
303.151
303.15
303.151
303.15
303.15
303.15
303.15
303.151
303.15
303.151
303.149
303.143
303.111
303.018
303.042
303.121
303.147
303.149
303.151
303.15
303.151
303.15
303.151
303.15
303.15
303.15
303.15
303.151
303.15
303.151
303.149
303.143
303.111
303.019
303.043
303.121
303.147
303.149
303.151
303.15
303.151
303.15
303.151
303.15
303.15
303.15
303.15
303.151
303.15
303.151
303.149
303.143
303.112
303.019
303.043
303.122
303.147
303.149
303.151
303.15
303.151
303.15
303.151
303.15
303.15
303.15
303.15
303.151
303.15
303.151
303.149
303.143
303.112
303.02
303.044
303.122
303.147
303.149
303.151
303.15
303.151
303.15
303.151
303.15
303.15
303.15
303.15
303.151
303.15
303.151
303.149
303.143
303.112
303.02
303.044
303.122
303.147
303.149
303.151
303.15
303.151
303.15
303.151
303.15
303.15
303.15
303.15
303.151
303.15
303.151
303.149
303.143
303.112
303.021
303.044
303.122
303.147
303.149
303.151
303.15
303.151
303.15
303.151
303.15
303.15
303.15
303.15
303.151
303.15
303.151
303.149
303.143
303.112
303.021
303.045
303.122
303.147
303.149
303.151
303.15
303.151
303.15
303.151
303.15
303.15
303.15
303.15
303.151
303.15
303.151
303.149
303.143
303.113
303.022
303.045
303.123
303.147
303.149
303.151
303.15
303.151
303.15
303.151
303.15
303.15
303.15
303.15
303.151
303.15
303.151
303.149
303.144
303.113
303.022
303.046
303.123
303.147
303.149
303.151
303.15
303.151
303.15
303.151
303.15
303.15
303.15
303.15
303.151
303.15
303.151
303.149
303.144
303.113
303.023
303.046
303.123
303.147
303.149
303.151
303.15
303.151
303.15
303.151
303.15
303.15
303.15
303.15
303.151
303.15
303.151
303.149
303.144
303.113
303.023
303.046
303.123
303.148
303.149
303.151
303.15
303.151
303.15
303.151
303.15
303.15
303.15
303.15
303.151
303.15
303.151
303.149
303.144
303.114
303.024
303.047
303.123
303.148
303.149
303.151
303.15
303.151
303.15
303.151
303.15
303.15
303.15
303.15
303.151
303.15
303.15
303.149
303.144
303.114
303.024
303.047
303.123
303.148
303.149
303.151
303.15
303.151
303.15
303.151
303.15
303.15
303.15
303.15
303.151
303.15
303.15
303.149
303.144
303.114
303.025
303.048
303.124
303.148
303.149
303.151
303.15
303.151
303.15
303.151
303.15
303.15
303.15
303.15
303.151
303.15
303.15
303.149
303.144
303.114
303.025
303.048
303.124
303.148
303.149
303.151
303.15
303.151
303.15
303.151
303.15
303.15
303.15
303.15
303.151
303.15
303.15
303.149
303.144
303.114
303.026
303.049
303.124
303.148
303.149
303.151
303.15
303.151
303.15
303.151
303.15
303.15
303.15
303.15
303.151
303.15
303.15
303.149
303.144
303.115
303.026
303.049
303.124
303.148
303.149
303.151
303.15
303.151
303.15
303.151
303.15
303.15
303.15
303.15
303.151
303.15
303.15
303.149
303.144
303.115
303.027
303.049
303.124
303.148
303.149
303.151
303.15
303.151
303.15
303.151
303.15
303.15
303.15
303.15
303.151
303.15
303.15
303.149
303.144
303.115
303.027
303.05
303.124
303.148
303.149
303.151
303.15
303.151
303.15
303.151
303.15
303.15
303.15
303.15
303.151
303.15
303.15
303.149
303.144
303.115
303.028
303.05
303.125
303.148
303.149
303.151
303.15
303.151
303.15
303.151
303.15
303.15
303.15
303.15
303.151
303.15
303.15
303.149
303.144
303.115
303.028
303.051
303.125
303.148
303.149
303.151
303.15
303.151
303.15
303.151
303.15
303.15
303.15
303.15
303.151
303.15
303.15
303.149
303.144
303.116
303.029
303.051
303.125
303.148
303.149
303.151
303.15
303.151
303.15
303.151
303.15
303.15
303.15
303.15
303.151
303.15
303.15
303.149
303.144
303.116
303.029
303.052
303.125
303.148
303.149
303.151
303.15
303.151
303.15
303.151
303.15
303.15
303.15
303.15
303.151
303.15
303.15
303.149
303.144
303.116
303.03
303.052
303.125
303.148
303.149
303.151
303.15
303.151
303.15
303.151
303.15
303.15
303.15
303.15
303.151
303.15
303.15
303.149
303.144
303.116
303.03
303.052
303.125
303.148
303.149
303.151
303.15
303.151
303.15
303.151
303.15
303.15
303.15
303.15
303.15
303.15
303.15
303.149
303.144
303.117
303.031
303.053
303.126
303.148
303.149
303.151
303.15
303.151
303.15
303.151
303.15
303.15
303.15
303.15
303.15
303.15
303.15
303.149
303.144
303.117
303.031
303.053
303.126
303.148
303.149
303.151
303.15
303.151
303.15
303.151
303.15
303.15
303.15
303.15
303.15
303.15
303.15
303.149
303.144
303.117
303.032
303.054
303.126
303.148
303.149
303.151
303.15
303.151
303.15
303.151
303.15
303.15
303.15
303.15
303.15
303.15
303.15
303.149
303.144
303.117
303.032
303.054
303.126
303.148
303.149
303.151
303.15
303.151
303.15
303.151
303.15
303.15
303.15
303.15
303.15
303.15
303.15
303.149
303.145
303.117
303.033
303.055
303.126
303.148
303.149
303.151
303.15
303.151
303.15
303.151
303.15
303.15
303.15
303.15
303.15
303.15
303.15
303.149
303.145
303.118
303.033
303.055
303.126
303.148
303.149
303.151
303.15
303.151
303.15
303.151
303.15
303.15
303.15
303.15
303.15
303.15
303.15
303.149
303.145
303.118
303.034
303.055
303.127
303.148
303.149
303.151
303.15
303.151
303.15
303.151
303.15
303.15
303.15
303.15
303.15
303.15
303.15
303.149
303.145
303.118
303.034
303.056
303.127
303.148
303.149
303.151
303.15
303.151
303.15
303.15
303.15
303.15
303.15
303.15
303.15
303.15
303.15
303.149
303.145
303.118
303.035
303.056
303.127
303.148
303.149
303.151
303.15
303.151
303.15
303.15
303.15
303.15
303.15
303.15
303.15
303.15
303.15
303.149
303.145
303.118
303.035
303.057
303.127
303.148
303.149
303.151
303.15
303.151
303.15
303.15
303.15
303.15
303.15
303.15
303.15
303.15
303.15
303.149
303.145
303.119
303.036
303.057
303.127
303.148
303.149
303.151
303.15
303.151
303.15
303.15
303.15
303.15
303.15
303.15
303.15
303.15
303.15
303.149
303.145
303.119
303.036
303.058
303.128
303.148
303.149
303.151
303.15
303.151
303.15
303.15
303.15
303.15
303.15
303.15
303.15
303.15
303.15
303.149
303.145
303.119
303.037
303.058
303.128
303.148
303.149
303.151
303.15
303.151
303.15
303.15
303.15
303.15
303.15
303.15
303.15
303.15
303.15
303.149
303.145
303.119
303.037
303.058
303.128
303.148
303.149
303.151
303.15
303.151
303.15
303.15
303.15
303.15
303.15
303.15
303.15
303.15
303.15
303.149
303.145
303.119
303.038
303.059
303.128
303.148
303.149
303.151
303.15
303.151
303.15
303.15
303.15
303.15
303.15
303.15
303.15
303.15
303.15
303.149
303.145
303.12
303.038
303.059
303.128
303.148
303.149
303.151
303.15
303.151
303.15
303.15
303.15
303.15
303.15
303.15
303.15
303.15
303.15
303.149
303.145
303.12
303.039
303.06
303.128
303.148
303.149
303.151
303.15
303.151
303.15
303.15
303.15
303.15
303.15
303.15
303.15
303.15
303.15
303.149
303.145
303.12
303.039
303.06
303.129
303.148
303.149
303.151
303.15
303.151
303.15
303.15
303.15
303.15
303.15
303.15
303.15
303.15
303.15
303.149
303.145
303.12
303.04
303.061
303.129
303.148
303.149
303.151
303.15
303.151
303.15
303.15
303.15
303.15
303.15
303.15
303.15
303.15
303.15
303.149
303.145
303.121
303.041
303.061
303.129
303.148
303.149
303.151
303.15
303.151
303.15
303.15
303.15
303.15
303.15
303.15
303.15
303.15
303.15
303.149
303.145
303.121
303.041
303.061
303.129
303.148
303.149
303.151
303.15
303.151
303.15
303.15
303.15
303.15
303.15
303.15
303.15
303.15
303.15
303.149
303.145
303.121
303.042
303.062
303.129
303.149
303.149
303.151
303.15
303.151
303.15
303.15
303.15
303.15
303.15
303.15
303.15
303.15
303.15
303.149
303.145
303.121
303.042
303.062
303.129
303.149
303.149
303.151
303.15
303.151
303.15
303.15
303.15
303.15
303.15
303.15
303.15
303.15
303.15
303.149
303.145
303.121
303.043
303.063
303.13
303.149
303.149
303.151
303.15
303.151
303.15
303.15
303.15
303.15
303.15
303.15
303.15
303.15
303.15
303.149
303.145
303.122
303.043
303.063
303.13
303.149
303.149
303.151
303.15
303.151
303.15
303.15
303.15
303.15
303.15
303.15
303.15
303.15
303.15
303.149
303.145
303.122
303.044
303.064
303.13
303.149
303.149
303.151
303.15
303.151
303.15
303.15
303.15
303.15
303.15
303.15
303.15
303.15
303.15
303.149
303.145
303.122
303.044
303.064
303.13
303.149
303.149
303.151
303.15
303.151
303.15
303.15
303.15
303.15
303.15
303.15
303.15
303.15
303.15
303.149
303.146
303.122
303.045
303.065
303.13
303.149
303.149
303.151
303.15
303.151
303.15
303.15
303.15
303.15
303.15
303.15
303.15
303.15
303.15
303.149
303.146
303.122
303.045
303.065
303.13
303.149
303.149
303.151
303.15
303.151
303.15
303.15
303.15
303.15
303.15
303.15
303.15
303.15
303.15
303.149
303.146
303.123
303.046
303.065
303.131
303.149
303.149
303.151
303.15
303.151
303.15
303.15
303.15
303.15
303.15
303.15
303.15
303.15
303.15
303.149
303.146
303.123
303.047
303.066
303.131
303.149
303.149
303.151
303.15
303.151
303.15
303.15
303.15
303.15
303.15
303.15
303.15
303.15
303.15
303.149
303.146
303.123
303.047
303.066
303.131
303.149
303.149
303.151
303.15
303.151
303.15
303.15
303.15
303.15
303.15
303.15
303.15
303.15
303.15
303.149
303.146
303.123
303.048
303.067
303.131
303.149
303.149
303.151
303.15
303.151
303.15
303.15
303.15
303.15
303.15
303.15
303.15
303.15
303.15
303.149
303.146
303.124
303.048
303.067
303.131
303.149
303.149
303.151
303.15
303.151
303.15
303.15
303.15
303.15
303.15
303.15
303.15
303.15
303.15
303.149
303.146
303.124
303.049
303.068
303.132
303.149
303.149
303.151
303.15
303.15
303.15
303.15
303.15
303.15
303.15
303.15
303.15
303.15
303.15
303.149
303.146
303.124
303.049
303.068
303.132
303.149
303.149
303.151
303.15
303.15
303.15
303.15
303.15
303.15
303.15
303.15
303.15
303.15
303.15
303.149
303.146
303.124
303.05
303.069
303.132
303.149
303.149
303.151
303.15
303.15
303.15
303.15
303.15
303.15
303.15
303.15
303.15
303.15
303.15
303.149
303.146
303.124
303.05
303.069
303.132
303.149
303.149
303.151
303.15
303.15
303.15
303.15
303.15
303.15
303.15
303.15
303.15
303.15
303.15
303.149
303.146
303.125
303.051
303.07
303.132
303.149
303.149
303.151
303.15
303.15
303.15
303.15
303.15
303.15
303.15
303.15
303.15
303.15
303.15
303.149
303.146
303.125
303.052
303.07
303.132
303.149
303.149
303.151
303.15
303.15
303.15
303.15
303.15
303.15
303.15
303.15
303.15
303.15
303.15
303.149
303.146
303.125
303.052
303.07
303.133
303.149
303.15
303.151
303.15
303.15
303.15
303.15
303.15
303.15
303.15
303.15
303.15
303.15
303.15
303.149
303.146
303.125
303.053
303.071
303.133
303.149
303.15
303.151
303.15
303.15
303.15
303.15
303.15
303.15
303.15
303.15
303.15
303.15
303.15
303.149
303.146
303.125
303.053
303.071
303.133
303.149
303.15
303.151
303.15
303.15
303.15
303.15
303.15
303.15
303.15
303.15
303.15
303.15
303.15
303.149
303.146
303.126
303.054
303.072
303.133
303.149
303.15
303.151
303.15
303.15
303.15
303.15
303.15
303.15
303.15
303.15
303.15
303.15
303.15
303.149
303.146
303.126
303.055
303.072
303.133
303.149
303.15
303.151
303.15
303.15
303.15
303.15
303.15
303.15
303.15
303.15
303.15
303.15
303.15
303.149
303.146
303.126
303.055
303.073
303.134
303.149
303.15
303.151
303.15
303.15
303.15
303.15
303.15
303.15
303.15
303.15
303.15
303.15
303.15
303.149
303.146
303.126
303.056
303.073
303.134
303.149
303.15
303.151
303.15
303.15
303.15
303.15
303.15
303.15
303.15
303.15
303.15
303.15
303.15
303.149
303.146
303.127
303.056
303.074
303.134
303.149
303.15
303.151
303.15
303.15
303.15
303.15
303.15
303.15
303.15
303.15
303.15
303.15
303.15
303.149
303.146
303.127
303.057
303.074
303.134
303.149
303.15
303.151
303.15
303.15
303.15
303.15
303.15
303.15
303.15
303.15
303.15
303.15
303.15
303.149
303.146
303.127
303.057
303.075
303.134
303.149
303.15
303.151
303.15
303.15
303.15
303.15
303.15
303.15
303.15
303.15
303.15
303.15
303.15
303.149
303.146
303.127
303.058
303.075
303.134
303.149
303.15
303.151
303.15
303.15
303.15
303.15
303.15
303.15
303.15
303.15
303.15
303.15
303.15
303.149
303.146
303.127
303.059
303.076
303.135
303.149
303.15
303.151
303.15
303.15
303.15
303.15
303.15
303.15
303.15
303.15
303.15
303.15
303.15
303.149
303.146
303.128
303.059
303.076
303.135
303.149
303.15
303.151
303.15
303.15
303.15
303.15
303.15
303.15
303.15
303.15
303.15
303.15
303.15
303.149
303.147
303.128
303.06
303.077
303.135
303.149
303.15
303.151
303.15
303.15
303.15
303.15
303.15
303.15
303.15
303.15
303.15
303.15
303.15
303.149
303.147
303.128
303.06
303.077
303.135
303.149
303.15
303.151
303.15
303.15
303.15
303.15
303.15
303.15
303.15
303.15
303.15
303.15
303.15
303.149
303.147
303.128
303.061
303.077
303.135
303.149
303.15
303.15
303.15
303.15
303.15
303.15
303.15
303.15
303.15
303.15
303.15
303.15
303.15
303.149
303.147
303.128
303.062
303.078
303.135
303.149
303.15
303.15
303.15
303.15
303.15
303.15
303.15
303.15
303.15
303.15
303.15
303.15
303.15
303.149
303.147
303.129
303.062
303.078
303.136
303.149
303.15
303.15
303.15
303.15
303.15
303.15
303.15
303.15
303.15
303.15
303.15
303.15
303.15
303.149
303.147
303.129
303.063
303.079
303.136
303.149
303.15
303.15
303.15
303.15
303.15
303.15
303.15
303.15
303.15
303.15
303.15
303.15
303.15
303.149
303.147
303.129
303.063
303.079
303.136
303.149
303.15
303.15
303.15
303.15
303.15
303.15
303.15
303.15
303.15
303.15
303.15
303.15
303.15
303.149
303.147
303.129
303.064
303.08
303.136
303.149
303.15
303.15
303.15
303.15
303.15
303.15
303.15
303.15
303.15
303.15
303.15
303.15
303.15
303.149
303.147
303.13
303.065
303.08
303.136
303.149
303.15
303.15
303.15
303.15
303.15
303.15
303.15
303.15
303.15
303.15
303.15
303.15
303.15
303.149
303.147
303.13
303.065
303.081
303.137
303.149
303.15
303.15
303.15
303.15
303.15
303.15
303.15
303.15
303.15
303.15
303.15
303.15
303.15
303.149
303.147
303.13
303.066
303.081
303.137
303.149
303.15
303.15
303.15
303.15
303.15
303.15
303.15
303.15
303.15
303.15
303.15
303.15
303.15
303.149
303.147
303.13
303.067
303.082
303.137
303.149
303.15
303.15
303.15
303.15
303.15
303.15
303.15
303.15
303.15
303.15
303.15
303.15
303.15
303.149
303.147
303.13
303.067
303.082
303.137
303.149
303.15
303.15
303.15
303.15
303.15
303.15
303.15
303.15
303.15
303.15
303.15
303.15
303.15
303.149
303.147
303.131
303.068
303.083
303.137
303.149
303.15
303.15
303.15
303.15
303.15
303.15
303.15
303.15
303.15
303.15
303.15
303.15
303.15
303.149
303.147
303.131
303.068
303.083
303.137
303.149
303.15
303.15
303.15
303.15
303.15
303.15
303.15
303.15
303.15
303.15
303.15
303.15
303.15
303.149
303.147
303.131
303.069
303.084
303.138
303.149
303.15
303.15
303.15
303.15
303.15
303.15
303.15
303.15
303.15
303.15
303.15
303.15
303.15
303.149
303.147
303.131
303.07
303.084
303.138
303.149
303.15
303.15
303.15
303.15
303.15
303.15
303.15
303.15
303.15
303.15
303.15
303.15
303.15
303.149
303.147
303.131
303.07
303.085
303.138
303.149
303.15
303.15
303.15
303.15
303.15
303.15
303.15
303.15
303.15
303.15
303.15
303.15
303.15
303.149
303.147
303.132
303.071
303.085
303.138
303.149
303.15
303.15
303.15
303.15
303.15
303.15
303.15
303.15
303.15
303.15
303.15
303.15
303.15
303.149
303.147
303.132
303.072
303.086
303.138
303.149
303.15
303.15
303.15
303.15
303.15
303.15
303.15
303.15
303.15
303.15
303.15
303.15
303.15
303.149
303.147
303.132
303.072
303.086
303.138
303.149
303.15
303.15
303.15
303.15
303.15
303.15
303.15
303.15
303.15
303.15
303.15
303.15
303.15
303.149
303.147
303.132
303.073
303.087
303.139
303.149
303.15
303.15
303.15
303.15
303.15
303.15
303.15
303.15
303.15
303.15
303.15
303.15
303.15
303.149
303.147
303.133
303.074
303.087
303.139
303.149
303.15
303.15
303.15
303.15
303.15
303.15
303.15
303.15
303.15
303.15
303.15
303.15
303.15
303.149
303.147
303.133
303.074
303.088
303.139
303.149
303.15
303.15
303.15
303.15
303.15
303.15
303.15
303.15
303.15
303.15
303.15
303.15
303.15
303.149
303.147
303.133
303.075
303.088
303.139
303.149
303.15
303.15
303.15
303.15
303.15
303.15
303.15
303.15
303.15
303.15
303.15
303.15
303.15
303.149
303.147
303.133
303.076
303.089
303.139
303.149
303.15
303.15
303.15
303.15
303.15
303.15
303.15
303.15
303.15
303.15
303.15
303.15
303.15
303.149
303.147
303.133
303.076
303.089
303.14
303.149
303.15
303.15
303.15
303.15
303.15
303.15
303.15
303.15
303.15
303.15
303.15
303.15
303.15
303.15
303.147
303.134
303.077
303.09
303.14
303.149
303.15
303.15
303.15
303.15
303.15
303.15
303.15
303.15
303.15
303.15
303.15
303.15
303.15
303.15
303.147
303.134
303.078
303.09
303.14
303.149
303.15
303.15
303.15
303.15
303.15
303.15
303.15
303.15
303.15
303.15
303.15
303.15
303.15
303.15
303.148
303.134
303.078
303.091
303.14
303.149
303.15
303.15
303.15
303.15
303.15
303.15
303.15
303.15
303.15
303.15
303.15
303.15
303.15
303.15
303.148
303.134
303.079
303.091
303.14
303.149
303.15
303.15
303.15
303.15
303.15
303.15
303.15
303.15
303.15
303.15
303.15
303.15
303.15
303.15
303.148
303.134
303.08
303.092
303.14
303.149
303.15
303.15
303.15
303.15
303.15
303.15
303.15
303.15
303.15
303.15
303.15
303.15
303.15
303.15
303.148
303.135
303.08
303.092
303.141
303.149
303.15
303.15
303.15
303.15
303.15
303.15
303.15
303.15
303.15
303.15
303.15
303.15
303.15
303.15
303.148
303.135
303.081
303.093
303.141
303.15
303.15
303.15
303.15
303.15
303.15
303.15
303.15
303.15
303.15
303.15
303.15
303.15
303.15
303.15
303.148
303.135
303.082
303.093
303.141
303.15
303.15
303.15
303.15
303.15
303.15
303.15
303.15
303.15
303.15
303.15
303.15
303.15
303.15
303.15
303.148
303.135
303.082
303.094
303.141
303.15
303.15
303.15
303.15
303.15
303.15
303.15
303.15
303.15
303.15
303.15
303.15
303.15
303.15
303.15
303.148
303.135
303.083
303.094
303.141
303.15
303.15
303.15
303.15
303.15
303.15
303.15
303.15
303.15
303.15
303.15
303.15
303.15
303.15
303.15
303.148
303.136
303.084
303.095
303.141
303.15
303.15
303.15
303.15
303.15
303.15
303.15
303.15
303.15
303.15
303.15
303.15
303.15
303.15
303.15
303.148
303.136
303.085
303.095
303.142
303.15
303.15
303.15
303.15
303.15
303.15
303.15
303.15
303.15
303.15
303.15
303.15
303.15
303.15
303.15
303.148
303.136
303.085
303.096
303.142
303.15
303.15
303.15
303.15
303.15
303.15
303.15
303.15
303.15
303.15
303.15
303.15
303.15
303.15
303.15
303.148
303.136
303.086
303.097
303.142
303.15
303.15
303.15
303.15
303.15
303.15
303.15
303.15
303.15
303.15
303.15
303.15
303.15
303.15
303.15
303.148
303.136
303.087
303.097
303.142
303.15
303.15
303.15
303.15
303.15
303.15
303.15
303.15
303.15
303.15
303.15
303.15
303.15
303.15
303.15
303.148
303.137
303.088
303.098
303.142
303.15
303.15
303.15
303.15
303.15
303.15
303.15
303.15
303.15
303.15
303.15
303.15
303.15
303.15
303.15
303.148
303.137
303.088
303.098
303.142
303.15
303.15
303.15
303.15
303.15
303.15
303.15
303.15
303.15
303.15
303.15
303.15
303.15
303.15
303.15
303.148
303.137
303.089
303.099
303.143
303.15
303.15
303.15
303.15
303.15
303.15
303.15
303.15
303.15
303.15
303.15
303.15
303.15
303.15
303.15
303.148
303.137
303.09
303.099
303.143
303.15
303.15
303.15
303.15
303.15
303.15
303.15
303.15
303.15
303.15
303.15
303.15
303.15
303.15
303.15
303.148
303.137
303.091
303.1
303.143
303.15
303.15
303.15
303.15
303.15
303.15
303.15
303.15
303.15
303.15
303.15
303.15
303.15
303.15
303.15
303.148
303.138
303.091
303.1
303.143
303.15
303.15
303.15
303.15
303.15
303.15
303.15
303.15
303.15
303.15
303.15
303.15
303.15
303.15
303.15
303.148
303.138
303.092
303.101
303.143
303.15
303.15
303.15
303.15
303.15
303.15
303.15
303.15
303.15
303.15
303.15
303.15
303.15
303.15
303.15
303.148
303.138
303.093
303.101
303.143
303.15
303.15
303.15
303.15
303.15
303.15
303.15
303.15
303.15
303.15
303.15
303.15
303.15
303.15
303.15
303.148
303.138
303.094
303.102
303.144
303.15
303.15
303.15
303.15
303.15
303.15
303.15
303.15
303.15
303.15
303.15
303.15
303.15
303.15
303.15
303.148
303.139
303.094
303.103
303.144
303.15
303.15
303.15
303.15
303.15
303.15
303.15
303.15
303.15
303.15
303.15
303.15
303.15
303.15
303.15
303.148
303.139
303.095
303.103
303.144
303.15
303.15
303.15
303.15
303.15
303.15
303.15
303.15
303.15
303.15
303.15
303.15
303.15
303.15
303.15
303.148
303.139
303.096
303.104
303.144
303.15
303.15
303.15
303.15
303.15
303.15
303.15
303.15
303.15
303.15
303.15
303.15
303.15
303.15
303.15
303.148
303.139
303.097
303.104
303.144
303.15
303.15
303.15
303.15
303.15
303.15
303.15
303.15
303.15
303.15
303.15
303.15
303.15
303.15
303.15
303.148
303.139
303.098
303.105
303.144
303.15
303.15
303.15
303.15
303.15
303.15
303.15
303.15
303.15
303.15
303.15
303.15
303.15
303.15
303.15
303.148
303.14
303.098
303.105
303.144
303.15
303.15
303.15
303.15
303.15
303.15
303.15
303.15
303.15
303.15
303.15
303.15
303.15
303.15
303.15
303.148
303.14
303.099
303.106
303.145
303.15
303.15
303.15
303.15
303.15
303.15
303.15
303.15
303.15
303.15
303.15
303.15
303.15
303.15
303.15
303.148
303.14
303.1
303.107
303.145
303.15
303.15
303.15
303.15
303.15
303.15
303.15
303.15
303.15
303.15
303.15
303.15
303.15
303.15
303.15
303.148
303.14
303.101
303.107
303.145
303.15
303.15
303.15
303.15
303.15
303.15
303.15
303.15
303.15
303.15
303.15
303.15
303.15
303.15
303.15
303.148
303.14
303.102
303.108
303.145
303.15
303.15
303.15
303.15
303.15
303.15
303.15
303.15
303.15
303.15
303.15
303.15
303.15
303.15
303.15
303.149
303.141
303.103
303.108
303.145
303.15
303.15
303.15
303.15
303.15
303.15
303.15
303.15
303.15
303.15
303.15
303.15
303.15
303.15
303.15
303.149
303.141
303.103
303.109
303.145
303.15
303.15
303.15
303.15
303.15
303.15
303.15
303.15
303.15
303.15
303.15
303.15
303.15
303.15
303.15
303.149
303.141
303.104
303.109
303.145
303.15
303.15
303.15
303.15
303.15
303.15
303.15
303.15
303.15
303.15
303.15
303.15
303.15
303.15
303.15
303.149
303.141
303.105
303.11
303.145
303.15
303.15
303.15
303.15
303.15
303.15
303.15
303.15
303.15
303.15
303.15
303.15
303.15
303.15
303.15
303.149
303.142
303.106
303.111
303.145
303.15
303.15
303.15
303.15
303.15
303.15
303.15
303.15
303.15
303.15
303.15
303.15
303.15
303.15
303.15
303.149
303.142
303.107
303.111
303.145
303.15
303.15
303.15
303.15
303.15
303.15
303.15
303.15
303.15
303.15
303.15
303.15
303.15
303.15
303.15
303.149
303.142
303.108
303.112
303.145
303.15
303.15
303.15
303.15
303.15
303.15
303.15
303.15
303.15
303.15
303.15
303.15
303.15
303.15
303.15
303.149
303.142
303.109
303.112
303.145
303.15
303.15
303.15
303.15
303.15
303.15
303.15
303.15
303.15
303.15
303.15
303.15
303.15
303.15
303.15
303.149
303.143
303.11
303.113
303.146
303.15
303.15
303.15
303.15
303.15
303.15
303.15
303.15
303.15
303.15
303.15
303.15
303.15
303.15
303.15
303.149
303.143
303.111
303.113
303.146
303.15
303.15
303.15
303.15
303.15
303.15
303.15
303.15
303.15
303.15
303.15
303.15
303.15
303.15
303.15
303.149
303.144
303.112
301.172
301.281
301.352
301.391
301.406
301.417
301.421
301.428
301.432
301.436
301.438
301.437
301.434
301.431
301.428
301.421
301.411
301.38
301.299
301.15
301.268
301.379
301.45
301.488
301.503
301.513
301.518
301.525
301.529
301.533
301.534
301.533
301.531
301.527
301.524
301.517
301.507
301.476
301.395
301.245
301.36
301.473
301.544
301.582
301.596
301.606
301.611
301.617
301.621
301.625
301.627
301.625
301.623
301.619
301.616
301.609
301.599
301.568
301.487
301.337
301.449
301.563
301.635
301.671
301.685
301.695
301.7
301.706
301.71
301.714
301.715
301.714
301.711
301.708
301.705
301.698
301.687
301.656
301.575
301.426
301.535
301.65
301.721
301.756
301.77
301.78
301.785
301.791
301.795
301.799
301.8
301.798
301.796
301.792
301.789
301.782
301.772
301.741
301.66
301.512
301.618
301.733
301.804
301.838
301.852
301.861
301.866
301.872
301.876
301.88
301.881
301.879
301.877
301.873
301.87
301.863
301.852
301.822
301.742
301.594
301.698
301.813
301.883
301.917
301.93
301.939
301.944
301.949
301.953
301.957
301.958
301.956
301.954
301.951
301.947
301.941
301.93
301.9
301.82
301.673
301.774
301.89
301.959
301.991
302.005
302.013
302.018
302.023
302.027
302.031
302.031
302.03
302.028
302.024
302.021
302.015
302.004
301.975
301.896
301.749
301.848
301.964
302.032
302.063
302.076
302.084
302.089
302.094
302.098
302.101
302.102
302.1
302.098
302.095
302.091
302.085
302.075
302.046
301.968
301.822
301.918
302.034
302.102
302.131
302.144
302.152
302.157
302.161
302.165
302.168
302.169
302.167
302.165
302.162
302.159
302.153
302.142
302.114
302.037
301.892
301.985
302.101
302.168
302.197
302.209
302.216
302.221
302.225
302.229
302.232
302.232
302.231
302.229
302.226
302.223
302.217
302.207
302.179
302.103
301.959
302.049
302.165
302.231
302.259
302.27
302.277
302.282
302.286
302.29
302.292
302.293
302.292
302.289
302.287
302.283
302.278
302.268
302.241
302.166
302.022
302.11
302.226
302.291
302.318
302.329
302.335
302.34
302.344
302.347
302.35
302.35
302.349
302.347
302.344
302.341
302.336
302.326
302.3
302.225
302.083
302.168
302.284
302.348
302.374
302.385
302.391
302.395
302.399
302.402
302.404
302.405
302.404
302.402
302.399
302.396
302.391
302.382
302.356
302.282
302.141
302.224
302.339
302.402
302.427
302.437
302.443
302.447
302.451
302.454
302.456
302.456
302.455
302.453
302.451
302.448
302.443
302.434
302.409
302.336
302.196
302.276
302.391
302.453
302.477
302.487
302.493
302.497
302.5
302.503
302.505
302.505
302.504
302.502
302.5
302.497
302.493
302.484
302.459
302.388
302.248
302.326
302.441
302.502
302.525
302.534
302.539
302.543
302.546
302.549
302.551
302.551
302.55
302.549
302.546
302.544
302.54
302.531
302.507
302.436
302.298
302.373
302.488
302.547
302.57
302.579
302.584
302.587
302.59
302.593
302.594
302.595
302.594
302.592
302.59
302.588
302.584
302.575
302.552
302.482
302.345
302.418
302.532
302.591
302.612
302.621
302.625
302.629
302.631
302.634
302.636
302.636
302.635
302.633
302.632
302.629
302.625
302.617
302.595
302.526
302.389
302.46
302.574
302.632
302.652
302.661
302.665
302.668
302.67
302.673
302.674
302.675
302.674
302.672
302.67
302.668
302.665
302.657
302.635
302.567
302.431
302.499
302.613
302.67
302.689
302.698
302.701
302.705
302.707
302.709
302.711
302.711
302.71
302.709
302.707
302.705
302.701
302.694
302.672
302.606
302.47
302.537
302.65
302.706
302.725
302.733
302.736
302.739
302.741
302.743
302.745
302.745
302.744
302.743
302.741
302.739
302.736
302.729
302.708
302.642
302.507
302.572
302.685
302.74
302.758
302.766
302.769
302.772
302.773
302.775
302.777
302.777
302.776
302.775
302.773
302.771
302.768
302.761
302.741
302.676
302.542
302.604
302.717
302.772
302.789
302.796
302.799
302.802
302.804
302.805
302.806
302.807
302.806
302.805
302.804
302.802
302.799
302.792
302.772
302.708
302.575
302.635
302.748
302.801
302.818
302.825
302.827
302.83
302.832
302.834
302.834
302.835
302.834
302.833
302.832
302.83
302.827
302.821
302.801
302.738
302.606
302.664
302.776
302.829
302.845
302.852
302.854
302.857
302.858
302.86
302.86
302.861
302.86
302.859
302.858
302.856
302.854
302.847
302.829
302.766
302.634
302.691
302.803
302.855
302.87
302.877
302.879
302.881
302.882
302.884
302.885
302.885
302.884
302.883
302.882
302.881
302.879
302.872
302.854
302.792
302.661
302.716
302.828
302.879
302.894
302.9
302.902
302.904
302.905
302.907
302.907
302.908
302.907
302.906
302.905
302.904
302.902
302.896
302.878
302.816
302.686
302.74
302.851
302.901
302.916
302.922
302.923
302.925
302.926
302.928
302.928
302.929
302.928
302.927
302.926
302.925
302.923
302.917
302.9
302.839
302.709
302.761
302.872
302.922
302.936
302.942
302.943
302.945
302.946
302.947
302.948
302.948
302.948
302.947
302.946
302.945
302.943
302.937
302.92
302.86
302.731
302.782
302.892
302.941
302.955
302.96
302.961
302.963
302.964
302.965
302.966
302.966
302.966
302.965
302.964
302.963
302.961
302.956
302.939
302.88
302.751
302.8
302.911
302.959
302.972
302.977
302.978
302.98
302.981
302.982
302.982
302.983
302.982
302.982
302.981
302.98
302.978
302.973
302.957
302.898
302.77
302.818
302.928
302.976
302.988
302.993
302.994
302.996
302.996
302.998
302.998
302.998
302.998
302.997
302.996
302.995
302.994
302.989
302.973
302.915
302.787
302.834
302.944
302.991
303.003
303.008
303.009
303.01
303.011
303.012
303.012
303.012
303.012
303.011
303.011
303.01
303.008
303.004
302.988
302.93
302.803
302.849
302.958
303.005
303.017
303.021
303.022
303.023
303.024
303.025
303.025
303.025
303.025
303.024
303.024
303.023
303.022
303.017
303.002
302.945
302.818
302.862
302.972
303.018
303.029
303.034
303.034
303.036
303.036
303.037
303.037
303.037
303.037
303.036
303.036
303.035
303.034
303.029
303.014
302.958
302.832
302.875
302.984
303.03
303.041
303.045
303.045
303.047
303.047
303.048
303.048
303.048
303.048
303.047
303.047
303.046
303.045
303.041
303.026
302.97
302.844
302.886
302.995
303.041
303.051
303.055
303.056
303.057
303.057
303.058
303.058
303.058
303.058
303.058
303.057
303.056
303.055
303.051
303.037
302.981
302.856
302.897
303.006
303.051
303.061
303.065
303.065
303.066
303.066
303.067
303.067
303.067
303.067
303.067
303.067
303.066
303.065
303.061
303.047
302.991
302.866
302.907
303.015
303.06
303.07
303.074
303.074
303.075
303.075
303.076
303.076
303.076
303.076
303.075
303.075
303.074
303.073
303.069
303.055
303.001
302.876
302.916
303.024
303.068
303.078
303.081
303.081
303.083
303.083
303.083
303.083
303.084
303.083
303.083
303.083
303.082
303.081
303.077
303.064
303.009
302.885
302.924
303.032
303.076
303.085
303.089
303.089
303.09
303.09
303.09
303.09
303.091
303.09
303.09
303.09
303.089
303.088
303.085
303.071
303.017
302.893
302.931
303.039
303.083
303.092
303.095
303.095
303.096
303.096
303.097
303.097
303.097
303.097
303.096
303.096
303.095
303.095
303.091
303.078
303.024
302.901
302.938
303.046
303.089
303.098
303.101
303.101
303.102
303.102
303.102
303.102
303.103
303.102
303.102
303.102
303.101
303.101
303.097
303.084
303.031
302.907
302.945
303.052
303.095
303.103
303.107
303.106
303.107
303.107
303.108
303.108
303.108
303.108
303.107
303.107
303.107
303.106
303.103
303.09
303.036
302.914
302.95
303.057
303.1
303.108
303.111
303.111
303.112
303.112
303.112
303.112
303.112
303.112
303.112
303.112
303.111
303.111
303.107
303.095
303.042
302.919
302.955
303.062
303.104
303.113
303.116
303.115
303.116
303.116
303.117
303.116
303.117
303.117
303.116
303.116
303.116
303.115
303.112
303.099
303.047
302.924
302.96
303.066
303.109
303.117
303.12
303.119
303.12
303.12
303.121
303.12
303.121
303.12
303.12
303.12
303.12
303.119
303.116
303.103
303.051
302.929
302.964
303.07
303.112
303.12
303.123
303.123
303.124
303.123
303.124
303.124
303.124
303.124
303.124
303.124
303.123
303.123
303.119
303.107
303.055
302.933
302.968
303.074
303.116
303.123
303.127
303.126
303.127
303.126
303.127
303.127
303.127
303.127
303.127
303.127
303.126
303.126
303.123
303.11
303.059
302.937
302.972
303.077
303.119
303.126
303.129
303.129
303.13
303.129
303.13
303.13
303.13
303.13
303.129
303.13
303.129
303.129
303.126
303.113
303.062
302.941
302.975
303.08
303.122
303.129
303.132
303.131
303.132
303.132
303.132
303.132
303.132
303.132
303.132
303.132
303.132
303.131
303.128
303.116
303.065
302.944
302.978
303.083
303.124
303.131
303.134
303.134
303.135
303.134
303.135
303.134
303.134
303.134
303.134
303.134
303.134
303.134
303.13
303.119
303.068
302.947
302.98
303.085
303.126
303.133
303.136
303.136
303.137
303.136
303.137
303.136
303.136
303.136
303.136
303.136
303.136
303.136
303.133
303.121
303.07
302.95
302.983
303.088
303.128
303.135
303.138
303.137
303.138
303.138
303.138
303.138
303.138
303.138
303.138
303.138
303.138
303.137
303.134
303.123
303.072
302.952
302.985
303.089
303.13
303.137
303.14
303.139
303.14
303.139
303.14
303.14
303.14
303.14
303.14
303.14
303.139
303.139
303.136
303.124
303.074
302.954
302.987
303.091
303.131
303.138
303.141
303.14
303.141
303.141
303.141
303.141
303.141
303.141
303.141
303.141
303.141
303.141
303.137
303.126
303.076
302.956
302.989
303.093
303.133
303.14
303.142
303.142
303.143
303.142
303.142
303.142
303.142
303.142
303.142
303.142
303.142
303.142
303.139
303.127
303.077
302.958
302.99
303.094
303.134
303.141
303.144
303.143
303.144
303.143
303.144
303.143
303.143
303.143
303.143
303.143
303.143
303.143
303.14
303.129
303.079
302.96
302.992
303.095
303.135
303.142
303.145
303.144
303.145
303.144
303.145
303.144
303.144
303.144
303.144
303.144
303.144
303.144
303.141
303.13
303.08
302.961
302.993
303.097
303.136
303.143
303.145
303.145
303.145
303.145
303.145
303.145
303.145
303.145
303.145
303.145
303.145
303.145
303.142
303.131
303.081
302.962
302.994
303.098
303.137
303.144
303.146
303.145
303.146
303.146
303.146
303.146
303.146
303.146
303.146
303.146
303.145
303.146
303.143
303.131
303.082
302.964
302.995
303.098
303.138
303.144
303.147
303.146
303.147
303.146
303.147
303.146
303.147
303.147
303.146
303.147
303.146
303.146
303.143
303.132
303.083
302.965
302.996
303.099
303.138
303.145
303.147
303.147
303.147
303.147
303.147
303.147
303.147
303.147
303.147
303.147
303.147
303.147
303.144
303.133
303.084
302.966
302.997
303.1
303.139
303.145
303.148
303.147
303.148
303.147
303.148
303.147
303.148
303.148
303.147
303.148
303.147
303.147
303.144
303.134
303.085
302.967
302.998
303.101
303.14
303.146
303.148
303.148
303.148
303.148
303.148
303.148
303.148
303.148
303.148
303.148
303.148
303.148
303.145
303.134
303.086
302.968
302.999
303.101
303.14
303.146
303.149
303.148
303.149
303.148
303.149
303.148
303.148
303.148
303.148
303.148
303.148
303.148
303.145
303.135
303.086
302.969
303
303.102
303.14
303.147
303.149
303.148
303.149
303.148
303.149
303.149
303.149
303.149
303.149
303.149
303.148
303.148
303.146
303.135
303.087
302.969
303
303.102
303.141
303.147
303.15
303.149
303.149
303.149
303.149
303.149
303.149
303.149
303.149
303.149
303.149
303.149
303.146
303.135
303.087
302.97
303.001
303.103
303.141
303.147
303.15
303.149
303.15
303.149
303.15
303.149
303.149
303.149
303.149
303.149
303.149
303.149
303.146
303.136
303.088
302.971
303.002
303.103
303.141
303.147
303.15
303.149
303.15
303.149
303.15
303.149
303.15
303.149
303.149
303.15
303.149
303.149
303.146
303.136
303.088
302.972
303.002
303.104
303.142
303.148
303.15
303.149
303.15
303.149
303.15
303.15
303.15
303.15
303.15
303.15
303.149
303.149
303.147
303.136
303.089
302.972
303.003
303.104
303.142
303.148
303.15
303.149
303.15
303.15
303.15
303.15
303.15
303.15
303.15
303.15
303.149
303.15
303.147
303.136
303.089
302.973
303.003
303.104
303.142
303.148
303.15
303.149
303.15
303.15
303.15
303.15
303.15
303.15
303.15
303.15
303.15
303.15
303.147
303.137
303.089
302.973
303.004
303.105
303.142
303.148
303.151
303.15
303.151
303.15
303.15
303.15
303.15
303.15
303.15
303.15
303.15
303.15
303.147
303.137
303.09
302.974
303.004
303.105
303.142
303.148
303.151
303.15
303.151
303.15
303.15
303.15
303.15
303.15
303.15
303.15
303.15
303.15
303.147
303.137
303.09
302.975
303.005
303.105
303.143
303.148
303.151
303.15
303.151
303.15
303.15
303.15
303.15
303.15
303.15
303.15
303.15
303.15
303.147
303.137
303.09
302.975
303.005
303.105
303.143
303.148
303.151
303.15
303.151
303.15
303.151
303.15
303.15
303.15
303.15
303.15
303.15
303.15
303.147
303.137
303.091
302.976
303.006
303.106
303.143
303.148
303.151
303.15
303.151
303.15
303.151
303.15
303.15
303.15
303.15
303.15
303.15
303.15
303.148
303.137
303.091
302.976
303.006
303.106
303.143
303.148
303.151
303.15
303.151
303.15
303.151
303.15
303.151
303.15
303.15
303.151
303.15
303.15
303.148
303.138
303.091
302.977
303.007
303.106
303.143
303.148
303.151
303.15
303.151
303.15
303.151
303.15
303.151
303.15
303.15
303.151
303.15
303.15
303.148
303.138
303.092
302.977
303.007
303.106
303.143
303.149
303.151
303.15
303.151
303.15
303.151
303.15
303.151
303.15
303.15
303.151
303.15
303.15
303.148
303.138
303.092
302.978
303.007
303.106
303.143
303.149
303.151
303.15
303.151
303.15
303.151
303.15
303.151
303.151
303.15
303.151
303.15
303.15
303.148
303.138
303.092
302.978
303.008
303.107
303.143
303.149
303.151
303.15
303.151
303.15
303.151
303.15
303.151
303.151
303.15
303.151
303.15
303.15
303.148
303.138
303.092
302.978
303.008
303.107
303.143
303.149
303.151
303.15
303.151
303.15
303.151
303.15
303.151
303.151
303.15
303.151
303.15
303.15
303.148
303.138
303.093
302.979
303.009
303.107
303.143
303.149
303.151
303.15
303.151
303.15
303.151
303.15
303.151
303.151
303.15
303.151
303.15
303.15
303.148
303.138
303.093
302.979
303.009
303.107
303.144
303.149
303.151
303.15
303.151
303.15
303.151
303.15
303.151
303.151
303.151
303.151
303.15
303.15
303.148
303.138
303.093
302.98
303.009
303.107
303.144
303.149
303.151
303.15
303.151
303.15
303.151
303.15
303.151
303.151
303.151
303.151
303.15
303.15
303.148
303.138
303.093
302.98
303.01
303.108
303.144
303.149
303.151
303.15
303.151
303.15
303.151
303.15
303.151
303.151
303.151
303.151
303.15
303.151
303.148
303.138
303.093
302.981
303.01
303.108
303.144
303.149
303.151
303.15
303.151
303.15
303.151
303.15
303.151
303.151
303.151
303.151
303.15
303.151
303.148
303.138
303.094
302.981
303.011
303.108
303.144
303.149
303.151
303.15
303.151
303.15
303.151
303.15
303.151
303.151
303.151
303.151
303.15
303.151
303.148
303.138
303.094
302.982
303.011
303.108
303.144
303.149
303.151
303.15
303.151
303.15
303.151
303.15
303.151
303.151
303.151
303.151
303.15
303.151
303.148
303.139
303.094
302.982
303.011
303.108
303.144
303.149
303.151
303.15
303.151
303.15
303.151
303.15
303.151
303.151
303.151
303.151
303.15
303.151
303.148
303.139
303.094
302.982
303.012
303.108
303.144
303.149
303.151
303.15
303.151
303.15
303.151
303.15
303.151
303.151
303.151
303.151
303.15
303.151
303.148
303.139
303.095
302.983
303.012
303.109
303.144
303.149
303.151
303.15
303.151
303.15
303.151
303.15
303.151
303.151
303.151
303.151
303.15
303.151
303.148
303.139
303.095
302.983
303.012
303.109
303.144
303.149
303.151
303.15
303.151
303.15
303.151
303.15
303.151
303.151
303.151
303.151
303.15
303.151
303.148
303.139
303.095
302.984
303.013
303.109
303.144
303.149
303.151
303.15
303.151
303.15
303.151
303.15
303.151
303.151
303.151
303.151
303.15
303.151
303.148
303.139
303.095
302.984
303.013
303.109
303.144
303.149
303.151
303.15
303.151
303.15
303.151
303.15
303.151
303.151
303.151
303.151
303.15
303.151
303.148
303.139
303.095
302.985
303.014
303.109
303.144
303.149
303.151
303.15
303.151
303.15
303.151
303.15
303.151
303.151
303.151
303.151
303.15
303.151
303.148
303.139
303.096
302.985
303.014
303.109
303.144
303.149
303.151
303.15
303.151
303.15
303.151
303.15
303.151
303.151
303.151
303.151
303.15
303.151
303.148
303.139
303.096
302.986
303.014
303.11
303.144
303.149
303.151
303.15
303.151
303.15
303.151
303.15
303.151
303.151
303.151
303.151
303.15
303.151
303.148
303.139
303.096
302.986
303.015
303.11
303.144
303.149
303.151
303.15
303.151
303.15
303.151
303.15
303.151
303.151
303.151
303.151
303.15
303.151
303.148
303.139
303.096
302.986
303.015
303.11
303.144
303.149
303.151
303.15
303.151
303.15
303.151
303.15
303.151
303.151
303.151
303.151
303.15
303.151
303.148
303.139
303.097
302.987
303.016
303.11
303.144
303.149
303.151
303.15
303.151
303.15
303.151
303.15
303.151
303.151
303.151
303.151
303.15
303.151
303.148
303.139
303.097
302.987
303.016
303.11
303.144
303.149
303.151
303.15
303.151
303.15
303.151
303.15
303.151
303.151
303.151
303.151
303.15
303.151
303.148
303.139
303.097
302.988
303.016
303.11
303.145
303.149
303.151
303.15
303.151
303.15
303.151
303.15
303.151
303.151
303.151
303.151
303.15
303.151
303.148
303.139
303.097
302.988
303.017
303.11
303.145
303.149
303.151
303.15
303.151
303.15
303.151
303.15
303.151
303.151
303.151
303.151
303.15
303.151
303.148
303.14
303.097
302.989
303.017
303.111
303.145
303.149
303.151
303.15
303.151
303.15
303.151
303.15
303.151
303.151
303.151
303.151
303.15
303.151
303.148
303.14
303.098
302.989
303.017
303.111
303.145
303.149
303.151
303.15
303.151
303.15
303.151
303.15
303.151
303.151
303.151
303.151
303.15
303.151
303.148
303.14
303.098
302.99
303.018
303.111
303.145
303.149
303.151
303.15
303.151
303.15
303.151
303.15
303.151
303.151
303.151
303.151
303.15
303.151
303.148
303.14
303.098
302.99
303.018
303.111
303.145
303.149
303.151
303.15
303.151
303.15
303.151
303.15
303.151
303.151
303.151
303.151
303.15
303.151
303.148
303.14
303.098
302.99
303.019
303.111
303.145
303.149
303.151
303.15
303.151
303.15
303.151
303.15
303.151
303.151
303.151
303.151
303.15
303.151
303.148
303.14
303.099
302.991
303.019
303.111
303.145
303.149
303.151
303.15
303.151
303.15
303.151
303.15
303.151
303.151
303.151
303.151
303.15
303.151
303.148
303.14
303.099
302.991
303.019
303.112
303.145
303.149
303.151
303.15
303.151
303.15
303.151
303.15
303.151
303.151
303.151
303.151
303.15
303.151
303.148
303.14
303.099
302.992
303.02
303.112
303.145
303.149
303.151
303.15
303.151
303.15
303.151
303.15
303.151
303.151
303.151
303.151
303.15
303.151
303.148
303.14
303.099
302.992
303.02
303.112
303.145
303.149
303.151
303.15
303.151
303.15
303.151
303.15
303.151
303.151
303.15
303.151
303.15
303.151
303.148
303.14
303.099
302.993
303.02
303.112
303.145
303.149
303.151
303.15
303.151
303.15
303.151
303.15
303.151
303.151
303.15
303.151
303.15
303.151
303.148
303.14
303.1
302.993
303.021
303.112
303.145
303.149
303.151
303.15
303.151
303.15
303.151
303.15
303.151
303.151
303.15
303.151
303.15
303.151
303.148
303.14
303.1
302.994
303.021
303.112
303.145
303.149
303.151
303.15
303.151
303.15
303.151
303.15
303.151
303.151
303.15
303.151
303.15
303.151
303.148
303.14
303.1
302.994
303.022
303.113
303.145
303.149
303.151
303.15
303.151
303.15
303.151
303.15
303.151
303.151
303.15
303.151
303.15
303.151
303.148
303.14
303.1
302.994
303.022
303.113
303.145
303.149
303.151
303.15
303.151
303.15
303.151
303.15
303.151
303.151
303.15
303.151
303.15
303.151
303.148
303.14
303.1
302.995
303.022
303.113
303.145
303.149
303.151
303.15
303.151
303.15
303.151
303.15
303.151
303.151
303.15
303.151
303.15
303.151
303.148
303.14
303.101
302.995
303.023
303.113
303.145
303.149
303.151
303.15
303.151
303.15
303.151
303.15
303.151
303.151
303.15
303.151
303.15
303.151
303.148
303.14
303.101
302.996
303.023
303.113
303.145
303.149
303.151
303.15
303.151
303.15
303.151
303.15
303.151
303.151
303.15
303.151
303.15
303.151
303.148
303.141
303.101
302.996
303.024
303.113
303.145
303.149
303.151
303.15
303.151
303.15
303.151
303.15
303.151
303.151
303.15
303.151
303.15
303.151
303.148
303.141
303.101
302.997
303.024
303.114
303.145
303.149
303.151
303.15
303.151
303.15
303.151
303.15
303.151
303.151
303.15
303.151
303.15
303.151
303.148
303.141
303.102
302.997
303.024
303.114
303.145
303.149
303.151
303.15
303.151
303.15
303.151
303.15
303.151
303.151
303.15
303.151
303.15
303.151
303.148
303.141
303.102
302.998
303.025
303.114
303.145
303.149
303.151
303.15
303.151
303.15
303.151
303.15
303.151
303.151
303.15
303.151
303.15
303.151
303.148
303.141
303.102
302.998
303.025
303.114
303.146
303.149
303.151
303.15
303.151
303.15
303.151
303.15
303.151
303.151
303.15
303.151
303.15
303.151
303.148
303.141
303.102
302.999
303.026
303.114
303.146
303.149
303.151
303.15
303.151
303.15
303.151
303.15
303.151
303.151
303.15
303.151
303.15
303.151
303.148
303.141
303.102
302.999
303.026
303.114
303.146
303.149
303.151
303.15
303.151
303.15
303.151
303.15
303.151
303.151
303.15
303.151
303.15
303.151
303.148
303.141
303.103
302.999
303.026
303.115
303.146
303.149
303.151
303.15
303.151
303.15
303.151
303.15
303.151
303.151
303.15
303.151
303.15
303.151
303.148
303.141
303.103
303
303.027
303.115
303.146
303.149
303.151
303.15
303.151
303.15
303.151
303.15
303.151
303.151
303.15
303.151
303.15
303.151
303.148
303.141
303.103
303
303.027
303.115
303.146
303.149
303.151
303.15
303.151
303.15
303.151
303.15
303.151
303.151
303.15
303.151
303.15
303.151
303.148
303.141
303.103
303.001
303.028
303.115
303.146
303.149
303.151
303.15
303.151
303.15
303.151
303.15
303.151
303.151
303.15
303.151
303.15
303.151
303.148
303.141
303.103
303.001
303.028
303.115
303.146
303.149
303.151
303.15
303.151
303.15
303.151
303.15
303.151
303.151
303.15
303.151
303.15
303.151
303.148
303.141
303.104
303.002
303.028
303.115
303.146
303.149
303.151
303.15
303.151
303.15
303.151
303.15
303.151
303.151
303.15
303.151
303.15
303.151
303.148
303.141
303.104
303.002
303.029
303.116
303.146
303.149
303.151
303.15
303.151
303.15
303.151
303.15
303.151
303.151
303.15
303.151
303.15
303.151
303.148
303.141
303.104
303.003
303.029
303.116
303.146
303.149
303.151
303.15
303.151
303.15
303.151
303.15
303.151
303.151
303.15
303.151
303.15
303.151
303.148
303.141
303.104
303.003
303.029
303.116
303.146
303.149
303.151
303.15
303.151
303.15
303.151
303.15
303.151
303.151
303.15
303.151
303.15
303.151
303.148
303.141
303.105
303.004
303.03
303.116
303.146
303.149
303.151
303.15
303.151
303.15
303.151
303.15
303.151
303.151
303.15
303.151
303.15
303.151
303.148
303.141
303.105
303.004
303.03
303.116
303.146
303.149
303.151
303.15
303.151
303.15
303.151
303.15
303.151
303.151
303.15
303.151
303.15
303.151
303.148
303.142
303.105
303.004
303.031
303.116
303.146
303.149
303.151
303.15
303.151
303.15
303.151
303.15
303.151
303.151
303.15
303.151
303.15
303.151
303.148
303.142
303.105
303.005
303.031
303.117
303.146
303.149
303.151
303.15
303.151
303.15
303.151
303.15
303.151
303.151
303.15
303.151
303.15
303.151
303.148
303.142
303.105
303.005
303.031
303.117
303.146
303.149
303.151
303.15
303.151
303.15
303.151
303.15
303.151
303.151
303.15
303.151
303.15
303.151
303.148
303.142
303.106
303.006
303.032
303.117
303.146
303.149
303.151
303.15
303.151
303.15
303.151
303.15
303.151
303.151
303.15
303.151
303.15
303.151
303.148
303.142
303.106
303.006
303.032
303.117
303.146
303.149
303.151
303.15
303.151
303.15
303.151
303.15
303.151
303.151
303.15
303.151
303.15
303.151
303.148
303.142
303.106
303.007
303.033
303.117
303.146
303.149
303.151
303.15
303.151
303.15
303.151
303.15
303.151
303.151
303.15
303.151
303.15
303.151
303.148
303.142
303.106
303.007
303.033
303.117
303.146
303.149
303.151
303.15
303.151
303.15
303.151
303.15
303.151
303.151
303.15
303.151
303.15
303.151
303.148
303.142
303.107
303.008
303.033
303.118
303.146
303.149
303.151
303.15
303.151
303.15
303.151
303.15
303.151
303.15
303.15
303.151
303.15
303.151
303.148
303.142
303.107
303.008
303.034
303.118
303.146
303.149
303.151
303.15
303.151
303.15
303.151
303.15
303.151
303.15
303.15
303.151
303.15
303.151
303.148
303.142
303.107
303.009
303.034
303.118
303.146
303.149
303.151
303.15
303.151
303.15
303.151
303.15
303.151
303.15
303.15
303.151
303.15
303.151
303.148
303.142
303.107
303.009
303.035
303.118
303.146
303.149
303.151
303.15
303.151
303.15
303.151
303.15
303.151
303.15
303.15
303.151
303.15
303.151
303.148
303.142
303.107
303.01
303.035
303.118
303.147
303.149
303.151
303.15
303.151
303.15
303.151
303.15
303.151
303.15
303.15
303.151
303.15
303.151
303.149
303.142
303.108
303.01
303.035
303.118
303.147
303.149
303.151
303.15
303.151
303.15
303.151
303.15
303.151
303.15
303.15
303.151
303.15
303.151
303.149
303.142
303.108
303.011
303.036
303.119
303.147
303.149
303.151
303.15
303.151
303.15
303.151
303.15
303.151
303.15
303.15
303.151
303.15
303.151
303.149
303.142
303.108
303.011
303.036
303.119
303.147
303.149
303.151
303.15
303.151
303.15
303.151
303.15
303.151
303.15
303.15
303.151
303.15
303.151
303.149
303.142
303.108
303.012
303.037
303.119
303.147
303.149
303.151
303.15
303.151
303.15
303.151
303.15
303.151
303.15
303.15
303.151
303.15
303.151
303.149
303.142
303.109
303.012
303.037
303.119
303.147
303.149
303.151
303.15
303.151
303.15
303.151
303.15
303.151
303.15
303.15
303.151
303.15
303.151
303.149
303.143
303.109
303.012
303.037
303.119
303.147
303.149
303.151
303.15
303.151
303.15
303.151
303.15
303.151
303.15
303.15
303.151
303.15
303.151
303.149
303.143
303.109
303.013
)
;

boundaryField
{
    wall
    {
        type            zeroGradient;
    }
    inlet
    {
        type            fixedValue;
        value           uniform 303.15;
    }
    outlet
    {
        type            inletOutlet;
        inletValue      uniform 300;
        value           nonuniform List<scalar> 
20
(
294.803
294.949
295.026
295.054
295.061
295.067
295.069
295.071
295.072
295.072
295.068
295.063
295.058
295.051
295.046
295.034
295.019
294.98
294.915
294.798
)
;
    }
    heatWall
    {
        type            fixedGradient;
        gradient        uniform -500;
    }
}


// ************************************************************************* //
