/*--------------------------------*- C++ -*----------------------------------*\
  =========                 |
  \\      /  F ield         | OpenFOAM: The Open Source CFD Toolbox
   \\    /   O peration     | Website:  https://openfoam.org
    \\  /    A nd           | Version:  8
     \\/     M anipulation  |
\*---------------------------------------------------------------------------*/
FoamFile
{
    version     2.0;
    format      ascii;
    class       volScalarField;
    location    "300";
    object      T;
}
// * * * * * * * * * * * * * * * * * * * * * * * * * * * * * * * * * * * * * //

dimensions      [0 0 0 1 0 0 0];

internalField   nonuniform List<scalar> 
8400
(
293.504
293.51
293.518
293.525
293.533
293.541
293.55
293.559
293.57
293.58
293.592
293.604
293.617
293.632
293.647
293.664
293.681
293.701
293.721
293.743
293.766
293.792
293.818
293.847
293.878
293.91
293.945
293.982
294.021
294.064
294.109
294.157
294.209
294.264
294.323
294.387
294.455
294.528
294.606
294.689
294.777
294.871
294.97
295.075
295.185
295.301
295.422
295.547
295.678
295.812
293.552
293.561
293.573
293.584
293.597
293.611
293.625
293.641
293.658
293.676
293.696
293.717
293.739
293.764
293.79
293.818
293.848
293.88
293.914
293.95
293.989
294.03
294.074
294.121
294.17
294.223
294.278
294.337
294.399
294.465
294.534
294.608
294.686
294.768
294.855
294.947
295.043
295.144
295.251
295.362
295.477
295.597
295.722
295.85
295.982
296.117
296.256
296.396
296.539
296.683
293.573
293.588
293.606
293.625
293.645
293.666
293.69
293.715
293.741
293.77
293.801
293.834
293.869
293.906
293.946
293.988
294.033
294.081
294.132
294.185
294.242
294.302
294.365
294.432
294.502
294.576
294.654
294.736
294.821
294.911
295.005
295.103
295.205
295.312
295.422
295.536
295.653
295.774
295.897
296.024
296.152
296.283
296.416
296.551
296.687
296.823
296.961
297.098
297.236
297.372
293.622
293.644
293.669
293.696
293.724
293.754
293.786
293.821
293.858
293.897
293.938
293.983
294.03
294.079
294.132
294.187
294.246
294.307
294.372
294.44
294.511
294.585
294.663
294.745
294.83
294.918
295.011
295.107
295.206
295.309
295.416
295.526
295.64
295.756
295.875
295.996
296.119
296.244
296.37
296.497
296.625
296.753
296.882
297.011
297.139
297.267
297.394
297.52
297.645
297.769
293.68
293.708
293.74
293.774
293.81
293.849
293.89
293.933
293.979
294.028
294.079
294.134
294.191
294.251
294.315
294.381
294.45
294.523
294.599
294.678
294.76
294.846
294.935
295.028
295.124
295.223
295.326
295.433
295.543
295.656
295.771
295.89
296.01
296.131
296.254
296.377
296.5
296.623
296.746
296.868
296.989
297.11
297.23
297.349
297.468
297.585
297.702
297.818
297.932
298.046
293.773
293.807
293.845
293.886
293.93
293.976
294.026
294.077
294.132
294.189
294.249
294.312
294.378
294.447
294.519
294.594
294.672
294.753
294.837
294.924
295.014
295.107
295.203
295.303
295.405
295.511
295.619
295.73
295.843
295.959
296.075
296.192
296.31
296.427
296.544
296.661
296.776
296.891
297.005
297.118
297.23
297.341
297.452
297.563
297.673
297.782
297.891
298
298.108
298.216
293.913
293.944
293.983
294.026
294.073
294.124
294.178
294.236
294.296
294.36
294.425
294.493
294.564
294.638
294.714
294.793
294.875
294.959
295.047
295.137
295.229
295.325
295.423
295.524
295.628
295.734
295.843
295.953
296.065
296.177
296.289
296.401
296.513
296.624
296.735
296.846
296.956
297.065
297.175
297.284
297.393
297.502
297.612
297.721
297.831
297.941
298.051
298.161
298.27
298.378
294.232
294.225
294.232
294.251
294.281
294.32
294.367
294.42
294.478
294.541
294.606
294.674
294.745
294.819
294.895
294.974
295.055
295.138
295.225
295.314
295.405
295.5
295.597
295.698
295.801
295.908
296.017
296.127
296.238
296.349
296.461
296.573
296.685
296.797
296.91
297.022
297.135
297.248
297.362
297.476
297.59
297.705
297.82
297.935
298.049
298.163
298.275
298.386
298.494
298.6
295.249
295.1
294.978
294.886
294.822
294.782
294.764
294.764
294.78
294.81
294.851
294.901
294.958
295.023
295.092
295.166
295.243
295.324
295.409
295.498
295.592
295.692
295.798
295.91
296.027
296.147
296.27
296.394
296.517
296.64
296.762
296.882
297
297.116
297.231
297.343
297.455
297.564
297.672
297.779
297.885
297.989
298.091
298.192
298.292
298.391
298.488
298.582
298.675
298.764
297.574
297.281
297.001
296.748
296.521
296.316
296.135
295.976
295.841
295.729
295.642
295.579
295.54
295.525
295.534
295.564
295.612
295.676
295.759
295.859
295.978
296.113
296.257
296.409
296.564
296.719
296.874
297.025
297.17
297.307
297.436
297.554
297.663
297.761
297.848
297.926
297.994
298.054
298.104
298.147
298.182
298.212
298.236
298.259
298.28
298.304
298.331
298.364
298.403
298.447
299.758
299.651
299.541
299.426
299.303
299.171
299.029
298.876
298.714
298.541
298.359
298.169
297.974
297.78
297.594
297.432
297.312
297.244
297.231
297.268
297.352
297.476
297.632
297.808
297.994
298.182
298.361
298.527
298.675
298.803
298.91
298.996
299.064
299.115
299.15
299.171
299.179
299.175
299.157
299.127
299.083
299.025
298.953
298.869
298.772
298.666
298.552
298.435
298.32
298.214
300.001
300.001
300.001
300.001
300.001
300.001
300.001
300.001
300.001
300
300
299.999
299.998
299.997
299.996
299.995
299.993
299.992
299.99
299.989
299.988
299.986
299.985
299.984
299.983
299.982
299.981
299.98
299.98
299.98
299.98
299.98
299.98
299.98
299.98
299.979
299.979
299.978
299.976
299.974
299.97
299.965
299.957
299.945
299.928
299.903
299.869
299.824
299.764
299.685
300.002
300.003
300.003
300.004
300.004
300.005
300.005
300.006
300.007
300.007
300.008
300.009
300.009
300.01
300.011
300.011
300.012
300.012
300.013
300.013
300.013
300.013
300.014
300.014
300.014
300.014
300.014
300.014
300.014
300.014
300.014
300.014
300.014
300.015
300.015
300.015
300.015
300.015
300.015
300.015
300.015
300.015
300.015
300.014
300.013
300.01
300.006
299.998
299.987
299.969
300.003
300.004
300.005
300.006
300.007
300.007
300.008
300.009
300.01
300.011
300.012
300.013
300.014
300.014
300.015
300.016
300.017
300.017
300.018
300.019
300.019
300.02
300.02
300.02
300.021
300.021
300.021
300.021
300.022
300.022
300.022
300.022
300.023
300.023
300.023
300.023
300.024
300.024
300.024
300.024
300.024
300.024
300.025
300.025
300.025
300.024
300.024
300.023
300.022
300.02
300.009
300.01
300.011
300.012
300.013
300.015
300.016
300.017
300.018
300.019
300.02
300.021
300.022
300.023
300.024
300.025
300.026
300.027
300.028
300.029
300.029
300.03
300.03
300.031
300.031
300.032
300.032
300.032
300.033
300.033
300.033
300.034
300.034
300.034
300.035
300.035
300.035
300.035
300.036
300.036
300.036
300.036
300.036
300.036
300.036
300.036
300.036
300.035
300.034
300.033
300.005
300.007
300.007
300.007
300.008
300.009
300.01
300.011
300.012
300.014
300.015
300.016
300.017
300.018
300.019
300.021
300.022
300.023
300.024
300.025
300.026
300.027
300.028
300.029
300.03
300.031
300.032
300.033
300.034
300.035
300.036
300.037
300.037
300.038
300.038
300.039
300.039
300.04
300.04
300.04
300.04
300.04
300.039
300.038
300.037
300.036
300.035
300.033
300.032
300.03
300.018
300.022
300.025
300.027
300.03
300.033
300.035
300.037
300.039
300.041
300.043
300.046
300.048
300.05
300.052
300.054
300.057
300.059
300.061
300.063
300.065
300.067
300.069
300.071
300.072
300.074
300.075
300.076
300.077
300.078
300.079
300.08
300.08
300.081
300.081
300.081
300.082
300.082
300.082
300.082
300.082
300.082
300.082
300.082
300.082
300.082
300.083
300.084
300.085
300.086
300.006
300.006
300.006
300.006
300.007
300.007
300.006
300.005
300.003
300.002
300.001
300.001
300
300
300
300.001
300.001
300.002
300.003
300.003
300.004
300.004
300.005
300.005
300.005
300.005
300.005
300.005
300.004
300.004
300.003
300.002
300
299.999
299.997
299.996
299.994
299.992
299.99
299.988
299.985
299.983
299.981
299.978
299.975
299.972
299.97
299.966
299.963
299.959
300.03
300.033
300.037
300.041
300.047
300.055
300.063
300.072
300.081
300.089
300.098
300.106
300.113
300.12
300.127
300.134
300.14
300.147
300.153
300.16
300.166
300.173
300.18
300.187
300.194
300.201
300.208
300.215
300.223
300.23
300.237
300.245
300.252
300.259
300.266
300.274
300.281
300.288
300.296
300.303
300.311
300.318
300.325
300.333
300.341
300.349
300.357
300.366
300.375
300.383
300.004
300.003
300.003
300.003
300.003
300.004
300.005
300.006
300.008
300.009
300.012
300.014
300.016
300.018
300.02
300.022
300.024
300.025
300.027
300.029
300.03
300.031
300.032
300.033
300.033
300.034
300.034
300.034
300.034
300.034
300.034
300.034
300.033
300.033
300.032
300.032
300.031
300.031
300.03
300.03
300.029
300.029
300.029
300.029
300.029
300.03
300.03
300.031
300.032
300.034
303.148
303.145
303.143
303.14
303.137
303.135
303.132
303.13
303.127
303.125
303.123
303.12
303.118
303.116
303.113
303.111
303.109
303.107
303.105
303.102
303.1
303.098
303.096
303.094
303.092
303.09
303.088
303.086
303.084
303.082
303.08
303.079
303.077
303.075
303.073
303.071
303.069
303.068
303.066
303.064
303.062
303.061
303.059
303.057
303.056
303.054
303.053
303.052
303.051
303.05
303.15
303.15
303.15
303.15
303.15
303.15
303.15
303.149
303.149
303.149
303.149
303.149
303.148
303.148
303.148
303.148
303.148
303.147
303.147
303.147
303.146
303.146
303.146
303.146
303.145
303.145
303.145
303.144
303.144
303.144
303.143
303.143
303.143
303.142
303.142
303.142
303.141
303.141
303.141
303.141
303.14
303.14
303.14
303.139
303.139
303.139
303.139
303.139
303.138
303.138
303.15
303.15
303.15
303.15
303.15
303.15
303.15
303.15
303.15
303.15
303.15
303.15
303.15
303.15
303.15
303.15
303.15
303.15
303.15
303.15
303.15
303.15
303.15
303.15
303.15
303.15
303.15
303.15
303.15
303.15
303.15
303.15
303.15
303.15
303.15
303.149
303.149
303.149
303.149
303.149
303.149
303.149
303.149
303.149
303.149
303.149
303.149
303.149
303.149
303.149
303.15
303.15
303.15
303.15
303.15
303.15
303.15
303.15
303.15
303.15
303.15
303.15
303.15
303.15
303.15
303.15
303.15
303.15
303.15
303.15
303.15
303.15
303.15
303.15
303.15
303.15
303.15
303.15
303.15
303.15
303.15
303.15
303.15
303.15
303.15
303.15
303.15
303.15
303.15
303.15
303.15
303.15
303.15
303.15
303.15
303.15
303.15
303.15
303.15
303.15
303.15
303.15
303.15
303.15
303.15
303.15
303.15
303.15
303.15
303.15
303.15
303.15
303.15
303.15
303.15
303.15
303.15
303.15
303.15
303.15
303.15
303.15
303.15
303.15
303.15
303.15
303.15
303.15
303.15
303.15
303.15
303.15
303.15
303.15
303.15
303.15
303.15
303.15
303.15
303.15
303.15
303.15
303.15
303.15
303.15
303.15
303.15
303.15
303.15
303.15
303.15
303.15
303.15
303.15
303.15
303.15
303.15
303.15
303.15
303.15
303.15
303.15
303.15
303.15
303.15
303.15
303.15
303.15
303.15
303.15
303.15
303.15
303.15
303.15
303.15
303.15
303.15
303.15
303.15
303.15
303.15
303.15
303.15
303.15
303.15
303.15
303.15
303.15
303.15
303.15
303.15
303.15
303.15
303.15
303.15
303.15
303.15
303.15
303.15
303.15
303.15
303.15
303.15
303.15
303.15
303.15
303.15
303.15
303.15
303.15
303.15
303.15
303.15
303.15
303.15
303.15
303.15
303.15
303.15
303.15
303.15
303.15
303.15
303.15
303.15
303.15
303.15
303.15
303.15
303.15
303.15
303.15
303.15
303.15
303.15
303.15
303.15
303.15
303.15
303.15
303.15
303.15
303.15
303.15
303.15
303.15
303.15
303.15
303.15
303.15
303.15
303.15
303.15
303.15
303.15
303.15
303.15
303.15
303.15
303.15
303.15
303.15
303.15
303.15
303.15
303.15
303.15
303.15
303.15
303.15
303.15
303.15
303.15
303.15
303.15
303.15
303.15
303.15
303.15
303.15
303.15
303.15
303.15
303.15
303.15
303.15
303.15
303.15
303.15
303.15
303.15
303.15
303.15
303.15
303.15
303.15
303.15
303.15
303.15
303.15
303.15
303.15
303.15
303.15
303.15
303.15
303.15
303.15
303.15
303.15
303.15
303.15
303.15
303.15
303.15
303.15
303.15
303.15
303.15
303.15
303.15
303.15
303.15
303.15
303.15
303.15
303.15
303.15
303.15
303.15
303.15
303.15
303.15
303.15
303.15
303.15
303.15
303.15
303.15
303.15
303.15
303.15
303.15
303.15
303.15
303.15
303.15
303.15
303.15
303.15
303.15
303.15
303.15
303.15
303.15
303.15
303.15
303.15
303.15
303.15
303.15
303.15
303.15
303.15
303.15
303.15
303.15
303.15
303.15
303.15
303.15
303.15
303.15
303.15
303.15
303.15
303.15
303.15
303.15
303.15
303.15
303.15
303.15
303.15
303.15
303.15
303.15
303.15
303.15
303.15
303.15
303.15
303.15
303.15
303.15
303.15
303.15
303.15
303.15
303.15
303.15
303.15
303.15
303.15
303.15
303.15
303.15
303.15
303.15
303.15
303.15
303.15
303.15
303.15
303.15
303.15
303.15
303.15
303.15
303.15
303.15
303.15
303.15
303.15
303.15
303.15
303.15
303.15
303.15
303.15
303.15
303.15
303.15
303.15
303.15
303.15
303.15
303.15
303.15
303.15
303.15
303.15
303.15
303.15
303.15
303.15
303.15
303.15
303.15
303.15
303.15
303.15
303.15
303.15
303.15
303.15
303.15
303.15
303.15
303.15
303.15
303.15
303.15
303.15
303.15
303.15
303.15
303.15
303.15
303.15
303.15
303.15
303.15
303.15
303.15
303.15
303.15
303.15
303.15
303.15
303.15
303.15
303.15
303.15
303.15
303.15
303.15
303.15
303.15
303.15
303.15
303.15
303.15
303.15
303.15
303.15
303.15
303.15
303.15
303.15
303.15
303.15
303.15
303.15
303.15
303.15
303.15
303.15
303.15
303.15
303.15
303.15
303.15
303.15
303.15
303.15
303.15
303.15
303.15
303.15
303.15
303.15
303.15
303.15
303.15
303.15
303.15
303.15
303.15
303.15
303.15
303.15
303.15
303.15
303.15
303.15
303.15
303.15
303.15
303.15
303.15
303.15
303.15
303.15
303.15
303.15
303.15
303.15
303.15
303.15
303.15
303.15
303.15
303.15
303.15
303.15
303.15
303.15
303.15
303.15
303.15
303.15
303.15
303.15
303.15
303.15
303.15
303.15
303.15
303.15
303.15
303.15
303.15
303.15
303.15
303.15
303.15
303.15
303.15
303.15
303.15
303.15
303.15
303.15
303.15
303.15
303.15
303.15
303.15
303.15
303.15
303.15
303.15
303.15
303.15
303.15
303.15
303.15
303.15
303.15
303.15
303.15
303.15
303.15
303.15
303.15
303.15
303.15
303.15
303.15
303.15
303.15
303.15
303.15
303.15
303.15
303.15
303.15
303.15
303.15
303.15
303.15
303.15
303.15
303.15
303.15
303.15
303.15
303.15
303.15
303.15
303.15
303.15
303.15
303.15
303.15
303.15
303.15
303.15
303.15
303.15
303.15
303.15
303.15
303.15
303.15
303.15
303.15
303.15
303.15
303.15
303.15
303.15
303.15
303.15
303.15
303.15
303.15
303.15
303.15
303.15
303.15
303.15
303.15
303.15
303.15
303.15
303.15
303.15
303.15
303.15
303.15
303.15
303.15
303.15
303.15
303.15
303.15
303.15
303.15
303.15
303.15
303.15
303.15
303.15
303.15
303.15
303.15
303.15
303.15
303.15
303.15
303.15
303.15
303.15
303.15
303.15
303.15
303.15
303.15
303.15
303.15
303.15
303.15
303.15
303.15
303.15
303.15
303.15
303.15
303.15
303.15
303.15
303.15
303.15
303.15
303.15
303.15
303.15
303.15
303.15
303.15
303.15
303.15
303.15
303.15
303.15
303.15
303.15
303.15
303.15
303.15
303.15
303.15
303.15
303.15
303.15
303.15
303.15
303.15
303.15
303.15
303.15
303.15
303.15
303.15
303.15
303.15
303.15
303.15
303.15
303.15
303.15
303.15
303.15
303.15
303.15
303.15
303.15
303.15
303.15
303.15
303.15
303.15
303.15
303.15
303.15
303.15
303.15
303.15
303.15
303.15
303.15
303.15
303.15
303.15
303.15
303.15
303.15
303.15
303.15
303.15
303.149
303.149
303.149
303.149
303.149
303.149
303.149
303.149
303.149
303.149
303.149
303.149
303.149
303.149
303.148
303.148
303.148
303.148
303.15
303.15
303.15
303.15
303.15
303.15
303.15
303.149
303.149
303.149
303.149
303.149
303.148
303.148
303.148
303.148
303.148
303.147
303.147
303.147
303.146
303.146
303.146
303.146
303.145
303.145
303.145
303.144
303.144
303.144
303.143
303.143
303.142
303.142
303.142
303.141
303.141
303.14
303.14
303.14
303.139
303.139
303.138
303.137
303.137
303.136
303.136
303.135
303.134
303.133
303.148
303.145
303.143
303.14
303.137
303.135
303.132
303.13
303.127
303.125
303.123
303.12
303.118
303.116
303.113
303.111
303.109
303.107
303.105
303.102
303.1
303.098
303.096
303.094
303.092
303.09
303.088
303.086
303.084
303.082
303.08
303.078
303.077
303.075
303.073
303.071
303.069
303.067
303.066
303.064
303.062
303.06
303.059
303.057
303.055
303.053
303.052
303.05
303.048
303.047
302.909
303.091
303.142
303.149
303.15
303.15
303.15
303.15
303.15
303.15
303.15
303.149
303.149
303.147
303.141
303.127
303.096
303.038
302.943
302.811
302.906
303.089
303.141
303.149
303.15
303.15
303.15
303.15
303.15
303.15
303.15
303.15
303.149
303.148
303.144
303.134
303.11
303.058
302.964
302.814
302.903
303.088
303.141
303.149
303.15
303.15
303.15
303.15
303.15
303.15
303.15
303.15
303.149
303.149
303.146
303.139
303.119
303.073
302.979
302.816
302.9
303.086
303.141
303.149
303.15
303.15
303.15
303.15
303.15
303.15
303.15
303.15
303.15
303.149
303.147
303.142
303.126
303.084
302.991
302.818
302.898
303.085
303.14
303.149
303.15
303.15
303.15
303.15
303.15
303.15
303.15
303.15
303.15
303.149
303.148
303.144
303.131
303.092
303.001
302.82
302.896
303.084
303.14
303.149
303.15
303.15
303.15
303.15
303.15
303.15
303.15
303.15
303.15
303.15
303.149
303.145
303.134
303.099
303.009
302.821
302.894
303.083
303.14
303.149
303.15
303.15
303.15
303.15
303.15
303.15
303.15
303.15
303.15
303.15
303.149
303.146
303.137
303.104
303.016
302.823
302.892
303.082
303.14
303.149
303.15
303.15
303.15
303.15
303.15
303.15
303.15
303.15
303.15
303.15
303.149
303.147
303.139
303.109
303.021
302.824
302.891
303.081
303.139
303.149
303.15
303.15
303.15
303.15
303.15
303.15
303.15
303.15
303.15
303.15
303.149
303.148
303.14
303.112
303.026
302.825
302.89
303.08
303.139
303.149
303.15
303.15
303.15
303.15
303.15
303.15
303.15
303.15
303.15
303.15
303.15
303.148
303.141
303.115
303.03
302.827
302.889
303.08
303.139
303.149
303.15
303.15
303.15
303.15
303.15
303.15
303.15
303.15
303.15
303.15
303.15
303.148
303.142
303.117
303.033
302.828
302.888
303.08
303.139
303.149
303.15
303.15
303.15
303.15
303.15
303.15
303.15
303.15
303.15
303.15
303.15
303.148
303.143
303.119
303.036
302.829
302.888
303.079
303.139
303.149
303.15
303.15
303.15
303.15
303.15
303.15
303.15
303.15
303.15
303.15
303.15
303.149
303.144
303.121
303.038
302.83
302.888
303.079
303.139
303.149
303.15
303.15
303.15
303.15
303.15
303.15
303.15
303.15
303.15
303.15
303.15
303.149
303.144
303.122
303.04
302.832
302.888
303.079
303.139
303.149
303.15
303.15
303.15
303.15
303.15
303.15
303.15
303.15
303.15
303.15
303.15
303.149
303.144
303.123
303.042
302.833
302.888
303.079
303.139
303.149
303.15
303.15
303.15
303.15
303.15
303.15
303.15
303.15
303.15
303.15
303.15
303.149
303.145
303.124
303.044
302.834
302.888
303.079
303.139
303.149
303.15
303.15
303.15
303.15
303.15
303.15
303.15
303.15
303.15
303.15
303.15
303.149
303.145
303.125
303.045
302.835
302.888
303.079
303.139
303.149
303.15
303.15
303.15
303.15
303.15
303.15
303.15
303.15
303.15
303.15
303.15
303.149
303.145
303.126
303.047
302.836
302.889
303.079
303.139
303.149
303.15
303.15
303.15
303.15
303.15
303.15
303.15
303.15
303.15
303.15
303.15
303.149
303.145
303.126
303.048
302.838
302.889
303.079
303.139
303.149
303.15
303.15
303.15
303.15
303.15
303.15
303.15
303.15
303.15
303.15
303.15
303.149
303.146
303.127
303.049
302.839
302.89
303.08
303.139
303.149
303.15
303.15
303.15
303.15
303.15
303.15
303.15
303.15
303.15
303.15
303.15
303.149
303.146
303.127
303.05
302.84
302.891
303.08
303.139
303.149
303.15
303.15
303.15
303.15
303.15
303.15
303.15
303.15
303.15
303.15
303.15
303.149
303.146
303.128
303.051
302.841
302.891
303.08
303.139
303.149
303.15
303.15
303.15
303.15
303.15
303.15
303.15
303.15
303.15
303.15
303.15
303.149
303.146
303.128
303.052
302.842
302.892
303.08
303.139
303.149
303.15
303.15
303.15
303.15
303.15
303.15
303.15
303.15
303.15
303.15
303.15
303.149
303.146
303.128
303.052
302.844
302.893
303.081
303.139
303.149
303.15
303.15
303.15
303.15
303.15
303.15
303.15
303.15
303.15
303.15
303.15
303.149
303.146
303.129
303.053
302.845
302.894
303.081
303.139
303.149
303.15
303.15
303.15
303.15
303.15
303.15
303.15
303.15
303.15
303.15
303.15
303.149
303.146
303.129
303.054
302.846
302.895
303.081
303.139
303.149
303.15
303.15
303.15
303.15
303.15
303.15
303.15
303.15
303.15
303.15
303.15
303.149
303.146
303.129
303.055
302.847
302.896
303.082
303.139
303.149
303.15
303.15
303.15
303.15
303.15
303.15
303.15
303.15
303.15
303.15
303.15
303.149
303.146
303.13
303.055
302.848
302.897
303.082
303.139
303.149
303.15
303.15
303.15
303.15
303.15
303.15
303.15
303.15
303.15
303.15
303.15
303.149
303.146
303.13
303.056
302.85
302.898
303.082
303.139
303.149
303.15
303.15
303.15
303.15
303.15
303.15
303.15
303.15
303.15
303.15
303.15
303.149
303.146
303.13
303.057
302.851
302.899
303.083
303.14
303.149
303.15
303.15
303.15
303.15
303.15
303.15
303.15
303.15
303.15
303.15
303.15
303.149
303.146
303.13
303.057
302.852
302.9
303.083
303.14
303.149
303.15
303.15
303.15
303.15
303.15
303.15
303.15
303.15
303.15
303.15
303.15
303.149
303.147
303.13
303.058
302.853
302.901
303.084
303.14
303.149
303.15
303.15
303.15
303.15
303.15
303.15
303.15
303.15
303.15
303.15
303.15
303.149
303.147
303.131
303.059
302.854
302.902
303.084
303.14
303.149
303.15
303.15
303.15
303.15
303.15
303.15
303.15
303.15
303.15
303.15
303.15
303.149
303.147
303.131
303.059
302.855
302.903
303.084
303.14
303.149
303.15
303.15
303.15
303.15
303.15
303.15
303.15
303.15
303.15
303.15
303.15
303.149
303.147
303.131
303.06
302.857
302.904
303.085
303.14
303.149
303.15
303.15
303.15
303.15
303.15
303.15
303.15
303.15
303.15
303.15
303.15
303.149
303.147
303.131
303.06
302.858
302.905
303.085
303.14
303.149
303.15
303.15
303.15
303.15
303.15
303.15
303.15
303.15
303.15
303.15
303.15
303.149
303.147
303.131
303.061
302.859
302.906
303.086
303.14
303.149
303.15
303.15
303.15
303.15
303.15
303.15
303.15
303.15
303.15
303.15
303.15
303.149
303.147
303.131
303.062
302.86
302.907
303.086
303.14
303.149
303.15
303.15
303.15
303.15
303.15
303.15
303.15
303.15
303.15
303.15
303.15
303.15
303.147
303.132
303.062
302.862
302.908
303.087
303.14
303.149
303.15
303.15
303.15
303.15
303.15
303.15
303.15
303.15
303.15
303.15
303.15
303.15
303.147
303.132
303.063
302.863
302.909
303.087
303.14
303.149
303.15
303.15
303.15
303.15
303.15
303.15
303.15
303.15
303.15
303.15
303.15
303.15
303.147
303.132
303.063
302.864
302.91
303.088
303.141
303.149
303.15
303.15
303.15
303.15
303.15
303.15
303.15
303.15
303.15
303.15
303.15
303.15
303.147
303.132
303.064
302.865
302.911
303.088
303.141
303.149
303.15
303.15
303.15
303.15
303.15
303.15
303.15
303.15
303.15
303.15
303.15
303.15
303.147
303.132
303.064
302.866
302.912
303.088
303.141
303.149
303.15
303.15
303.15
303.15
303.15
303.15
303.15
303.15
303.15
303.15
303.15
303.15
303.147
303.132
303.065
302.868
302.913
303.089
303.141
303.149
303.15
303.15
303.15
303.15
303.15
303.15
303.15
303.15
303.15
303.15
303.15
303.15
303.147
303.133
303.066
302.869
302.914
303.089
303.141
303.149
303.15
303.15
303.15
303.15
303.15
303.15
303.15
303.15
303.15
303.15
303.15
303.15
303.147
303.133
303.066
302.87
302.915
303.09
303.141
303.149
303.15
303.15
303.15
303.15
303.15
303.15
303.15
303.15
303.15
303.15
303.15
303.15
303.147
303.133
303.067
302.871
302.916
303.09
303.141
303.149
303.15
303.15
303.15
303.15
303.15
303.15
303.15
303.15
303.15
303.15
303.15
303.15
303.147
303.133
303.067
302.873
302.917
303.091
303.141
303.149
303.15
303.15
303.15
303.15
303.15
303.15
303.15
303.15
303.15
303.15
303.15
303.15
303.147
303.133
303.068
302.874
302.918
303.091
303.141
303.149
303.15
303.15
303.15
303.15
303.15
303.15
303.15
303.15
303.15
303.15
303.15
303.15
303.147
303.133
303.068
302.875
302.919
303.092
303.141
303.149
303.15
303.15
303.15
303.15
303.15
303.15
303.15
303.15
303.15
303.15
303.15
303.15
303.147
303.133
303.069
302.876
302.92
303.092
303.142
303.149
303.15
303.15
303.15
303.15
303.15
303.15
303.15
303.15
303.15
303.15
303.15
303.15
303.147
303.134
303.07
302.878
302.921
303.093
303.142
303.149
303.15
303.15
303.15
303.15
303.15
303.15
303.15
303.15
303.15
303.15
303.15
303.15
303.147
303.134
303.07
302.879
302.923
303.093
303.142
303.149
303.15
303.15
303.15
303.15
303.15
303.15
303.15
303.15
303.15
303.15
303.15
303.15
303.147
303.134
303.071
302.88
302.924
303.094
303.142
303.149
303.15
303.15
303.15
303.15
303.15
303.15
303.15
303.15
303.15
303.15
303.15
303.15
303.147
303.134
303.071
302.881
302.925
303.094
303.142
303.149
303.15
303.15
303.15
303.15
303.15
303.15
303.15
303.15
303.15
303.15
303.15
303.15
303.147
303.134
303.072
302.883
302.926
303.094
303.142
303.149
303.15
303.15
303.15
303.15
303.15
303.15
303.15
303.15
303.15
303.15
303.15
303.15
303.147
303.134
303.072
302.884
302.927
303.095
303.142
303.149
303.15
303.15
303.15
303.15
303.15
303.15
303.15
303.15
303.15
303.15
303.15
303.15
303.147
303.134
303.073
302.885
302.928
303.095
303.142
303.149
303.15
303.15
303.15
303.15
303.15
303.15
303.15
303.15
303.15
303.15
303.15
303.15
303.147
303.135
303.074
302.886
302.929
303.096
303.142
303.149
303.15
303.15
303.15
303.15
303.15
303.15
303.15
303.15
303.15
303.15
303.15
303.15
303.147
303.135
303.074
302.888
302.93
303.096
303.143
303.149
303.15
303.15
303.15
303.15
303.15
303.15
303.15
303.15
303.15
303.15
303.15
303.15
303.147
303.135
303.075
302.889
302.931
303.097
303.143
303.149
303.15
303.15
303.15
303.15
303.15
303.15
303.15
303.15
303.15
303.15
303.15
303.15
303.147
303.135
303.075
302.89
302.932
303.097
303.143
303.149
303.15
303.15
303.15
303.15
303.15
303.15
303.15
303.15
303.15
303.15
303.15
303.15
303.147
303.135
303.076
302.891
302.933
303.098
303.143
303.149
303.15
303.15
303.15
303.15
303.15
303.15
303.15
303.15
303.15
303.15
303.15
303.15
303.147
303.135
303.076
302.893
302.934
303.098
303.143
303.149
303.15
303.15
303.15
303.15
303.15
303.15
303.15
303.15
303.15
303.15
303.15
303.15
303.147
303.135
303.077
302.894
302.935
303.099
303.143
303.149
303.15
303.15
303.15
303.15
303.15
303.15
303.15
303.15
303.15
303.15
303.15
303.15
303.148
303.136
303.077
302.895
302.936
303.099
303.143
303.149
303.15
303.15
303.15
303.15
303.15
303.15
303.15
303.15
303.15
303.15
303.15
303.15
303.148
303.136
303.078
302.897
302.938
303.1
303.143
303.149
303.15
303.15
303.15
303.15
303.15
303.15
303.15
303.15
303.15
303.15
303.15
303.15
303.148
303.136
303.079
302.898
302.939
303.1
303.143
303.149
303.15
303.15
303.15
303.15
303.15
303.15
303.15
303.15
303.15
303.15
303.15
303.15
303.148
303.136
303.079
302.899
302.94
303.101
303.143
303.149
303.15
303.15
303.15
303.15
303.15
303.15
303.15
303.15
303.15
303.15
303.15
303.15
303.148
303.136
303.08
302.901
302.941
303.101
303.143
303.149
303.15
303.15
303.15
303.15
303.15
303.15
303.15
303.15
303.15
303.15
303.15
303.15
303.148
303.136
303.08
302.902
302.942
303.102
303.144
303.149
303.15
303.15
303.15
303.15
303.15
303.15
303.15
303.15
303.15
303.15
303.15
303.15
303.148
303.136
303.081
302.903
302.943
303.102
303.144
303.149
303.15
303.15
303.15
303.15
303.15
303.15
303.15
303.15
303.15
303.15
303.15
303.15
303.148
303.137
303.081
302.905
302.944
303.102
303.144
303.149
303.15
303.15
303.15
303.15
303.15
303.15
303.15
303.15
303.15
303.15
303.15
303.15
303.148
303.137
303.082
302.906
302.945
303.103
303.144
303.149
303.15
303.15
303.15
303.15
303.15
303.15
303.15
303.15
303.15
303.15
303.15
303.15
303.148
303.137
303.082
302.907
302.946
303.103
303.144
303.149
303.15
303.15
303.15
303.15
303.15
303.15
303.15
303.15
303.15
303.15
303.15
303.15
303.148
303.137
303.083
302.909
302.947
303.104
303.144
303.149
303.15
303.15
303.15
303.15
303.15
303.15
303.15
303.15
303.15
303.15
303.15
303.15
303.148
303.137
303.084
302.91
302.949
303.104
303.144
303.149
303.15
303.15
303.15
303.15
303.15
303.15
303.15
303.15
303.15
303.15
303.15
303.15
303.148
303.137
303.084
302.911
302.95
303.105
303.144
303.149
303.15
303.15
303.15
303.15
303.15
303.15
303.15
303.15
303.15
303.15
303.15
303.15
303.148
303.137
303.085
302.913
302.951
303.105
303.144
303.149
303.15
303.15
303.15
303.15
303.15
303.15
303.15
303.15
303.15
303.15
303.15
303.15
303.148
303.137
303.085
302.914
302.952
303.106
303.144
303.149
303.15
303.15
303.15
303.15
303.15
303.15
303.15
303.15
303.15
303.15
303.15
303.15
303.148
303.138
303.086
302.915
302.953
303.106
303.144
303.149
303.15
303.15
303.15
303.15
303.15
303.15
303.15
303.15
303.15
303.15
303.15
303.15
303.148
303.138
303.086
302.917
302.954
303.107
303.145
303.149
303.15
303.15
303.15
303.15
303.15
303.15
303.15
303.15
303.15
303.15
303.15
303.15
303.148
303.138
303.087
302.918
302.955
303.107
303.145
303.149
303.15
303.15
303.15
303.15
303.15
303.15
303.15
303.15
303.15
303.15
303.15
303.15
303.148
303.138
303.088
302.919
302.956
303.108
303.145
303.149
303.15
303.15
303.15
303.15
303.15
303.15
303.15
303.15
303.15
303.15
303.15
303.15
303.148
303.138
303.088
302.921
302.958
303.108
303.145
303.149
303.15
303.15
303.15
303.15
303.15
303.15
303.15
303.15
303.15
303.15
303.15
303.15
303.148
303.138
303.089
302.922
302.959
303.109
303.145
303.149
303.15
303.15
303.15
303.15
303.15
303.15
303.15
303.15
303.15
303.15
303.15
303.15
303.148
303.138
303.089
302.924
302.96
303.109
303.145
303.15
303.15
303.15
303.15
303.15
303.15
303.15
303.15
303.15
303.15
303.15
303.15
303.15
303.148
303.138
303.09
302.925
302.961
303.109
303.145
303.15
303.15
303.15
303.15
303.15
303.15
303.15
303.15
303.15
303.15
303.15
303.15
303.15
303.148
303.139
303.09
302.926
302.962
303.11
303.145
303.15
303.15
303.15
303.15
303.15
303.15
303.15
303.15
303.15
303.15
303.15
303.15
303.15
303.148
303.139
303.091
302.928
302.963
303.11
303.145
303.15
303.15
303.15
303.15
303.15
303.15
303.15
303.15
303.15
303.15
303.15
303.15
303.15
303.148
303.139
303.091
302.929
302.964
303.111
303.145
303.15
303.15
303.15
303.15
303.15
303.15
303.15
303.15
303.15
303.15
303.15
303.15
303.15
303.148
303.139
303.092
302.931
302.966
303.111
303.145
303.15
303.15
303.15
303.15
303.15
303.15
303.15
303.15
303.15
303.15
303.15
303.15
303.15
303.148
303.139
303.093
302.932
302.967
303.112
303.145
303.15
303.15
303.15
303.15
303.15
303.15
303.15
303.15
303.15
303.15
303.15
303.15
303.15
303.148
303.139
303.093
302.933
302.968
303.112
303.146
303.15
303.15
303.15
303.15
303.15
303.15
303.15
303.15
303.15
303.15
303.15
303.15
303.15
303.148
303.139
303.094
302.935
302.969
303.113
303.146
303.15
303.15
303.15
303.15
303.15
303.15
303.15
303.15
303.15
303.15
303.15
303.15
303.15
303.148
303.139
303.094
302.936
302.97
303.113
303.146
303.15
303.15
303.15
303.15
303.15
303.15
303.15
303.15
303.15
303.15
303.15
303.15
303.15
303.148
303.14
303.095
302.938
302.971
303.114
303.146
303.15
303.15
303.15
303.15
303.15
303.15
303.15
303.15
303.15
303.15
303.15
303.15
303.15
303.148
303.14
303.095
302.939
302.973
303.114
303.146
303.15
303.15
303.15
303.15
303.15
303.15
303.15
303.15
303.15
303.15
303.15
303.15
303.15
303.148
303.14
303.096
302.941
302.974
303.115
303.146
303.15
303.15
303.15
303.15
303.15
303.15
303.15
303.15
303.15
303.15
303.15
303.15
303.15
303.148
303.14
303.096
302.942
302.975
303.115
303.146
303.15
303.15
303.15
303.15
303.15
303.15
303.15
303.15
303.15
303.15
303.15
303.15
303.15
303.148
303.14
303.097
302.944
302.976
303.116
303.146
303.15
303.15
303.15
303.15
303.15
303.15
303.15
303.15
303.15
303.15
303.15
303.15
303.15
303.148
303.14
303.098
302.945
302.977
303.116
303.146
303.15
303.15
303.15
303.15
303.15
303.15
303.15
303.15
303.15
303.15
303.15
303.15
303.15
303.148
303.14
303.098
302.946
302.978
303.116
303.146
303.15
303.15
303.15
303.15
303.15
303.15
303.15
303.15
303.15
303.15
303.15
303.15
303.15
303.148
303.14
303.099
302.948
302.98
303.117
303.146
303.15
303.15
303.15
303.15
303.15
303.15
303.15
303.15
303.15
303.15
303.15
303.15
303.15
303.148
303.141
303.099
302.949
302.981
303.117
303.146
303.15
303.15
303.15
303.15
303.15
303.15
303.15
303.15
303.15
303.15
303.15
303.15
303.15
303.148
303.141
303.1
302.951
302.982
303.118
303.147
303.15
303.15
303.15
303.15
303.15
303.15
303.15
303.15
303.15
303.15
303.15
303.15
303.15
303.148
303.141
303.1
302.952
302.983
303.118
303.147
303.15
303.15
303.15
303.15
303.15
303.15
303.15
303.15
303.15
303.15
303.15
303.15
303.15
303.149
303.141
303.101
302.954
302.984
303.119
303.147
303.15
303.15
303.15
303.15
303.15
303.15
303.15
303.15
303.15
303.15
303.15
303.15
303.15
303.149
303.141
303.101
302.955
302.986
303.119
303.147
303.15
303.15
303.15
303.15
303.15
303.15
303.15
303.15
303.15
303.15
303.15
303.15
303.15
303.149
303.141
303.102
302.957
302.987
303.12
303.147
303.15
303.15
303.15
303.15
303.15
303.15
303.15
303.15
303.15
303.15
303.15
303.15
303.15
303.149
303.141
303.103
302.958
302.988
303.12
303.147
303.15
303.15
303.15
303.15
303.15
303.15
303.15
303.15
303.15
303.15
303.15
303.15
303.15
303.149
303.141
303.103
302.96
302.989
303.121
303.147
303.15
303.15
303.15
303.15
303.15
303.15
303.15
303.15
303.15
303.15
303.15
303.15
303.15
303.149
303.142
303.104
302.962
302.99
303.121
303.147
303.15
303.15
303.15
303.15
303.15
303.15
303.15
303.15
303.15
303.15
303.15
303.15
303.15
303.149
303.142
303.104
302.963
302.992
303.121
303.147
303.15
303.15
303.15
303.15
303.15
303.15
303.15
303.15
303.15
303.15
303.15
303.15
303.15
303.149
303.142
303.105
302.965
302.993
303.122
303.147
303.15
303.15
303.15
303.15
303.15
303.15
303.15
303.15
303.15
303.15
303.15
303.15
303.15
303.149
303.142
303.105
302.966
302.994
303.122
303.147
303.15
303.15
303.15
303.15
303.15
303.15
303.15
303.15
303.15
303.15
303.15
303.15
303.15
303.149
303.142
303.106
302.968
302.995
303.123
303.147
303.15
303.15
303.15
303.15
303.15
303.15
303.15
303.15
303.15
303.15
303.15
303.15
303.15
303.149
303.142
303.106
302.969
302.997
303.123
303.147
303.15
303.15
303.15
303.15
303.15
303.15
303.15
303.15
303.15
303.15
303.15
303.15
303.15
303.149
303.142
303.107
302.971
302.998
303.124
303.147
303.15
303.15
303.15
303.15
303.15
303.15
303.15
303.15
303.15
303.15
303.15
303.15
303.15
303.149
303.142
303.107
302.973
302.999
303.124
303.147
303.15
303.15
303.15
303.15
303.15
303.15
303.15
303.15
303.15
303.15
303.15
303.15
303.15
303.149
303.142
303.108
302.974
303
303.125
303.148
303.15
303.15
303.15
303.15
303.15
303.15
303.15
303.15
303.15
303.15
303.15
303.15
303.15
303.149
303.143
303.109
302.976
303.002
303.125
303.148
303.15
303.15
303.15
303.15
303.15
303.15
303.15
303.15
303.15
303.15
303.15
303.15
303.15
303.149
303.143
303.109
302.977
303.003
303.125
303.148
303.15
303.15
303.15
303.15
303.15
303.15
303.15
303.15
303.15
303.15
303.15
303.15
303.15
303.149
303.143
303.11
302.979
303.004
303.126
303.148
303.15
303.15
303.15
303.15
303.15
303.15
303.15
303.15
303.15
303.15
303.15
303.15
303.15
303.149
303.143
303.11
302.981
303.005
303.126
303.148
303.15
303.15
303.15
303.15
303.15
303.15
303.15
303.15
303.15
303.15
303.15
303.15
303.15
303.149
303.143
303.111
302.982
303.007
303.127
303.148
303.15
303.15
303.15
303.15
303.15
303.15
303.15
303.15
303.15
303.15
303.15
303.15
303.15
303.149
303.143
303.111
302.984
303.008
303.127
303.148
303.15
303.15
303.15
303.15
303.15
303.15
303.15
303.15
303.15
303.15
303.15
303.15
303.15
303.149
303.143
303.112
302.986
303.009
303.128
303.148
303.15
303.15
303.15
303.15
303.15
303.15
303.15
303.15
303.15
303.15
303.15
303.15
303.15
303.149
303.143
303.112
302.987
303.01
303.128
303.148
303.15
303.15
303.15
303.15
303.15
303.15
303.15
303.15
303.15
303.15
303.15
303.15
303.15
303.149
303.143
303.113
302.989
303.012
303.128
303.148
303.15
303.15
303.15
303.15
303.15
303.15
303.15
303.15
303.15
303.15
303.15
303.15
303.15
303.149
303.143
303.113
302.991
303.013
303.129
303.148
303.15
303.15
303.15
303.15
303.15
303.15
303.15
303.15
303.15
303.15
303.15
303.15
303.15
303.149
303.144
303.114
302.992
303.014
303.129
303.148
303.15
303.15
303.15
303.15
303.15
303.15
303.15
303.15
303.15
303.15
303.15
303.15
303.15
303.149
303.144
303.115
302.994
303.016
303.13
303.148
303.15
303.15
303.15
303.15
303.15
303.15
303.15
303.15
303.15
303.15
303.15
303.15
303.15
303.149
303.144
303.115
302.996
303.017
303.13
303.148
303.15
303.15
303.15
303.15
303.15
303.15
303.15
303.15
303.15
303.15
303.15
303.15
303.15
303.149
303.144
303.116
302.997
303.018
303.131
303.148
303.15
303.15
303.15
303.15
303.15
303.15
303.15
303.15
303.15
303.15
303.15
303.15
303.15
303.149
303.144
303.116
302.999
303.019
303.131
303.148
303.15
303.15
303.15
303.15
303.15
303.15
303.15
303.15
303.15
303.15
303.15
303.15
303.15
303.149
303.144
303.117
303.001
303.021
303.131
303.148
303.15
303.15
303.15
303.15
303.15
303.15
303.15
303.15
303.15
303.15
303.15
303.15
303.15
303.149
303.144
303.117
303.003
303.022
303.132
303.148
303.15
303.15
303.15
303.15
303.15
303.15
303.15
303.15
303.15
303.15
303.15
303.15
303.15
303.149
303.144
303.118
303.005
303.023
303.132
303.149
303.15
303.15
303.15
303.15
303.15
303.15
303.15
303.15
303.15
303.15
303.15
303.15
303.15
303.149
303.144
303.118
303.006
303.025
303.133
303.149
303.15
303.15
303.15
303.15
303.15
303.15
303.15
303.15
303.15
303.15
303.15
303.15
303.15
303.149
303.145
303.119
303.008
303.026
303.133
303.149
303.15
303.15
303.15
303.15
303.15
303.15
303.15
303.15
303.15
303.15
303.15
303.15
303.15
303.149
303.145
303.119
303.01
303.027
303.133
303.149
303.15
303.15
303.15
303.15
303.15
303.15
303.15
303.15
303.15
303.15
303.15
303.15
303.15
303.149
303.145
303.12
303.012
303.029
303.134
303.149
303.15
303.15
303.15
303.15
303.15
303.15
303.15
303.15
303.15
303.15
303.15
303.15
303.15
303.149
303.145
303.12
303.014
303.03
303.134
303.149
303.15
303.15
303.15
303.15
303.15
303.15
303.15
303.15
303.15
303.15
303.15
303.15
303.15
303.149
303.145
303.121
303.015
303.031
303.134
303.149
303.15
303.15
303.15
303.15
303.15
303.15
303.15
303.15
303.15
303.15
303.15
303.15
303.15
303.149
303.145
303.122
303.017
303.033
303.135
303.149
303.15
303.15
303.15
303.15
303.15
303.15
303.15
303.15
303.15
303.15
303.15
303.15
303.15
303.149
303.145
303.122
303.019
303.034
303.135
303.149
303.15
303.15
303.15
303.15
303.15
303.15
303.15
303.15
303.15
303.15
303.15
303.15
303.15
303.149
303.145
303.123
303.021
303.035
303.135
303.149
303.15
303.15
303.15
303.15
303.15
303.15
303.15
303.15
303.15
303.15
303.15
303.15
303.15
303.149
303.145
303.123
303.023
303.037
303.136
303.149
303.15
303.15
303.15
303.15
303.15
303.15
303.15
303.15
303.15
303.15
303.15
303.15
303.15
303.149
303.146
303.124
303.025
303.038
303.136
303.149
303.15
303.15
303.15
303.15
303.15
303.15
303.15
303.15
303.15
303.15
303.15
303.15
303.15
303.149
303.146
303.124
303.027
303.04
303.136
303.149
303.15
303.15
303.15
303.15
303.15
303.15
303.15
303.15
303.15
303.15
303.15
303.15
303.15
303.149
303.146
303.125
303.029
303.041
303.137
303.149
303.15
303.15
303.15
303.15
303.15
303.15
303.15
303.15
303.15
303.15
303.15
303.15
303.15
303.149
303.146
303.126
303.031
303.042
303.137
303.149
303.15
303.15
303.15
303.15
303.15
303.15
303.15
303.15
303.15
303.15
303.15
303.15
303.15
303.149
303.146
303.126
303.033
303.043
303.137
303.149
303.15
303.15
303.15
303.15
303.15
303.15
303.15
303.15
303.15
303.15
303.15
303.15
303.15
303.149
303.146
303.127
303.035
303.045
303.137
303.149
303.15
303.15
303.15
303.15
303.15
303.15
303.15
303.15
303.15
303.15
303.15
303.15
303.15
303.15
303.147
303.128
303.037
303.046
303.138
303.149
303.15
303.15
303.15
303.15
303.15
303.15
303.15
303.15
303.15
303.15
303.15
303.15
303.15
303.15
303.147
303.129
303.039
303.047
303.138
303.149
303.15
303.15
303.15
303.15
303.15
303.15
303.15
303.15
303.15
303.15
303.15
303.15
303.15
303.15
303.147
303.129
303.041
303.048
303.138
303.149
303.15
303.15
303.15
303.15
303.15
303.15
303.15
303.15
303.15
303.15
303.15
303.15
303.15
303.15
303.147
303.13
303.043
303.049
303.138
303.149
303.15
303.15
303.15
303.15
303.15
303.15
303.15
303.15
303.15
303.15
303.15
303.15
303.15
303.15
303.147
303.132
303.045
300.039
300.39
299.956
300.086
300.029
300.032
300.017
299.944
299.589
298.127
298.497
298.85
298.702
298.484
298.323
298.158
297.891
297.508
296.828
295.951
300.042
300.396
299.954
300.087
300.027
300.031
300.012
299.909
299.483
298.061
298.551
298.931
298.8
298.59
298.429
298.269
298.012
297.643
296.974
296.096
300.045
300.4
299.953
300.087
300.026
300.029
300.006
299.865
299.368
298.024
298.601
299.003
298.894
298.694
298.534
298.379
298.131
297.778
297.124
296.249
300.046
300.404
299.952
300.088
300.025
300.028
299.998
299.81
299.247
298.01
298.647
299.065
298.983
298.795
298.637
298.487
298.249
297.912
297.276
296.406
300.047
300.407
299.952
300.088
300.024
300.027
299.987
299.745
299.124
298.014
298.687
299.117
299.065
298.893
298.739
298.593
298.366
298.044
297.428
296.567
300.047
300.409
299.952
300.089
300.024
300.025
299.974
299.67
299.003
298.032
298.72
299.158
299.14
298.987
298.839
298.697
298.48
298.174
297.58
296.732
300.047
300.412
299.953
300.09
300.023
300.023
299.957
299.586
298.886
298.058
298.745
299.191
299.208
299.077
298.936
298.799
298.591
298.302
297.731
296.899
300.046
300.414
299.953
300.091
300.023
300.02
299.936
299.494
298.774
298.088
298.762
299.216
299.269
299.162
299.03
298.898
298.701
298.427
297.882
297.069
300.046
300.416
299.954
300.092
300.023
300.017
299.913
299.398
298.668
298.118
298.772
299.233
299.322
299.242
299.121
298.995
298.808
298.549
298.031
297.24
300.045
300.418
299.956
300.093
300.023
300.014
299.886
299.297
298.568
298.146
298.777
299.242
299.368
299.316
299.209
299.089
298.913
298.668
298.177
297.411
300.044
300.42
299.957
300.093
300.022
300.01
299.858
299.195
298.472
298.169
298.778
299.245
299.406
299.384
299.293
299.181
299.014
298.785
298.321
297.582
300.043
300.421
299.958
300.094
300.022
300.006
299.827
299.093
298.382
298.186
298.777
299.242
299.436
299.446
299.372
299.27
299.113
298.897
298.462
297.752
300.042
300.423
299.96
300.095
300.022
300.002
299.796
298.993
298.295
298.196
298.774
299.233
299.459
299.5
299.446
299.354
299.209
299.007
298.599
297.92
300.041
300.424
299.961
300.095
300.022
299.998
299.765
298.897
298.214
298.199
298.77
299.221
299.474
299.546
299.514
299.435
299.301
299.112
298.731
298.085
300.04
300.425
299.963
300.095
300.022
299.994
299.735
298.807
298.137
298.195
298.765
299.206
299.483
299.585
299.576
299.511
299.389
299.214
298.859
298.247
300.039
300.426
299.964
300.096
300.022
299.99
299.707
298.724
298.066
298.183
298.76
299.19
299.485
299.617
299.631
299.582
299.473
299.311
298.982
298.405
300.038
300.426
299.966
300.096
300.022
299.987
299.681
298.648
298.002
298.165
298.756
299.175
299.481
299.64
299.679
299.647
299.552
299.404
299.1
298.557
300.037
300.427
299.968
300.096
300.022
299.984
299.658
298.581
297.944
298.142
298.753
299.161
299.473
299.657
299.72
299.706
299.626
299.492
299.212
298.704
300.036
300.428
299.969
300.096
300.021
299.981
299.638
298.524
297.893
298.113
298.75
299.15
299.463
299.667
299.754
299.759
299.694
299.575
299.319
298.845
300.036
300.428
299.971
300.096
300.021
299.98
299.623
298.476
297.849
298.083
298.747
299.142
299.451
299.671
299.781
299.805
299.757
299.652
299.419
298.979
300.035
300.429
299.973
300.096
300.021
299.979
299.612
298.439
297.814
298.052
298.744
299.138
299.439
299.67
299.8
299.845
299.814
299.723
299.512
299.106
300.034
300.43
299.975
300.096
300.021
299.978
299.605
298.413
297.788
298.024
298.742
299.138
299.429
299.665
299.814
299.877
299.864
299.788
299.599
299.225
300.033
300.431
299.977
300.096
300.022
299.978
299.603
298.398
297.773
298.004
298.742
299.144
299.421
299.658
299.822
299.903
299.907
299.847
299.679
299.336
300.032
300.432
299.98
300.095
300.022
299.979
299.605
298.397
297.769
297.996
298.745
299.154
299.417
299.651
299.825
299.923
299.944
299.9
299.753
299.439
300.031
300.434
299.983
300.095
300.022
299.98
299.612
298.409
297.781
298.002
298.752
299.169
299.417
299.643
299.824
299.937
299.975
299.946
299.819
299.534
300.029
300.436
299.986
300.094
300.022
299.982
299.624
298.437
297.81
298.027
298.767
299.189
299.423
299.638
299.821
299.946
299.999
299.986
299.877
299.62
300.027
300.439
299.991
300.093
300.023
299.984
299.64
298.483
297.861
298.073
298.791
299.215
299.434
299.635
299.817
299.951
300.018
300.019
299.929
299.698
300.024
300.442
299.997
300.092
300.023
299.987
299.661
298.548
297.936
298.143
298.827
299.246
299.452
299.635
299.813
299.952
300.032
300.047
299.974
299.767
300.021
300.446
300.004
300.09
300.025
299.989
299.685
298.634
298.041
298.239
298.877
299.284
299.475
299.641
299.81
299.952
300.041
300.068
300.011
299.828
300.016
300.45
300.013
300.088
300.026
299.992
299.715
298.742
298.179
298.365
298.944
299.328
299.504
299.651
299.809
299.949
300.046
300.085
300.043
299.88
300.01
300.455
300.025
300.086
300.028
299.995
299.748
298.873
298.353
298.521
299.031
299.38
299.539
299.667
299.81
299.947
300.048
300.096
300.068
299.924
300.001
300.46
300.04
300.084
300.031
299.999
299.785
299.025
298.562
298.708
299.137
299.44
299.58
299.688
299.816
299.945
300.048
300.103
300.087
299.96
299.99
300.465
300.058
300.082
300.034
300.003
299.824
299.193
298.801
298.919
299.259
299.507
299.625
299.715
299.825
299.945
300.047
300.106
300.1
299.99
299.977
300.468
300.081
300.081
300.038
300.007
299.863
299.368
299.056
299.14
299.391
299.581
299.674
299.746
299.839
299.947
300.044
300.107
300.108
300.012
299.959
300.469
300.109
300.082
300.043
300.013
299.902
299.536
299.303
299.356
299.524
299.657
299.726
299.78
299.857
299.951
300.042
300.104
300.112
300.027
299.937
300.466
300.14
300.088
300.05
300.021
299.937
299.684
299.522
299.548
299.649
299.733
299.778
299.818
299.879
299.959
300.041
300.101
300.112
300.037
299.91
300.456
300.175
300.1
300.059
300.03
299.969
299.804
299.696
299.704
299.757
299.804
299.831
299.858
299.904
299.97
300.041
300.096
300.109
300.042
299.878
300.437
300.21
300.119
300.072
300.042
299.996
299.894
299.825
299.823
299.846
299.867
299.881
299.897
299.931
299.983
300.042
300.091
300.103
300.042
299.839
300.408
300.244
300.145
300.091
300.057
300.021
299.958
299.914
299.907
299.915
299.922
299.927
299.937
299.96
299.999
300.046
300.086
300.095
300.038
299.793
300.364
300.27
300.177
300.116
300.079
300.047
300.006
299.975
299.968
299.968
299.969
299.969
299.974
299.989
300.017
300.052
300.081
300.086
300.031
299.738
300.305
300.285
300.209
300.148
300.106
300.075
300.044
300.021
300.013
300.011
300.009
300.008
300.01
300.018
300.036
300.059
300.079
300.077
300.023
299.435
300.216
300.281
300.236
300.181
300.138
300.106
300.079
300.059
300.051
300.047
300.045
300.043
300.043
300.047
300.056
300.068
300.077
300.068
300.015
296.566
299.715
300.172
300.227
300.203
300.168
300.138
300.113
300.095
300.085
300.08
300.078
300.075
300.074
300.074
300.076
300.079
300.078
300.062
300.007
295.432
299.01
299.901
300.137
300.185
300.18
300.162
300.143
300.127
300.117
300.112
300.108
300.105
300.102
300.099
300.095
300.09
300.081
300.058
300.002
295.204
298.377
299.498
299.941
300.102
300.153
300.163
300.158
300.149
300.142
300.137
300.134
300.13
300.126
300.12
300.113
300.102
300.085
300.056
300
295.144
296.506
298.785
299.578
299.913
300.057
300.118
300.142
300.149
300.15
300.15
300.149
300.146
300.142
300.135
300.126
300.111
300.09
300.058
300.004
295.08
295.591
297.901
299.06
299.594
299.865
300.003
300.073
300.109
300.128
300.138
300.143
300.145
300.144
300.139
300.13
300.115
300.094
300.063
300.013
294.984
295.366
296.103
298.126
299.063
299.523
299.777
299.921
300.004
300.053
300.083
300.101
300.113
300.12
300.121
300.116
300.106
300.09
300.066
300.028
294.942
295.206
295.507
296.286
297.889
298.867
299.346
299.621
299.787
299.89
299.952
299.994
300.025
300.046
300.06
300.068
300.071
300.07
300.061
300.045
294.94
295.084
295.268
295.507
295.99
297.061
298.137
298.825
299.228
299.462
299.606
299.707
299.782
299.838
299.886
299.931
299.975
300.01
300.027
300.043
294.979
295.033
295.103
295.206
295.351
295.538
295.947
296.657
297.355
297.929
298.369
298.698
298.945
299.141
299.314
299.492
299.691
299.812
299.93
300.025
295.054
295.054
295.045
295.051
295.069
295.091
295.142
295.355
295.703
296.122
296.554
296.957
297.319
297.645
297.964
298.342
298.879
299.444
299.825
300.01
295.152
295.124
295.074
295.027
294.985
294.945
294.909
294.936
295.042
295.215
295.438
295.687
295.942
296.197
296.468
296.819
297.58
299.004
299.723
299.993
295.264
295.222
295.152
295.078
295.006
294.935
294.871
294.835
294.836
294.878
294.958
295.07
295.203
295.353
295.524
295.751
296.203
298.495
299.61
299.973
295.383
295.333
295.251
295.161
295.069
294.981
294.902
294.84
294.8
294.785
294.794
294.828
294.883
294.959
295.056
295.19
295.437
298.161
299.519
299.955
295.507
295.449
295.357
295.254
295.149
295.05
294.961
294.886
294.828
294.787
294.764
294.758
294.77
294.799
294.848
294.924
295.084
298.026
299.474
299.945
295.634
295.567
295.467
295.354
295.239
295.131
295.034
294.951
294.883
294.829
294.79
294.764
294.751
294.751
294.766
294.803
294.928
298.015
299.461
299.94
295.764
295.689
295.58
295.459
295.337
295.222
295.118
295.028
294.953
294.893
294.844
294.806
294.777
294.756
294.746
294.754
294.852
298.001
299.453
299.938
295.897
295.815
295.699
295.57
295.441
295.319
295.209
295.114
295.035
294.97
294.916
294.87
294.83
294.793
294.762
294.744
294.868
297.969
299.446
299.936
296.033
295.945
295.822
295.687
295.551
295.423
295.308
295.209
295.127
295.059
295.002
294.951
294.902
294.852
294.802
294.76
294.897
297.951
299.437
299.933
296.172
296.079
295.95
295.808
295.666
295.532
295.413
295.311
295.227
295.159
295.1
295.046
294.989
294.928
294.861
294.797
294.932
297.942
299.428
299.93
296.315
296.217
296.082
295.933
295.785
295.646
295.523
295.419
295.335
295.267
295.209
295.152
295.09
295.018
294.936
294.85
294.974
297.942
299.419
299.926
296.46
296.358
296.216
296.062
295.908
295.765
295.638
295.533
295.449
295.383
295.326
295.269
295.203
295.122
295.024
294.918
295.018
297.951
299.41
299.923
296.607
296.501
296.354
296.194
296.035
295.887
295.757
295.652
295.57
295.506
295.452
295.395
295.325
295.236
295.124
294.964
295.059
297.967
299.401
299.92
296.757
296.647
296.495
296.329
296.164
296.012
295.881
295.775
295.695
295.635
295.584
295.528
295.456
295.359
295.234
295.012
295.098
297.986
299.393
299.918
296.909
296.795
296.638
296.466
296.297
296.141
296.007
295.902
295.825
295.77
295.723
295.669
295.594
295.49
295.353
295.064
295.141
298.004
299.387
299.916
297.063
296.946
296.783
296.606
296.432
296.272
296.137
296.033
295.96
295.909
295.866
295.814
295.738
295.628
295.479
295.118
295.189
298.015
299.381
299.915
297.218
297.098
296.931
296.748
296.569
296.406
296.27
296.167
296.097
296.052
296.014
295.965
295.888
295.772
295.611
295.173
295.24
298.017
299.375
299.915
297.375
297.252
297.08
296.892
296.708
296.542
296.405
296.303
296.238
296.198
296.165
296.119
296.041
295.92
295.749
295.23
295.284
298.009
299.371
299.915
297.533
297.407
297.23
297.038
296.849
296.68
296.542
296.442
296.381
296.346
296.319
296.276
296.198
296.072
295.892
295.29
295.316
297.991
299.368
299.916
297.693
297.564
297.382
297.185
296.992
296.82
296.681
296.583
296.526
296.497
296.475
296.435
296.357
296.227
296.038
295.355
295.335
297.963
299.367
299.918
297.853
297.721
297.535
297.333
297.136
296.961
296.821
296.725
296.672
296.649
296.632
296.595
296.517
296.384
296.188
295.422
295.343
297.924
299.366
299.921
298.013
297.879
297.689
297.483
297.282
297.104
296.963
296.868
296.819
296.802
296.79
296.756
296.678
296.542
296.335
295.485
295.342
297.872
299.365
299.924
298.174
298.038
297.844
297.633
297.429
297.248
297.105
297.012
296.967
296.954
296.947
296.917
296.84
296.701
296.471
295.539
295.333
297.808
299.365
299.927
298.334
298.197
297.999
297.785
297.576
297.392
297.248
297.157
297.115
297.107
297.104
297.076
297
296.859
296.561
295.579
295.316
297.731
299.365
299.931
298.495
298.356
298.155
297.936
297.724
297.537
297.392
297.301
297.262
297.258
297.259
297.234
297.158
297.017
296.646
295.613
295.292
297.642
299.363
299.935
298.654
298.515
298.311
298.088
297.873
297.683
297.536
297.445
297.408
297.407
297.412
297.389
297.315
297.172
296.731
295.647
295.263
297.542
299.361
299.939
298.814
298.673
298.466
298.241
298.022
297.828
297.679
297.588
297.553
297.555
297.562
297.542
297.468
297.326
296.818
295.686
295.232
297.432
299.356
299.943
298.972
298.831
298.622
298.393
298.171
297.974
297.822
297.729
297.695
297.699
297.709
297.69
297.618
297.476
296.91
295.735
295.203
297.316
299.35
299.948
299.129
298.988
298.776
298.545
298.319
298.119
297.964
297.87
297.836
297.841
297.852
297.835
297.764
297.624
297.007
295.796
295.181
297.194
299.34
299.952
299.284
299.143
298.93
298.696
298.467
298.263
298.105
298.008
297.973
297.979
297.991
297.975
297.906
297.768
297.11
295.87
295.17
297.069
299.327
299.955
299.438
299.298
299.083
298.847
298.615
298.407
298.244
298.144
298.108
298.114
298.126
298.111
298.043
297.907
297.22
295.956
295.173
296.944
299.309
299.958
299.589
299.45
299.235
298.997
298.762
298.549
298.382
298.278
298.239
298.244
298.255
298.241
298.175
298.042
297.334
296.054
295.192
296.823
299.287
299.961
299.739
299.601
299.385
299.146
298.908
298.69
298.518
298.409
298.367
298.369
298.38
298.365
298.301
298.172
297.452
296.16
295.228
296.707
299.26
299.962
299.886
299.75
299.534
299.293
299.052
298.83
298.652
298.538
298.491
298.491
298.499
298.484
298.422
298.296
297.568
296.272
295.278
296.604
299.228
299.963
300.031
299.897
299.681
299.44
299.195
298.969
298.784
298.663
298.611
298.607
298.613
298.597
298.537
298.413
297.68
296.384
295.338
296.513
299.192
299.964
300.172
300.042
299.827
299.584
299.337
299.105
298.913
298.785
298.727
298.718
298.721
298.704
298.645
298.516
297.787
296.498
295.406
296.437
299.153
299.963
300.311
300.184
299.97
299.727
299.477
299.239
299.04
298.903
298.838
298.824
298.823
298.804
298.747
298.61
297.89
296.612
295.482
296.375
299.112
299.961
300.447
300.323
300.11
299.867
299.615
299.372
299.164
299.018
298.945
298.924
298.919
298.898
298.842
298.689
297.989
296.728
295.564
296.328
299.069
299.959
300.579
300.459
300.249
300.006
299.751
299.502
299.285
299.129
299.047
299.019
299.008
298.985
298.931
298.767
298.087
296.844
295.651
296.296
299.025
299.956
300.708
300.593
300.384
300.142
299.885
299.63
299.403
299.237
299.145
299.109
299.092
299.065
299.012
298.841
298.184
296.962
295.744
296.277
298.98
299.952
300.834
300.723
300.517
300.276
300.017
299.755
299.519
299.341
299.237
299.193
299.17
299.138
299.087
298.913
298.279
297.079
295.841
296.271
298.936
299.948
300.955
300.85
300.647
300.407
300.146
299.878
299.631
299.44
299.326
299.272
299.241
299.205
299.155
298.981
298.372
297.197
295.942
296.277
298.893
299.943
301.073
300.973
300.774
300.536
300.273
299.998
299.74
299.536
299.409
299.346
299.306
299.265
299.215
299.044
298.462
297.314
296.046
296.294
298.852
299.937
301.187
301.093
300.898
300.662
300.397
300.116
299.846
299.628
299.488
299.414
299.365
299.317
299.268
299.102
298.548
297.429
296.152
296.321
298.813
299.931
301.297
301.21
301.019
300.785
300.519
300.231
299.949
299.717
299.562
299.476
299.417
299.362
299.314
299.155
298.629
297.541
296.259
296.357
298.777
299.925
301.403
301.322
301.136
300.905
300.638
300.343
300.049
299.801
299.631
299.534
299.463
299.4
299.352
299.201
298.704
297.649
296.366
296.401
298.745
299.918
301.505
301.431
301.25
301.022
300.754
300.453
300.146
299.882
299.696
299.586
299.503
299.43
299.382
299.24
298.773
297.751
296.472
296.451
298.718
299.912
301.603
301.536
301.36
301.136
300.867
300.56
300.241
299.959
299.757
299.632
299.537
299.452
299.403
299.273
298.835
297.848
296.576
296.507
298.696
299.906
301.697
301.638
301.467
301.246
300.978
300.664
300.332
300.033
299.813
299.674
299.564
299.465
299.416
299.297
298.889
297.938
296.676
296.568
298.679
299.9
301.787
301.735
301.57
301.354
301.086
300.766
300.42
300.103
299.865
299.711
299.584
299.468
299.419
299.313
298.935
298.02
296.772
296.632
298.669
299.895
301.872
301.828
301.669
301.457
301.19
300.865
300.506
300.171
299.914
299.743
299.599
299.462
299.413
299.32
298.971
298.092
296.861
296.699
298.665
299.89
301.954
301.917
301.765
301.558
301.292
300.961
300.589
300.235
299.959
299.771
299.606
299.445
299.396
299.318
298.999
298.154
296.943
296.768
298.668
299.887
302.031
302.003
301.857
301.655
301.39
301.055
300.671
300.297
300
299.794
299.608
299.417
299.368
299.307
299.017
298.204
297.015
296.837
298.678
299.884
302.105
302.084
301.945
301.748
301.486
301.146
300.75
300.357
300.038
299.813
299.603
299.376
299.328
299.287
299.025
298.242
297.077
296.907
298.694
299.883
302.174
302.161
302.029
301.838
301.579
301.235
300.827
300.415
300.074
299.829
299.593
299.322
299.277
299.257
299.023
298.267
297.128
296.977
298.719
299.883
302.24
302.235
302.109
301.925
301.668
301.322
300.902
300.471
300.108
299.842
299.577
299.257
299.215
299.22
299.012
298.278
297.167
297.046
298.75
299.884
302.302
302.304
302.185
302.007
301.755
301.407
300.977
300.526
300.141
299.853
299.558
299.18
299.143
299.176
298.992
298.276
297.195
297.115
298.788
299.887
302.36
302.37
302.258
302.086
301.838
301.489
301.049
300.581
300.173
299.862
299.536
299.096
299.066
299.129
298.965
298.26
297.211
297.186
298.832
299.891
302.415
302.431
302.326
302.162
301.919
301.57
301.121
300.636
300.205
299.87
299.512
299.007
298.988
299.081
298.931
298.231
297.217
297.257
298.882
299.896
302.466
302.489
302.391
302.234
301.996
301.648
301.193
300.691
300.237
299.879
299.488
298.919
298.911
299.036
298.892
298.189
297.214
297.331
298.937
299.901
302.513
302.544
302.452
302.302
302.07
301.724
301.263
300.746
300.271
299.888
299.466
298.839
298.847
298.996
298.848
298.136
297.206
297.409
298.996
299.908
302.558
302.595
302.51
302.367
302.141
301.798
301.333
300.802
300.306
299.899
299.448
298.771
298.799
298.962
298.798
298.072
297.194
297.491
299.058
299.914
302.599
302.642
302.564
302.428
302.209
301.87
301.402
300.86
300.343
299.913
299.433
298.72
298.772
298.933
298.742
297.998
297.181
297.579
299.123
299.92
302.637
302.687
302.615
302.486
302.274
301.939
301.471
300.918
300.383
299.929
299.425
298.69
298.774
298.904
298.679
297.916
297.17
297.672
299.188
299.927
302.673
302.728
302.662
302.54
302.336
302.007
301.539
300.978
300.426
299.949
299.422
298.682
298.783
298.864
298.605
297.829
297.165
297.772
299.253
299.932
302.706
302.766
302.706
302.591
302.395
302.073
301.607
301.04
300.471
299.973
299.428
298.675
298.741
298.804
298.514
297.739
297.168
297.877
299.318
299.937
302.736
302.801
302.748
302.64
302.452
302.138
301.676
301.103
300.52
300.002
299.441
298.667
298.657
298.718
298.408
297.651
297.183
297.988
299.381
299.942
302.764
302.834
302.786
302.686
302.507
302.202
301.745
301.169
300.571
300.035
299.462
298.661
298.541
298.609
298.29
297.567
297.212
298.102
299.443
299.946
302.789
302.864
302.822
302.729
302.559
302.265
301.814
301.237
300.626
300.073
299.49
298.662
298.406
298.479
298.166
297.494
297.256
298.219
299.501
299.948
302.812
302.892
302.855
302.769
302.609
302.325
301.884
301.306
300.684
300.115
299.526
298.675
298.261
298.338
298.042
297.433
297.314
298.338
299.556
299.95
302.833
302.917
302.886
302.807
302.656
302.384
301.953
301.377
300.746
300.161
299.57
298.705
298.122
298.195
297.926
297.391
297.386
298.458
299.607
299.951
302.852
302.94
302.914
302.842
302.701
302.441
302.021
301.45
300.81
300.212
299.621
298.754
298.004
298.063
297.825
297.368
297.472
298.577
299.654
299.952
302.869
302.961
302.939
302.874
302.743
302.497
302.089
301.524
300.878
300.266
299.677
298.824
297.923
297.952
297.746
297.369
297.57
298.695
299.698
299.951
302.885
302.981
302.963
302.904
302.783
302.55
302.156
301.599
300.949
300.324
299.738
298.914
297.892
297.871
297.693
297.394
297.679
298.811
299.737
299.95
302.899
302.998
302.984
302.931
302.82
302.6
302.223
301.675
301.022
300.385
299.802
299.02
297.916
297.827
297.673
297.445
297.799
298.923
299.771
299.949
302.911
303.014
303.004
302.956
302.854
302.649
302.288
301.752
301.099
300.45
299.868
299.139
298.009
297.826
297.687
297.522
297.93
299.032
299.802
299.947
302.922
303.028
303.021
302.979
302.887
302.696
302.352
301.83
301.179
300.518
299.935
299.264
298.172
297.87
297.74
297.628
298.07
299.136
299.83
299.944
302.932
303.04
303.037
303
302.916
302.74
302.414
301.909
301.262
300.591
300.004
299.388
298.387
297.96
297.831
297.761
298.219
299.235
299.853
299.942
302.94
303.052
303.052
303.019
302.944
302.782
302.476
301.988
301.348
300.667
300.073
299.505
298.626
298.094
297.961
297.921
298.378
299.33
299.874
299.939
302.947
303.062
303.064
303.036
302.969
302.822
302.536
302.069
301.438
300.749
300.143
299.612
298.864
298.268
298.127
298.107
298.546
299.421
299.891
299.937
302.954
303.07
303.076
303.052
302.993
302.859
302.594
302.149
301.531
300.836
300.215
299.709
299.085
298.475
298.326
298.315
298.722
299.507
299.905
299.934
302.959
303.078
303.086
303.065
303.014
302.894
302.651
302.23
301.628
300.93
300.292
299.797
299.279
298.704
298.549
298.541
298.902
299.586
299.916
299.932
302.964
303.085
303.095
303.078
303.033
302.927
302.706
302.311
301.729
301.031
300.374
299.879
299.445
298.942
298.788
298.775
299.083
299.658
299.924
299.93
302.967
303.091
303.103
303.089
303.051
302.958
302.758
302.392
301.834
301.139
300.463
299.957
299.583
299.173
299.027
299.007
299.257
299.721
299.929
299.927
302.97
303.096
303.11
303.098
303.066
302.986
302.809
302.473
301.942
301.257
300.562
300.033
299.694
299.38
299.251
299.225
299.415
299.773
299.932
299.924
302.972
303.1
303.116
303.107
303.08
303.012
302.856
302.552
302.053
301.383
300.672
300.111
299.783
299.551
299.446
299.416
299.552
299.814
299.932
299.921
302.974
303.104
303.121
303.114
303.093
303.036
302.901
302.629
302.167
301.518
300.795
300.196
299.854
299.678
299.601
299.572
299.663
299.845
299.93
299.918
302.975
303.107
303.125
303.12
303.103
303.056
302.942
302.704
302.282
301.662
300.934
300.293
299.915
299.77
299.711
299.688
299.745
299.866
299.926
299.914
302.975
303.109
303.129
303.126
303.112
303.075
302.98
302.775
302.396
301.814
301.09
300.407
299.973
299.819
299.781
299.767
299.801
299.879
299.921
299.908
302.975
303.111
303.133
303.13
303.12
303.091
303.014
302.841
302.508
301.971
301.263
300.544
300.042
299.848
299.82
299.813
299.834
299.884
299.914
299.903
302.974
303.112
303.135
303.134
303.127
303.104
303.044
302.901
302.616
302.13
301.452
300.708
300.13
299.873
299.836
299.837
299.852
299.884
299.905
299.896
302.972
303.113
303.137
303.137
303.132
303.115
303.069
302.955
302.716
302.289
301.654
300.901
300.249
299.906
299.841
299.844
299.857
299.879
299.896
299.888
302.971
303.114
303.139
303.14
303.136
303.124
303.09
303.002
302.808
302.443
301.865
301.123
300.406
299.96
299.841
299.843
299.854
299.872
299.885
299.88
302.968
303.114
303.141
303.142
303.14
303.131
303.107
303.041
302.89
302.587
302.077
301.369
300.608
300.05
299.845
299.837
299.847
299.862
299.874
299.871
302.966
303.114
303.142
303.144
303.142
303.137
303.12
303.073
302.959
302.718
302.285
301.634
300.857
300.193
299.871
299.831
299.838
299.85
299.862
299.861
302.963
303.113
303.143
303.145
303.144
303.141
303.13
303.098
303.016
302.832
302.479
301.906
301.148
300.399
299.938
299.832
299.829
299.839
299.849
299.85
302.96
303.112
303.143
303.146
303.146
303.144
303.137
303.116
303.06
302.927
302.653
302.172
301.47
300.675
300.068
299.851
299.827
299.829
299.837
299.839
302.956
303.111
303.144
303.147
303.147
303.146
303.142
303.129
303.093
303.001
302.8
302.418
301.805
301.016
300.282
299.905
299.837
299.825
299.828
299.829
302.953
303.11
303.144
303.148
303.148
303.147
303.145
303.137
303.116
303.057
302.918
302.633
302.132
301.403
300.595
300.027
299.875
299.833
299.823
299.82
302.949
303.109
303.144
303.148
303.148
303.148
303.147
303.143
303.131
303.096
303.007
302.809
302.428
301.807
301.002
300.275
299.958
299.866
299.831
299.817
302.944
303.107
303.144
303.149
303.149
303.149
303.148
303.146
303.14
303.12
303.068
302.942
302.676
302.191
301.466
300.652
300.12
299.941
299.862
299.825
302.94
303.105
303.144
303.149
303.149
303.149
303.149
303.148
303.145
303.135
303.107
303.034
302.866
302.524
301.938
301.138
300.402
300.085
299.933
299.855
302.936
303.104
303.144
303.149
303.149
303.149
303.149
303.149
303.147
303.143
303.129
303.092
302.996
302.783
302.366
301.688
300.87
300.329
300.07
299.923
302.932
303.102
303.144
303.149
303.15
303.15
303.149
303.149
303.149
303.147
303.141
303.123
303.076
302.959
302.703
302.214
301.465
300.711
300.304
300.055
302.927
303.1
303.143
303.149
303.15
303.15
303.15
303.15
303.149
303.148
303.146
303.138
303.117
303.061
302.928
302.636
302.082
301.283
300.67
300.282
302.923
303.098
303.143
303.149
303.15
303.15
303.15
303.15
303.15
303.149
303.148
303.145
303.136
303.111
303.051
302.907
302.592
301.988
301.194
300.642
302.919
303.096
303.143
303.149
303.15
303.15
303.15
303.15
303.15
303.149
303.149
303.147
303.143
303.132
303.106
303.044
302.904
302.588
301.945
301.183
302.915
303.094
303.142
303.149
303.15
303.15
303.15
303.15
303.15
303.15
303.149
303.149
303.147
303.141
303.127
303.097
303.034
302.902
302.602
301.864
302.911
303.092
303.142
303.149
303.15
303.15
303.15
303.15
303.15
303.15
303.15
303.149
303.148
303.145
303.137
303.118
303.08
303.01
302.893
302.653
)
;

boundaryField
{
    wall
    {
        type            zeroGradient;
    }
    inlet
    {
        type            fixedValue;
        value           uniform 303.15;
    }
    outlet
    {
        type            inletOutlet;
        inletValue      uniform 300;
        value           nonuniform List<scalar> 
20
(
293.494
293.539
293.555
293.597
293.649
293.734
293.87
294.194
295.229
297.576
299.754
300
300
300
300
300
300
300
300
300
)
;
    }
    heatWall
    {
        type            fixedGradient;
        gradient        uniform -1000;
    }
}


// ************************************************************************* //
