/*--------------------------------*- C++ -*----------------------------------*\
  =========                 |
  \\      /  F ield         | OpenFOAM: The Open Source CFD Toolbox
   \\    /   O peration     | Website:  https://openfoam.org
    \\  /    A nd           | Version:  8
     \\/     M anipulation  |
\*---------------------------------------------------------------------------*/
FoamFile
{
    version     2.0;
    format      ascii;
    class       volScalarField;
    location    "800";
    object      alphat;
}
// * * * * * * * * * * * * * * * * * * * * * * * * * * * * * * * * * * * * * //

dimensions      [1 -1 -1 0 0 0 0];

internalField   nonuniform List<scalar> 
8400
(
0.0539415
0.0536711
0.0534575
0.0532875
0.0531451
0.0530094
0.0528557
0.052659
0.0524073
0.0521189
0.051879
0.0517254
0.0516054
0.0514993
0.0513951
0.0512816
0.0511479
0.050981
0.0505145
0.0496406
0.0483371
0.0466479
0.0446532
0.0424966
0.0404449
0.0389231
0.0383971
0.0388612
0.0394103
0.039596
0.0394984
0.0392617
0.0389062
0.0384454
0.0380206
0.0376285
0.0372487
0.0368755
0.0365053
0.0361392
0.0357775
0.0354184
0.0350621
0.0347084
0.0343575
0.034009
0.0336635
0.0333226
0.0329718
0.0326476
0.0474926
0.0475556
0.0475995
0.0477112
0.0479261
0.0482902
0.0488588
0.0496604
0.0506531
0.0517159
0.0526746
0.0534252
0.0541688
0.0549146
0.0556263
0.0562472
0.0567021
0.0568712
0.0565135
0.0558901
0.0548644
0.0532833
0.0509476
0.0476398
0.0432449
0.0379803
0.0326966
0.0297604
0.028796
0.0286695
0.0289317
0.0292142
0.0295801
0.029973
0.0300615
0.0299971
0.02985
0.0296529
0.0294286
0.0291958
0.0289682
0.0287546
0.0285627
0.0283953
0.028253
0.0281386
0.0280514
0.0279879
0.0280416
0.0280175
0.0551451
0.054417
0.0538707
0.0534195
0.0529919
0.0525865
0.0522736
0.0521858
0.0524803
0.0532424
0.0543316
0.0553584
0.0562875
0.0571302
0.05779
0.0581357
0.0580116
0.057213
0.0573922
0.0577072
0.0579235
0.0578607
0.057256
0.0556387
0.0523388
0.0467634
0.038129
0.033683
0.0328837
0.0326084
0.0325231
0.0321382
0.0320981
0.0321867
0.0323204
0.0325031
0.032728
0.032992
0.0332876
0.0336047
0.0339338
0.0342622
0.0345761
0.0348639
0.0351168
0.0353274
0.0354878
0.0355923
0.0356468
0.0356351
0.0611705
0.061095
0.0610159
0.060933
0.0608441
0.060748
0.0606439
0.0605331
0.0604191
0.0603086
0.0598435
0.060804
0.062522
0.0626547
0.06063
0.0609487
0.0576125
0.0560813
0.0564693
0.057085
0.0576096
0.0579658
0.0581687
0.0582594
0.058254
0.0581996
0.0443137
0.0361587
0.0368408
0.0371322
0.0365276
0.0358841
0.0357818
0.0357522
0.0358591
0.0360943
0.0364314
0.0368364
0.0372814
0.0377372
0.0381834
0.0386035
0.0389835
0.0393182
0.0396026
0.0398336
0.0400101
0.0401313
0.0401745
0.0401765
0.0612125
0.0611881
0.0611631
0.0611373
0.0611103
0.0610823
0.0610528
0.0610214
0.0609875
0.0609518
0.0609118
0.0609339
0.061072
0.0612893
0.0615004
0.0613837
0.0611372
0.060781
0.0604014
0.060041
0.0597265
0.0594677
0.0592554
0.0590673
0.0588653
0.0587665
0.0586352
0.0562936
0.055415
0.0680612
0.0382229
0.0381052
0.0380838
0.0382746
0.0383542
0.0385908
0.0389402
0.0393518
0.0397859
0.0402141
0.0406159
0.0409796
0.0413
0.0415767
0.0418121
0.0420076
0.0421654
0.0422872
0.0423668
0.0424017
0.0612052
0.0611726
0.0611403
0.0611083
0.0610763
0.0610445
0.0610126
0.0609813
0.0609501
0.0609196
0.06089
0.0608697
0.060872
0.0608956
0.0609226
0.0609252
0.0608269
0.0607142
0.0605874
0.0604569
0.0603299
0.0602105
0.0600977
0.0599966
0.0599161
0.0597466
0.059558
0.0591495
0.0587152
0.0596887
0.0546503
0.050979
0.0523126
0.0398586
0.039849
0.0401108
0.0404844
0.0409069
0.0413363
0.0417506
0.0421398
0.0425011
0.0428328
0.0431374
0.0434156
0.0436651
0.0438826
0.0440652
0.0442552
0.0443603
0.061203
0.0611679
0.0611325
0.0610969
0.061061
0.0610246
0.0609886
0.0609529
0.0609178
0.0608829
0.0608486
0.0608167
0.0607898
0.0607681
0.0607476
0.0607204
0.0606792
0.0606218
0.0605628
0.0605025
0.0604416
0.0603814
0.0603214
0.0602511
0.0601593
0.0600536
0.0599243
0.0597363
0.0595081
0.0593922
0.0576828
0.0554881
0.0541651
0.0496959
0.0443069
0.040928
0.0413934
0.0418821
0.0423814
0.0428857
0.0433917
0.0439021
0.0444141
0.0449181
0.0454018
0.0458535
0.0462546
0.0465863
0.0468666
0.047043
0.0611968
0.0611549
0.0611136
0.0610717
0.0610297
0.0609875
0.0609455
0.0609039
0.060863
0.0608224
0.060783
0.0607445
0.0607078
0.0606734
0.0606397
0.0606044
0.0605659
0.0605234
0.0604776
0.0604298
0.0603801
0.0603297
0.0602784
0.0602257
0.0601677
0.0600992
0.0600125
0.0598951
0.0597471
0.0595427
0.0586964
0.057323
0.0558849
0.0529613
0.0484558
0.0431773
0.0418259
0.042424
0.0430439
0.0436985
0.044382
0.0450898
0.0458071
0.0465116
0.0471801
0.0477938
0.04833
0.0487678
0.0490065
0.049202
0.0611895
0.061139
0.0610885
0.0610381
0.0609871
0.060937
0.0608873
0.0608379
0.0607886
0.0607399
0.0606923
0.0606458
0.0606016
0.0605589
0.0605172
0.0604762
0.0604345
0.0603917
0.0603478
0.0603038
0.0602604
0.0602168
0.0601728
0.0601294
0.0600841
0.0600354
0.0599784
0.0599036
0.0598023
0.0596301
0.059115
0.0581834
0.0569285
0.0546673
0.0509071
0.0459138
0.0426077
0.0426791
0.0434226
0.0442254
0.0450669
0.0459112
0.046714
0.047443
0.048076
0.0486057
0.0490335
0.0493791
0.0494679
0.0496801
0.0611753
0.0611099
0.0610446
0.0609801
0.0609154
0.0608518
0.0607886
0.0607273
0.060667
0.0606082
0.0605511
0.0604949
0.060441
0.0603903
0.0603409
0.0602937
0.0602489
0.0602059
0.0601644
0.0601237
0.0600844
0.0600478
0.0600135
0.0599818
0.059952
0.0599217
0.0598858
0.0598395
0.0597724
0.0596428
0.05929
0.0586102
0.05755
0.0556812
0.0524924
0.0480224
0.0440493
0.0427625
0.0436258
0.044569
0.0455183
0.0464204
0.0471991
0.0478041
0.048205
0.0483874
0.0483703
0.0482293
0.0482891
0.0487527
0.0611507
0.0610565
0.0609636
0.0608733
0.0607863
0.0607002
0.0606168
0.0605347
0.0604544
0.0603767
0.0603022
0.0602339
0.0601699
0.060111
0.0600569
0.0600101
0.0599689
0.0599288
0.0598937
0.0598646
0.0598397
0.0598205
0.059806
0.0597935
0.0597829
0.0597728
0.0597596
0.0597386
0.0596997
0.0596055
0.0593446
0.0588172
0.0579154
0.0563186
0.0535878
0.0496759
0.0456912
0.0433882
0.0433567
0.0443302
0.0455225
0.0466777
0.0473139
0.0477691
0.0482268
0.0490359
0.0498212
0.0436099
0.0460617
0.0472701
0.0610839
0.0609154
0.0607584
0.0606134
0.0604818
0.060354
0.060234
0.0601217
0.0600124
0.0599122
0.0598197
0.0597377
0.0596721
0.0596221
0.0595793
0.0595467
0.0595262
0.0595129
0.0595081
0.0595147
0.059527
0.0595417
0.0595586
0.0595782
0.0595972
0.0596122
0.0596214
0.0596221
0.0596046
0.0595363
0.0593311
0.0589004
0.0581191
0.0567287
0.0543804
0.0510173
0.04736
0.0446354
0.0435991
0.0438491
0.0447428
0.0458174
0.0466012
0.0470398
0.0471567
0.0469153
0.0457695
0.0443957
0.0451306
0.0465903
0.0604932
0.0602594
0.0599823
0.0597782
0.0596112
0.059461
0.05932
0.0591951
0.0590691
0.0589841
0.058934
0.0588948
0.0588734
0.0588802
0.0588966
0.0589288
0.0589703
0.0590309
0.0591007
0.0591645
0.0592264
0.0592945
0.0593477
0.0593941
0.0594308
0.059462
0.0594867
0.0595031
0.0595012
0.0594497
0.0592756
0.0589018
0.0582091
0.0569847
0.0549663
0.0521251
0.0489604
0.0462946
0.044714
0.0441733
0.044336
0.0448426
0.045348
0.0456713
0.0457529
0.0456017
0.0452245
0.0453998
0.0462037
0.0473567
0.0594456
0.0592277
0.0590071
0.058848
0.0587287
0.0586397
0.0585763
0.058535
0.0585106
0.0585034
0.0585069
0.0585208
0.0585453
0.0585777
0.0586184
0.0586699
0.0587266
0.0587916
0.0588651
0.0589388
0.059011
0.0590849
0.0591527
0.0592139
0.0592664
0.0593131
0.0593534
0.0593804
0.0593878
0.0593515
0.0591835
0.0588418
0.0582114
0.0571228
0.0553946
0.0530403
0.0504261
0.0480983
0.0464502
0.0455275
0.0451716
0.0451716
0.0453285
0.045516
0.045692
0.0458828
0.0461402
0.0467679
0.0476922
0.0487277
0.058508
0.0584165
0.0583351
0.0582798
0.0582468
0.0582283
0.0582207
0.0582233
0.0582339
0.0582521
0.0582789
0.0583099
0.0583459
0.0583866
0.0584333
0.0584891
0.05855
0.0586151
0.0586867
0.0587612
0.0588365
0.058914
0.0589863
0.0590534
0.0591159
0.0591715
0.0592176
0.0592485
0.0592535
0.0592075
0.0590527
0.0587657
0.0581347
0.0571604
0.0556902
0.0537813
0.0517129
0.0498441
0.0484218
0.0474969
0.0469954
0.0468056
0.0468265
0.0469919
0.0472726
0.0476664
0.0481981
0.0488858
0.0496827
0.0504885
0.0579873
0.0579768
0.0579717
0.0579741
0.0579834
0.0579999
0.0580207
0.0580459
0.058077
0.0581102
0.058148
0.0581888
0.0582347
0.0582853
0.0583387
0.0583966
0.0584589
0.0585228
0.0585896
0.058659
0.0587277
0.0587962
0.0588632
0.0589267
0.058985
0.059035
0.0590726
0.0590926
0.0590819
0.0590202
0.0588668
0.0585871
0.0580737
0.0570974
0.0558666
0.0543605
0.0527982
0.0514077
0.050332
0.0496038
0.0491863
0.0490209
0.0490534
0.049243
0.04956
0.0499803
0.0504932
0.0510542
0.0516364
0.0521913
0.0578008
0.0578237
0.0578492
0.0578767
0.0579064
0.0579385
0.0579733
0.0580098
0.058048
0.058087
0.0581283
0.0581715
0.0582175
0.058266
0.0583156
0.0583665
0.0584197
0.0584741
0.0585292
0.0585841
0.0586391
0.0586937
0.0587453
0.0587932
0.0588345
0.0588664
0.0588861
0.0588853
0.0588522
0.0587709
0.0586097
0.0583351
0.0578684
0.05707
0.0559271
0.0547881
0.0536781
0.0527284
0.0520092
0.0515312
0.0512723
0.0511986
0.0512749
0.0514686
0.0517517
0.0520969
0.0524821
0.0528691
0.0532432
0.0535837
0.0577755
0.0578058
0.0578358
0.0578659
0.0578969
0.0579283
0.0579602
0.0579931
0.0580264
0.0580603
0.0580953
0.0581311
0.0581672
0.0582036
0.0582419
0.0582812
0.0583204
0.0583599
0.0584002
0.0584399
0.0584779
0.0585145
0.0585482
0.0585774
0.0585993
0.0586099
0.0586067
0.058583
0.0585274
0.0584265
0.0582587
0.0579959
0.0575843
0.0569353
0.0559442
0.0550838
0.0543618
0.0537844
0.0533721
0.0531199
0.053009
0.0530149
0.0531127
0.0532783
0.0534902
0.0537274
0.0539719
0.0542028
0.0544172
0.0546091
0.0577278
0.0577453
0.0577622
0.057779
0.0577958
0.057813
0.0578307
0.0578489
0.0578675
0.0578869
0.0579068
0.0579273
0.0579497
0.0579726
0.0579956
0.0580194
0.0580443
0.0580698
0.0580944
0.0581183
0.0581416
0.0581627
0.0581787
0.0581892
0.0581926
0.0581841
0.0581605
0.0581162
0.058043
0.0579318
0.0577673
0.0575283
0.0571823
0.0566742
0.0558993
0.055233
0.0548446
0.0545661
0.0543897
0.0543052
0.0542967
0.0543453
0.0544364
0.054555
0.0546877
0.0548226
0.0549796
0.0551889
0.0554393
0.0557122
0.0781893
0.0776126
0.0770401
0.076457
0.075861
0.075251
0.074626
0.0739874
0.0733362
0.0726747
0.0720037
0.0713236
0.070637
0.0699451
0.0692493
0.0685507
0.0678516
0.0671547
0.0664619
0.0657756
0.0650982
0.0644334
0.0637834
0.063149
0.0625316
0.0619303
0.0613431
0.0607675
0.0601989
0.059631
0.0590563
0.0584662
0.0578534
0.0572095
0.0565111
0.0560357
0.0561769
0.0564961
0.0569197
0.0574159
0.057971
0.0585774
0.0592326
0.0599369
0.0606912
0.0614968
0.062325
0.0631336
0.0639253
0.0647034
0.00545047
0.00556074
0.00578586
0.00568097
0.00546629
0.00533444
0.00529923
0.00530059
0.00529574
0.00527672
0.00525151
0.00522646
0.00520227
0.00517732
0.0051507
0.00512282
0.00509471
0.00506732
0.00504136
0.00501732
0.00499855
0.00496168
0.00494317
0.00492169
0.00490041
0.00490137
0.0048736
0.00484752
0.00482246
0.00479762
0.00477164
0.00474369
0.00471403
0.00468349
0.00465337
0.00462525
0.00460068
0.00458095
0.00456681
0.00455807
0.00455298
0.00455137
0.00455253
0.00455558
0.00455879
0.00456007
0.00455491
0.00454043
0.00450953
0.00445396
0.00527568
0.0046919
0.00465323
0.00477034
0.00482532
0.00478357
0.00469728
0.00461282
0.00454149
0.00447571
0.00440754
0.00433515
0.00426058
0.00418645
0.00411461
0.00404625
0.00398233
0.00392354
0.00387122
0.00382382
0.0037709
0.0160552
0.016099
0.00370258
0.00363301
0.0156836
0.0158019
0.0159055
0.0159719
0.0159883
0.0159552
0.01588
0.0157747
0.0156546
0.0155348
0.015428
0.0153434
0.0152871
0.0152616
0.0152682
0.015309
0.0153713
0.0154386
0.0154918
0.0155143
0.0154996
0.0154723
0.0154702
0.0155199
0.0155558
0.00555491
0.00526954
0.00500776
0.00489438
0.00484152
0.00478423
0.00470768
0.0046228
0.00453927
0.00445863
0.0043787
0.00429797
0.00421672
0.00413621
0.00405776
0.00398247
0.00391118
0.00384491
0.0037626
0.015954
0.0157218
0.0155946
0.0155125
0.0154415
0.0153717
0.0152978
0.0152205
0.015132
0.0150305
0.0149142
0.014783
0.014639
0.014486
0.0143302
0.0141783
0.0140372
0.0139129
0.0138096
0.0137299
0.0136734
0.013638
0.0136193
0.0136107
0.0136034
0.0135841
0.0135326
0.0134295
0.0132816
0.0131795
0.0133065
0.00542216
0.0053529
0.00516167
0.00500055
0.00488926
0.00480405
0.00472317
0.00463972
0.00455519
0.00447145
0.00438856
0.00430596
0.00422358
0.00414211
0.00406266
0.00398631
0.00391392
0.0038466
0.00376419
0.0159473
0.0157127
0.0155761
0.0154842
0.015409
0.0153352
0.0152543
0.0151617
0.0150555
0.0149346
0.0147991
0.0146504
0.014491
0.0143247
0.0141567
0.0139928
0.0138389
0.0137005
0.0135815
0.0134842
0.0134085
0.0133521
0.0133101
0.0132768
0.013248
0.0132213
0.0131891
0.013124
0.0129796
0.0127562
0.0126747
0.00533896
0.00526412
0.00515166
0.00502069
0.00490346
0.00480578
0.00471943
0.00463633
0.00455327
0.00446999
0.00438683
0.00430396
0.00422167
0.00414057
0.0040616
0.00398574
0.00391385
0.00384646
0.00378222
0.0158587
0.0157395
0.0156344
0.01554
0.0154505
0.0153606
0.0152655
0.0151616
0.0150466
0.0149192
0.0147792
0.0146275
0.0144664
0.0142998
0.0141323
0.0139693
0.0138165
0.0136786
0.0135595
0.0134614
0.0133842
0.0133256
0.0132801
0.013239
0.0131936
0.013141
0.0130894
0.013045
0.0129737
0.0127987
0.0126461
0.00534548
0.00521216
0.00511212
0.00500787
0.00490356
0.00480676
0.0047182
0.00463437
0.004552
0.00446961
0.00438699
0.00430443
0.00422248
0.00414188
0.00406354
0.00398838
0.00391716
0.00385038
0.00378683
0.0158948
0.0157777
0.015673
0.0155766
0.0154834
0.0153885
0.0152875
0.0151775
0.0150565
0.0149237
0.0147793
0.0146247
0.0144622
0.0142955
0.0141293
0.0139683
0.0138178
0.0136821
0.0135647
0.0134672
0.01339
0.0133314
0.0132877
0.0132517
0.0132114
0.0131534
0.0130752
0.0129967
0.0129303
0.0128069
0.01266
0.00537311
0.00521543
0.00509874
0.00499754
0.00490064
0.00480741
0.00471872
0.00463377
0.00455073
0.00446817
0.00438553
0.00430301
0.00422118
0.00414086
0.00406297
0.00398839
0.0039178
0.0038516
0.00378842
0.0159091
0.0157932
0.0156874
0.0155883
0.0154911
0.0153912
0.0152848
0.0151691
0.0150428
0.0149058
0.0147586
0.0146031
0.0144417
0.0142777
0.0141154
0.0139592
0.0138134
0.0136821
0.0135681
0.0134729
0.0133959
0.0133351
0.0132874
0.0132494
0.0132144
0.0131687
0.0130958
0.012999
0.0129088
0.0127975
0.0126631
0.00538392
0.00523324
0.0051055
0.00499795
0.00490063
0.00480865
0.00472033
0.00463477
0.00455094
0.00446785
0.004385
0.00430246
0.00422079
0.00414081
0.00406343
0.00398946
0.00391952
0.00385398
0.00378765
0.0159556
0.0158296
0.0157016
0.0155817
0.0154679
0.0153553
0.0152393
0.0151168
0.0149863
0.0148475
0.0147012
0.0145491
0.0143935
0.0142373
0.0140838
0.0139367
0.0137996
0.0136758
0.0135679
0.0134773
0.0134035
0.0133437
0.0132934
0.0132484
0.0132063
0.0131618
0.0130997
0.0130069
0.0129034
0.012788
0.0126579
0.00538076
0.00524164
0.00511416
0.00500272
0.00490277
0.00480997
0.00472142
0.00463544
0.00455096
0.0044673
0.00438409
0.00430146
0.00421995
0.00414033
0.00406349
0.00399016
0.00392084
0.00385571
0.00379466
0.0159438
0.0158309
0.0157202
0.0156092
0.0154956
0.0153773
0.0152531
0.0151221
0.0149845
0.0148409
0.0146924
0.0145406
0.0143877
0.0142361
0.0140882
0.0139469
0.0138149
0.0136948
0.0135886
0.0134978
0.0134225
0.0133611
0.0133089
0.0132592
0.0132079
0.0131538
0.013091
0.0130041
0.0128981
0.0127788
0.0126484
0.00537638
0.00524136
0.00511782
0.00500652
0.00490524
0.00481131
0.00472209
0.00463562
0.00455068
0.00446659
0.00438313
0.0043005
0.00421925
0.00414013
0.00406394
0.00399136
0.00392275
0.00385817
0.00379638
0.00365984
0.0154993
0.0155019
0.0154657
0.0154001
0.0153118
0.0152054
0.0150849
0.0149537
0.0148149
0.0146712
0.0145252
0.0143794
0.0142359
0.0140967
0.0139638
0.0138392
0.0137246
0.0136216
0.0135308
0.0134527
0.0133868
0.0133303
0.0132771
0.0132204
0.0131572
0.0130867
0.0129994
0.0128933
0.0127721
0.0126404
0.00537567
0.00523997
0.00511865
0.00500865
0.00490731
0.0048127
0.00472276
0.00463569
0.00455024
0.00446576
0.0043821
0.00429951
0.00421857
0.00413999
0.00406452
0.0039927
0.0039248
0.00386073
0.00380096
0.0161016
0.0158302
0.0156505
0.015515
0.0153972
0.0152827
0.0151642
0.015039
0.0149075
0.0147711
0.0146321
0.0144928
0.0143552
0.014221
0.0140914
0.0139677
0.0138509
0.0137424
0.0136429
0.0135532
0.0134731
0.0134021
0.0133392
0.0132808
0.0132202
0.0131517
0.0130744
0.0129839
0.0128773
0.0127559
0.012624
0.00537705
0.00524075
0.00511973
0.00501033
0.00490915
0.00481415
0.00472354
0.00463582
0.00454981
0.00446494
0.0043811
0.00429859
0.00421799
0.00413999
0.00406523
0.00399416
0.0039269
0.00386325
0.00380274
0.0160335
0.0158964
0.0157428
0.0155904
0.0154428
0.0152988
0.0151561
0.0150135
0.0148711
0.0147297
0.0145907
0.0144554
0.0143249
0.0141997
0.0140799
0.0139657
0.0138571
0.0137543
0.0136582
0.0135692
0.0134873
0.0134119
0.0133421
0.0132761
0.0132096
0.0131366
0.0130541
0.0129597
0.0128514
0.0127299
0.0125984
0.00537831
0.00524291
0.00512181
0.00501233
0.00491101
0.00481562
0.00472443
0.00463605
0.0045495
0.00446426
0.0043803
0.00429793
0.00421775
0.00414037
0.00406636
0.00399601
0.00392935
0.00386602
0.00380439
0.00367006
0.0155635
0.0155518
0.0154861
0.0153849
0.0152611
0.0151239
0.0149799
0.0148342
0.0146908
0.0145523
0.0144207
0.0142965
0.0141797
0.0140693
0.0139643
0.0138636
0.0137664
0.013673
0.0135839
0.0134995
0.0134195
0.0133432
0.0132692
0.013195
0.0131162
0.0130289
0.0129307
0.0128204
0.0126984
0.0125675
0.00537888
0.00524504
0.00512426
0.00501456
0.00491286
0.00481696
0.00472515
0.00463611
0.00454899
0.00446337
0.00437926
0.00429703
0.00421722
0.00414041
0.00406705
0.00399731
0.00393109
0.00386794
0.00380613
0.00367097
0.0155599
0.0155416
0.0154723
0.015368
0.0152411
0.0151009
0.0149548
0.0148085
0.0146662
0.014531
0.0144047
0.0142875
0.0141785
0.0140762
0.0139786
0.0138838
0.0137904
0.013698
0.013607
0.0135183
0.0134325
0.013349
0.0132669
0.0131847
0.0130991
0.0130067
0.012905
0.0127926
0.0126701
0.0125396
0.00537917
0.00524669
0.00512649
0.00501673
0.00491467
0.0048183
0.00472595
0.00463639
0.00454886
0.00446303
0.00437896
0.00429702
0.00421772
0.00414156
0.00406887
0.00399973
0.0039339
0.00387085
0.00381067
0.0161789
0.0158998
0.0156953
0.0155239
0.0153659
0.0152131
0.0150626
0.0149151
0.0147726
0.0146374
0.0145112
0.014395
0.0142885
0.01419
0.0140971
0.0140072
0.013918
0.0138275
0.0137352
0.0136413
0.0135471
0.0134539
0.0133623
0.0132717
0.0131812
0.0130884
0.0129905
0.0128851
0.0127708
0.0126478
0.0125181
0.00537951
0.00524799
0.00512824
0.00501835
0.0049158
0.00481874
0.00472565
0.0046354
0.00454729
0.00446107
0.00437687
0.00429506
0.00421609
0.00414038
0.00406818
0.00399944
0.00393382
0.00387072
0.00380934
0.0160784
0.0159335
0.0157618
0.0155832
0.0154052
0.015231
0.0150627
0.0149022
0.0147518
0.0146133
0.0144877
0.014375
0.014274
0.0141821
0.0140961
0.0140125
0.0139283
0.0138411
0.0137502
0.0136557
0.013559
0.0134618
0.0133654
0.0132702
0.0131752
0.013079
0.0129793
0.0128737
0.0127609
0.012641
0.0125157
0.00537995
0.0052492
0.00512994
0.00502023
0.00491759
0.00482027
0.00472684
0.00463627
0.00454795
0.00446168
0.00437762
0.00429611
0.00421758
0.00414235
0.00407057
0.0040021
0.00393652
0.00387315
0.00381004
0.00368579
0.0155905
0.0155382
0.0154358
0.0153058
0.0151619
0.015013
0.0148661
0.0147264
0.0145971
0.0144803
0.0143764
0.0142841
0.0142007
0.0141228
0.0140465
0.0139684
0.0138863
0.0137993
0.0137078
0.0136131
0.0135174
0.0134225
0.0133291
0.0132369
0.0131447
0.0130506
0.0129525
0.0128491
0.0127407
0.0126291
0.00538037
0.00524938
0.00512935
0.00501868
0.00491498
0.00481666
0.00472237
0.00463115
0.00454245
0.0044561
0.00437222
0.00429113
0.00421319
0.00413865
0.00406757
0.00399976
0.00393475
0.00387184
0.00380906
0.00368486
0.0155798
0.0155284
0.0154249
0.0152938
0.0151506
0.0150059
0.0148733
0.0147577
0.0146562
0.0145674
0.0144907
0.0144246
0.0143667
0.0143138
0.0142622
0.0142087
0.0141508
0.0140877
0.0140198
0.0139485
0.013876
0.0138042
0.0137342
0.0136659
0.0135982
0.0135294
0.0134576
0.0133818
0.0133027
0.0132229
0.00538107
0.00525164
0.00513356
0.00502482
0.00492249
0.00482667
0.0047362
0.00464985
0.00456679
0.00448662
0.00440926
0.00433493
0.00426393
0.00419655
0.00413293
0.00407293
0.0040161
0.0039617
0.00390878
0.00385495
0.00380392
0.0161652
0.0160764
0.0159135
0.0157256
0.0155387
0.0153719
0.0153392
0.0153638
0.0154104
0.015464
0.0155186
0.0155713
0.0156192
0.0156592
0.0156879
0.0157029
0.0157034
0.0156903
0.0156663
0.0156349
0.0155998
0.0155637
0.015528
0.0154924
0.0154552
0.0154144
0.015369
0.0153196
0.0152704
0.00545021
0.00542273
0.00539866
0.00537694
0.00535734
0.0053375
0.00531675
0.00529506
0.00527266
0.00524991
0.00522719
0.00520486
0.00518317
0.00516219
0.00514184
0.00512185
0.00510183
0.00508132
0.00505989
0.00503717
0.00501314
0.00499952
0.00498043
0.0049568
0.0049302
0.0049025
0.00485496
0.00481626
0.00478497
0.00475955
0.00473838
0.00471984
0.00470258
0.00468541
0.00466755
0.00464861
0.0046286
0.00460782
0.00458688
0.00456645
0.00454704
0.00452896
0.00451221
0.00449643
0.00448104
0.00446532
0.00444857
0.00443032
0.00441039
0.00438876
0.0140672
0.00850967
0.00578444
0.00446665
0.00387611
0.00361239
0.00347203
0.00338021
0.00330372
0.003233
0.00316352
0.00309588
0.00303101
0.00297338
0.00293613
0.00293859
0.00301473
0.00316681
0.00334267
0.00338332
0.0143254
0.00866318
0.00582699
0.0045012
0.00390902
0.0036435
0.00350124
0.00340735
0.00332931
0.00325759
0.00318774
0.00312
0.00305537
0.00299826
0.00296237
0.002968
0.00304995
0.00321045
0.00339314
0.00342794
0.0151158
0.00876432
0.00585736
0.00453329
0.00394062
0.00367254
0.00352718
0.00343024
0.00334988
0.00327665
0.00320603
0.00313821
0.00307436
0.00301903
0.00298631
0.00299705
0.00308715
0.00325796
0.00344901
0.00347905
0.0153013
0.00880441
0.00590245
0.00457024
0.00397413
0.00370414
0.00355762
0.00345962
0.00337832
0.00330461
0.00323386
0.00316634
0.00310332
0.00304969
0.00301975
0.0030348
0.00313158
0.00331079
0.0035086
0.00353411
0.0155583
0.00883231
0.00595472
0.00461211
0.00401289
0.00374287
0.00359711
0.00349969
0.00341832
0.00334425
0.003273
0.00320495
0.00314192
0.00308929
0.00306158
0.00308053
0.00318327
0.00336984
0.00357289
0.00359088
0.0158085
0.00883184
0.00600419
0.00465691
0.00405726
0.00378949
0.00364629
0.00355063
0.00346979
0.00339501
0.00332232
0.00325248
0.00318809
0.00313498
0.00310797
0.00312965
0.00323748
0.00343115
0.00363952
0.00364797
0.00378272
0.00877066
0.00604361
0.00470153
0.00410466
0.00384086
0.00370125
0.00360762
0.00352704
0.00345075
0.00337557
0.00330322
0.00323688
0.00318269
0.00315547
0.00317872
0.0032907
0.00349112
0.00370532
0.00370407
0.00375078
0.00878172
0.00607714
0.00474312
0.00415055
0.00389105
0.00375486
0.00366254
0.0035812
0.00350242
0.00342412
0.00334907
0.00328104
0.00322626
0.00319952
0.00322475
0.00334088
0.00354784
0.0037681
0.00375816
0.00373325
0.00878843
0.00610885
0.00477974
0.00419075
0.00393449
0.00380031
0.00370785
0.00362471
0.00354328
0.0034626
0.003386
0.00331749
0.00326326
0.00323821
0.00326649
0.00338729
0.00360051
0.00382646
0.00380921
0.00371774
0.00879145
0.00613637
0.00481054
0.00422344
0.00396856
0.00383449
0.00374054
0.00365516
0.00357199
0.00349081
0.00341486
0.00334794
0.00329573
0.00327331
0.00330495
0.00343015
0.00364861
0.00387877
0.00385579
0.0037025
0.00879986
0.00616229
0.00483762
0.00425064
0.00399521
0.00385967
0.00376373
0.00367685
0.00359371
0.0035142
0.0034409
0.00337715
0.00332777
0.00330774
0.00334153
0.00346934
0.00369078
0.00392273
0.00389646
0.00369009
0.008829
0.00619244
0.00486563
0.00427695
0.00401968
0.00388197
0.00378468
0.00369791
0.00361675
0.00354049
0.00347066
0.00340999
0.0033624
0.00334277
0.00337608
0.00350351
0.00372496
0.00395631
0.00393119
0.00368456
0.00888626
0.00623139
0.0048989
0.00430715
0.00404754
0.00390808
0.00381082
0.00372588
0.00364785
0.00357514
0.00350798
0.00344833
0.00339969
0.00337714
0.00340671
0.0035309
0.0037501
0.00397977
0.00396248
0.00368894
0.00896577
0.00627921
0.00493843
0.0043433
0.0040819
0.00394198
0.00384603
0.00376384
0.00368889
0.00361848
0.00355168
0.00348995
0.0034369
0.00340837
0.00343187
0.00355158
0.00376837
0.00399748
0.00399541
0.00370297
0.00905054
0.00632991
0.004981
0.00438337
0.0041214
0.00398244
0.00388866
0.00380913
0.00373609
0.00366582
0.0035967
0.00353026
0.00347079
0.00343524
0.00345279
0.00356934
0.00378603
0.00401778
0.00403597
0.00372265
0.0091169
0.00637408
0.00502055
0.00442248
0.00416142
0.00402439
0.00393296
0.00385522
0.00378246
0.00371039
0.00363749
0.00356578
0.00350048
0.00345976
0.00347429
0.00359115
0.0038117
0.00405015
0.00408847
0.00374131
0.00914856
0.00640467
0.00505198
0.00445587
0.00419698
0.00406215
0.00397245
0.00389536
0.00382174
0.00374742
0.0036715
0.00359661
0.0035288
0.00348705
0.00350298
0.00362429
0.00385263
0.00410103
0.00415307
0.00375266
0.00914589
0.00642113
0.0050743
0.00448192
0.00422565
0.00409252
0.00400355
0.00392622
0.00385176
0.0037766
0.00370042
0.00362628
0.00356063
0.00352247
0.00354368
0.00367238
0.0039108
0.00417024
0.00422508
0.00375434
0.00912762
0.00643065
0.00509171
0.00450322
0.00424885
0.00411619
0.0040269
0.00394913
0.00387501
0.00380162
0.0037288
0.0036595
0.00359988
0.00356822
0.00359636
0.00373288
0.00398104
0.00425003
0.0042963
0.00374911
0.0091209
0.00644375
0.00511092
0.00452468
0.0042705
0.0041367
0.00404634
0.00396868
0.00389674
0.00382772
0.00376107
0.003699
0.00364672
0.00362151
0.00365524
0.00379727
0.00405229
0.00432743
0.00435869
0.00374321
0.00914636
0.00646857
0.00513707
0.00455036
0.00429434
0.00415816
0.00406665
0.00399017
0.00392204
0.0038589
0.0037992
0.00374394
0.00369719
0.00367537
0.00371085
0.00385437
0.00411225
0.00439002
0.004408
0.00374309
0.0092072
0.00650659
0.00517112
0.00458138
0.00432211
0.00418342
0.0040916
0.00401746
0.00395386
0.00389636
0.00384204
0.00379052
0.00374502
0.00372188
0.00375458
0.00389573
0.00415321
0.00443159
0.00444579
0.00375168
0.0092881
0.00655219
0.00520957
0.00461589
0.00435357
0.00421362
0.00412297
0.00405206
0.0039926
0.00393885
0.00388646
0.00383403
0.00378482
0.00375594
0.00378253
0.00391925
0.00417525
0.00445466
0.00447846
0.003767
0.00936323
0.00659568
0.00524711
0.00465095
0.00438767
0.00424878
0.00416092
0.00409352
0.00403681
0.00398375
0.00392901
0.00387116
0.00381439
0.00377741
0.00379707
0.00392986
0.00418586
0.00446892
0.00451423
0.00378332
0.00941009
0.00662941
0.0052802
0.00468492
0.00442377
0.00428847
0.0042045
0.00414
0.00408383
0.00402802
0.00396722
0.00390104
0.00383534
0.00379069
0.00380526
0.00393687
0.00419621
0.00448666
0.00455968
0.00379432
0.00942135
0.00665229
0.00530919
0.00471849
0.00446213
0.00433195
0.0042518
0.00418863
0.00413026
0.00406875
0.00399984
0.00392492
0.00385172
0.00380229
0.00381547
0.00394979
0.00421649
0.0045181
0.00461766
0.00379617
0.0094085
0.00666983
0.00533752
0.0047535
0.00450293
0.00437758
0.00429968
0.00423533
0.00417218
0.00410341
0.00402656
0.00394502
0.00386794
0.00381808
0.00383414
0.00397494
0.00425244
0.00456798
0.00468699
0.00378955
0.00939233
0.0066897
0.00536876
0.00479093
0.00454493
0.0044222
0.00434369
0.0042754
0.00420588
0.00413017
0.00404776
0.00396355
0.00388723
0.00384136
0.00386395
0.00401381
0.00430409
0.00463481
0.00476343
0.003779
0.00938985
0.0067165
0.00540369
0.00482934
0.00458486
0.00446128
0.00437902
0.00430492
0.00422917
0.00414879
0.00406471
0.0039824
0.00391117
0.00387264
0.00390381
0.00406353
0.00436682
0.00471242
0.00484137
0.00376981
0.00940553
0.00674905
0.00543933
0.00486484
0.00461829
0.00449054
0.00440249
0.00432256
0.0042427
0.00416131
0.00407986
0.00400341
0.00394019
0.00391044
0.00395021
0.00411874
0.00443357
0.00479244
0.00491584
0.00376499
0.00943096
0.00678158
0.00547067
0.00489309
0.0046419
0.00450833
0.00441465
0.00433098
0.00425053
0.00417211
0.00409678
0.0040285
0.00397408
0.00395238
0.00399883
0.00417366
0.00449739
0.0048673
0.00498417
0.00376403
0.0094521
0.00680747
0.00549375
0.00491208
0.0046558
0.00451726
0.00442037
0.00433647
0.00425914
0.00418671
0.00411922
0.00405924
0.0040122
0.00399591
0.00404586
0.00422386
0.00455375
0.00493275
0.00504649
0.00376413
0.00945927
0.0068238
0.0055085
0.00492394
0.00466444
0.0045238
0.00442731
0.00434669
0.0042751
0.00420981
0.00414966
0.00409594
0.00405311
0.00403862
0.0040887
0.00426725
0.00460136
0.00498864
0.00510541
0.00376214
0.0094536
0.00683356
0.00551956
0.0049347
0.00467508
0.00453585
0.00444294
0.00436769
0.00430237
0.00424316
0.00418785
0.00413689
0.00409445
0.0040784
0.00412627
0.00430417
0.00464218
0.00503855
0.00516502
0.00375677
0.00944638
0.00684431
0.00553417
0.00495152
0.00469458
0.00455924
0.00447136
0.00440141
0.00434073
0.00428468
0.0042305
0.00417851
0.00413334
0.00411388
0.00415911
0.00433709
0.00468059
0.00508852
0.00522957
0.00374927
0.00945261
0.00686434
0.00555877
0.00497954
0.00472654
0.00459563
0.00451197
0.00444513
0.00438579
0.00432908
0.0042724
0.00421667
0.00416754
0.00414508
0.0041894
0.00437
0.00472205
0.00514501
0.00530192
0.00374265
0.0094827
0.00689855
0.00559602
0.00501969
0.00476997
0.00464196
0.00455985
0.00449263
0.00443089
0.00437022
0.00430887
0.00424883
0.00419688
0.00417394
0.00422061
0.00440731
0.00477139
0.00521269
0.00538244
0.00373996
0.00953713
0.0069463
0.00564385
0.00506853
0.00481996
0.00469203
0.00460809
0.00453715
0.00447034
0.00440426
0.00433834
0.00427571
0.00422391
0.00420405
0.00425657
0.00445237
0.00483104
0.00529245
0.00546837
0.00374274
0.00960656
0.0070019
0.00569655
0.00511998
0.00487006
0.00473949
0.00465126
0.00457489
0.0045025
0.00443188
0.00436359
0.00430149
0.00425321
0.0042394
0.0042999
0.004506
0.00489965
0.0053804
0.00555419
0.00375025
0.0096765
0.0070575
0.00574764
0.0051683
0.00491546
0.00478102
0.0046881
0.00460699
0.00453082
0.00445836
0.00439079
0.00433213
0.00428947
0.00428254
0.00435061
0.00456557
0.00497181
0.00546832
0.00563322
0.00375999
0.0097341
0.00710675
0.00579288
0.00521075
0.00495522
0.00481786
0.00472214
0.00463901
0.00456227
0.00449106
0.00442666
0.00437262
0.00433515
0.00433306
0.00440543
0.00462526
0.00503934
0.00554604
0.00570006
0.00376885
0.00977393
0.00714765
0.00583199
0.00524864
0.00499239
0.00485485
0.00475971
0.00467807
0.00460382
0.00453593
0.00447523
0.00442446
0.00438902
0.00438717
0.00445855
0.00467785
0.00509415
0.00560527
0.00575323
0.00377462
0.00979969
0.00718279
0.00586825
0.00528609
0.00503199
0.00489764
0.00480643
0.00472908
0.004659
0.0045945
0.00453569
0.00448457
0.00444612
0.00443884
0.00450375
0.00471769
0.00513174
0.00564354
0.00579648
0.00377679
0.00982119
0.00721731
0.00590617
0.00532745
0.00507803
0.0049494
0.0048641
0.00479202
0.00472568
0.00466258
0.00460219
0.00454614
0.00449969
0.00448245
0.00453734
0.00474361
0.00515394
0.00566623
0.00583807
0.00377652
0.00984864
0.00725574
0.00594884
0.00537471
0.00513111
0.00500884
0.00492928
0.00486126
0.0047964
0.00473156
0.00466594
0.00460145
0.0045443
0.00451568
0.0045605
0.00476031
0.00516913
0.00568548
0.00588784
0.00377577
0.00988767
0.0072996
0.00599613
0.00542629
0.00518772
0.00507031
0.0049942
0.00492746
0.0048611
0.00479183
0.00471914
0.00464565
0.00457874
0.00454116
0.00457946
0.00477711
0.00518946
0.00571583
0.00595351
0.00377635
0.00993742
0.00734677
0.00604475
0.00547762
0.00524169
0.00512605
0.00505006
0.0049816
0.00491172
0.00483742
0.00475875
0.00467911
0.00460682
0.00456563
0.00460311
0.00480423
0.00522605
0.0057686
0.00603737
0.00377914
0.00999221
0.00739288
0.00609001
0.00552336
0.00528711
0.00516989
0.00509118
0.00501937
0.00494602
0.00486865
0.00478776
0.00470721
0.00463558
0.00459684
0.00463895
0.00484821
0.00528404
0.00584685
0.00613491
0.00378397
0.0100455
0.00743383
0.00612827
0.00556018
0.00532136
0.00520039
0.00511784
0.00504313
0.00496846
0.00489172
0.00481349
0.00473738
0.00467156
0.00463951
0.00468925
0.0049085
0.00535972
0.00594323
0.00623584
0.00379008
0.0100938
0.00746812
0.0061589
0.00558875
0.00534663
0.00522172
0.00513625
0.00506074
0.00498791
0.00491554
0.00484371
0.00477523
0.00471729
0.00469259
0.00474929
0.00497685
0.00544117
0.00604202
0.00632811
0.00379678
0.010138
0.00749756
0.00618498
0.00561353
0.00536913
0.00524184
0.00515568
0.00508196
0.00501347
0.00494738
0.00488282
0.00482148
0.00476956
0.00474912
0.00480887
0.00504034
0.00551288
0.00612546
0.00640341
0.00380391
0.0101827
0.00752636
0.00621177
0.00564074
0.00539618
0.00526892
0.00518434
0.00511403
0.00505035
0.00498955
0.0049297
0.00487154
0.00482067
0.00479913
0.00485666
0.00508712
0.00556276
0.00618206
0.00646149
0.00381195
0.010232
0.00755909
0.00624406
0.00567544
0.00543294
0.00530773
0.00522586
0.00515866
0.00509779
0.00503859
0.00497841
0.00491765
0.00486209
0.00483445
0.00488584
0.0051123
0.00558834
0.00621206
0.0065117
0.00382143
0.0102872
0.00759778
0.00628377
0.00571914
0.00548015
0.00535774
0.00527796
0.00521163
0.00514973
0.00508718
0.0050213
0.00495304
0.00488902
0.00485319
0.00489789
0.00512094
0.00559856
0.00622829
0.00656815
0.00383211
0.0103454
0.00764081
0.00632904
0.00576919
0.00553392
0.00541355
0.00533375
0.00526495
0.00519796
0.005128
0.00505323
0.00497576
0.00490344
0.00486139
0.00490265
0.00512629
0.00561017
0.00625132
0.00664302
0.00384309
0.0103995
0.0076836
0.00637522
0.00582009
0.00558763
0.00546746
0.00538499
0.00531081
0.00523627
0.00515769
0.00507455
0.0049903
0.00491379
0.00487075
0.00491424
0.00514414
0.00564051
0.00630067
0.00674195
0.00385282
0.0104427
0.00772117
0.00641725
0.00586624
0.00563508
0.0055131
0.00542604
0.00534538
0.00526369
0.00517872
0.00509126
0.00500574
0.00493131
0.00489351
0.00494483
0.00518589
0.00570005
0.00638567
0.0068619
0.00385984
0.0104723
0.00775084
0.00645233
0.00590469
0.00567346
0.00554845
0.00545653
0.00537064
0.00528483
0.00519815
0.00511216
0.00503154
0.00496489
0.00493683
0.00499913
0.00525347
0.00578769
0.00650094
0.00699217
0.00386365
0.0104918
0.00777377
0.00648128
0.00593641
0.00570444
0.00557649
0.00548119
0.00539306
0.00530744
0.00522409
0.00514461
0.00507307
0.00501696
0.00499968
0.00507244
0.00533843
0.00589081
0.00662913
0.00711651
0.00386518
0.0105091
0.00779435
0.00650798
0.00596558
0.00573306
0.00560341
0.00550718
0.00542022
0.00533852
0.00526186
0.00519114
0.00512924
0.00508251
0.00507316
0.00515222
0.00542488
0.00598969
0.00674659
0.00722077
0.00386648
0.0105321
0.00781777
0.00653717
0.00599726
0.00576493
0.00563532
0.00554056
0.00545726
0.00538125
0.00531168
0.00524849
0.00519332
0.00515147
0.00514428
0.00522338
0.00549617
0.00606604
0.00683374
0.00729998
0.00386978
0.0105639
0.0078472
0.00657198
0.0060347
0.00580348
0.00567549
0.00558361
0.00550463
0.00543376
0.00536919
0.00530975
0.00525611
0.00521302
0.00520179
0.00527521
0.00554287
0.00611192
0.00688494
0.00736061
0.00387627
0.0106001
0.00788249
0.00661264
0.00607769
0.00584819
0.00572267
0.00563408
0.00555875
0.00549091
0.00542783
0.0053675
0.00531015
0.00526081
0.00524162
0.00530666
0.005567
0.0061328
0.00691076
0.00741885
0.00388533
0.0106335
0.00791941
0.00665445
0.00612245
0.00589543
0.00577283
0.00568715
0.00561404
0.00554677
0.00548196
0.00541729
0.0053533
0.00529588
0.00526825
0.00532557
0.00558023
0.00614598
0.00693513
0.00749143
0.00389445
0.010655
0.00795197
0.0066931
0.00616482
0.00594085
0.00582124
0.00573785
0.0056657
0.00559737
0.00552932
0.00545952
0.0053893
0.00532558
0.00529259
0.00534605
0.00559975
0.00617234
0.00698195
0.00758944
0.00390034
0.0106616
0.00797703
0.00672602
0.00620229
0.00598176
0.00586508
0.00578354
0.00571181
0.00564223
0.00557158
0.00549853
0.00542536
0.00535982
0.00532656
0.00538149
0.00564026
0.00622803
0.00706696
0.00771581
0.00390055
0.0106602
0.00799594
0.00675431
0.00623572
0.00601878
0.00590482
0.00582491
0.00575376
0.00568391
0.00561285
0.00554003
0.00546851
0.00540634
0.00537805
0.00543952
0.00570885
0.00631926
0.00719161
0.00786491
0.00389683
0.0106583
0.00801474
0.00678283
0.0062693
0.00605557
0.00594382
0.00586526
0.00579502
0.00572625
0.00565724
0.00558814
0.00552233
0.0054677
0.00544812
0.00551944
0.00580273
0.00643758
0.00734663
0.00802259
0.00389279
0.0106699
0.00804197
0.00681823
0.00630868
0.00609708
0.00598646
0.00590854
0.00583919
0.00577232
0.005707
0.00564371
0.0055858
0.00554054
0.00553088
0.00561278
0.00590978
0.00656548
0.00751212
0.0081716
0.00389283
0.0107079
0.00808501
0.00686595
0.00635829
0.006147
0.00603591
0.00595744
0.00588833
0.00582328
0.00576184
0.00570452
0.00565428
0.00561753
0.00561627
0.00570632
0.00601202
0.00668523
0.00766397
0.00829804
0.00390043
0.0107774
0.00814634
0.00692732
0.00641889
0.00620581
0.00609253
0.0060122
0.00594239
0.00587835
0.00581981
0.00576695
0.00572213
0.00569086
0.00569413
0.00578746
0.00609706
0.0067813
0.00778366
0.00839635
0.00391632
0.0108721
0.00822143
0.00699816
0.0064866
0.00627013
0.00615361
0.00607074
0.00599967
0.00593585
0.00587882
0.00582815
0.0057856
0.00575573
0.00575875
0.00585057
0.0061591
0.00684775
0.007865
0.00846986
0.00393748
0.010975
0.00829938
0.00706958
0.00655391
0.00633387
0.0062145
0.00612979
0.00605803
0.00599444
0.00593801
0.00588759
0.00584429
0.00581185
0.00581052
0.00589683
0.00620033
0.0068881
0.00791294
0.00852844
0.00396076
0.0110518
0.00836629
0.00713103
0.00661241
0.00639058
0.00627064
0.00618647
0.00611601
0.00605382
0.00599803
0.00594687
0.00590049
0.00586263
0.005854
0.00593216
0.00622827
0.00691204
0.00793911
0.00858428
0.00397974
0.0110801
0.00841061
0.00717442
0.00665619
0.00643618
0.0063195
0.0062395
0.00617335
0.00611455
0.00606027
0.006008
0.00595734
0.00591242
0.00589495
0.00596385
0.00625188
0.0069308
0.00795821
0.00864591
0.00398774
0.0110576
0.00842795
0.00719756
0.0066844
0.00647069
0.00636155
0.0062895
0.0062306
0.00617709
0.00612525
0.00607184
0.00601646
0.00596397
0.00593747
0.00599751
0.00627827
0.00695342
0.00798238
0.00871828
0.0039808
0.0110012
0.00842309
0.00720541
0.0067019
0.00649841
0.00640007
0.00633844
0.00628832
0.00624085
0.00619149
0.00613672
0.0060766
0.00601698
0.00598259
0.00603557
0.00631118
0.00698336
0.00802071
0.00880276
0.00396079
0.0109361
0.00840875
0.00720878
0.00671785
0.00652646
0.00643979
0.00638852
0.00634633
0.00630356
0.00625542
0.00619864
0.00613401
0.00606856
0.00602856
0.00607692
0.00634965
0.00702361
0.00807615
0.00889831
0.00393617
0.0108819
0.00840166
0.00722114
0.00674338
0.00656239
0.00648499
0.00644089
0.00640312
0.00636182
0.00631253
0.00625271
0.00618411
0.00611497
0.00607227
0.00611925
0.00639256
0.00707318
0.00814797
0.00900233
0.0039151
0.0108646
0.00842158
0.00725384
0.00678469
0.00661055
0.00653763
0.00649524
0.00645653
0.00641231
0.00635902
0.00629527
0.00622384
0.00615366
0.00611168
0.00616089
0.00643835
0.00713007
0.00823195
0.00911222
0.00390487
0.0109091
0.00847461
0.00731048
0.00684505
0.00667228
0.00659735
0.00654998
0.00650448
0.00645303
0.00639347
0.00632558
0.00625302
0.00618467
0.0061468
0.0062015
0.00648612
0.00719196
0.00832264
0.00922398
0.00390937
0.011024
0.00855985
0.00739006
0.00692264
0.00674506
0.00666142
0.00660294
0.0065459
0.00648435
0.00641761
0.0063464
0.00627467
0.00621077
0.00617954
0.00624199
0.00653548
0.00725513
0.00841395
0.00933295
0.00392859
0.0112018
0.0086687
0.00748536
0.00701092
0.00682324
0.00672583
0.00665232
0.00658149
0.00650926
0.00643614
0.00636321
0.0062941
0.00623615
0.00621275
0.00628328
0.00658439
0.00731494
0.00850059
0.00943454
0.00396036
0.0114099
0.0087856
0.00758463
0.00710038
0.00689981
0.00678673
0.00669772
0.00661396
0.00653283
0.00645544
0.0063826
0.00631707
0.00626492
0.00624802
0.00632448
0.00663056
0.00736849
0.00857603
0.0095255
0.00400123
0.0115958
0.00889226
0.00767512
0.00718154
0.00696883
0.00684203
0.00674059
0.00664752
0.00656094
0.00648193
0.00641041
0.00634805
0.00629968
0.00628609
0.00636468
0.00667174
0.00741241
0.00863555
0.0096055
0.00404235
0.0117255
0.0089739
0.00774719
0.00724815
0.00702749
0.0068922
0.006784
0.00668684
0.00659872
0.00652024
0.00645018
0.00638919
0.00634122
0.00632659
0.00640274
0.00670655
0.00744543
0.00867827
0.00967783
0.0040749
0.0117835
0.0090244
0.00779791
0.00729929
0.00707693
0.00694004
0.00683163
0.00673566
0.00664924
0.00657241
0.00650282
0.00644039
0.0063888
0.00636865
0.00643819
0.00673539
0.00746928
0.00870808
0.00974919
0.00409278
0.0117751
0.00905002
0.00783092
0.00733812
0.00712084
0.00698913
0.00688616
0.00679535
0.00671284
0.00663757
0.00656659
0.00649964
0.00644079
0.00641168
0.00647194
0.00676093
0.00748888
0.00873323
0.00982815
0.00409435
0.0117313
0.00905686
0.00785119
0.00737049
0.00716418
0.00704267
0.00694875
0.00686504
0.00678691
0.00671209
0.00663765
0.00656372
0.00649535
0.00645575
0.00650629
0.00678772
0.00751122
0.0087643
0.00992286
0.00408199
0.0116831
0.00905543
0.00786793
0.00740321
0.00721111
0.007102
0.00701805
0.00694124
0.00686636
0.00679039
0.00671092
0.00662889
0.00655079
0.00650155
0.00654429
0.00682079
0.00754332
0.00881118
0.0100385
0.00406323
0.0116446
0.00905712
0.00788921
0.00744135
0.00726352
0.00716595
0.00709033
0.00701847
0.00694468
0.0068661
0.00678104
0.00669161
0.00660571
0.00654985
0.00658845
0.00686387
0.00758972
0.00887956
0.010176
0.00404539
0.0116239
0.00906986
0.00791996
0.00748696
0.00732061
0.00723123
0.00716055
0.00709045
0.00701549
0.00693346
0.00684357
0.00674904
0.00665896
0.00660082
0.00663974
0.00691805
0.00765109
0.00896966
0.0103319
0.00403252
0.0116287
0.009097
0.00796145
0.00753932
0.00737972
0.0072937
0.00722363
0.00715209
0.00707432
0.00698891
0.00689599
0.00679974
0.00670966
0.0066534
0.0066963
0.00698092
0.00772495
0.00907597
0.0104993
0.00402656
0.0116582
0.00913985
0.00801161
0.00759488
0.00743714
0.00734993
0.00727672
0.00720135
0.00712001
0.0070321
0.00693865
0.00684382
0.00675718
0.00670599
0.00675531
0.00704803
0.00780511
0.00918899
0.0106699
0.00402723
0.011714
0.0091913
0.00806545
0.00765071
0.00749108
0.0073992
0.00732037
0.00724001
0.00715525
0.00706625
0.00697426
0.0068831
0.00680195
0.0067573
0.00681374
0.0071145
0.00788386
0.00929881
0.0108371
0.00403318
0.0117905
0.00924715
0.00812092
0.00770607
0.00754233
0.00744402
0.00735869
0.00727337
0.00718596
0.00709715
0.00700767
0.00692099
0.00684553
0.00680701
0.00686955
0.00717676
0.00795561
0.00939824
0.0109985
0.00404264
0.0118817
0.00930563
0.00817801
0.00776249
0.00759418
0.00748946
0.0073982
0.00730886
0.00721982
0.00713174
0.00704474
0.00696178
0.00689059
0.00685624
0.00692271
0.0072339
0.00801869
0.00948554
0.0111562
0.00405547
0.0119775
0.00936677
0.00823829
0.00782287
0.00765103
0.00754136
0.00744577
0.00735378
0.0072639
0.00717634
0.00709079
0.00700972
0.00694035
0.0069075
0.00697533
0.00728812
0.00807585
0.00956328
0.0113179
0.00407054
0.0120747
0.00943119
0.00830346
0.00788976
0.00771638
0.00760401
0.00750618
0.00741284
0.00732241
0.00723479
0.00714921
0.00706783
0.00699776
0.00696392
0.00703107
0.00734391
0.00813311
0.00964017
0.0114916
0.00408698
0.0121693
0.00949823
0.00837354
0.00796359
0.007791
0.00767827
0.00758007
0.00748652
0.0073958
0.00730751
0.00722061
0.00713723
0.0070647
0.00702837
0.00709386
0.00740651
0.00819784
0.00972677
0.0116839
0.00410382
0.0122541
0.00956525
0.00844617
0.00804111
0.00787145
0.00776063
0.00766376
0.00757106
0.00748046
0.00739138
0.00730272
0.00721682
0.00714144
0.00710253
0.00716672
0.00748024
0.00827641
0.00983237
0.0118987
0.00411961
0.0123207
0.00962734
0.00851467
0.00811631
0.00795145
0.00784429
0.00775018
0.00765944
0.00756981
0.00748068
0.00739107
0.00730363
0.00722657
0.00718643
0.00725086
0.00756746
0.00837217
0.00996033
0.0121387
0.00413224
0.012361
0.00967685
0.00857294
0.00818255
0.00802369
0.00792136
0.0078312
0.00774366
0.00765643
0.00756895
0.00748038
0.00739368
0.00731737
0.0072784
0.00734536
0.00766761
0.00848487
0.0101101
0.0124012
0.00413959
0.0123697
0.00970942
0.00861654
0.00823487
0.00808262
0.00798586
0.00790064
0.00781766
0.00773463
0.00765106
0.00756621
0.00748319
0.00741061
0.00737554
0.00744736
0.00777754
0.00861058
0.0102763
0.0126801
0.00414019
0.0123493
0.00972488
0.0086449
0.00827227
0.00812684
0.00803607
0.00795658
0.0078794
0.00780232
0.00772485
0.00764625
0.00756961
0.00750336
0.00747442
0.00755279
0.00789227
0.0087427
0.0104498
0.0129678
0.00413403
0.0123115
0.00972824
0.00866224
0.00829861
0.00815994
0.00807527
0.00800195
0.00793141
0.00786143
0.00779153
0.00772082
0.00765216
0.00759368
0.00757193
0.00765736
0.00800615
0.00887353
0.0106204
0.0132567
0.00412281
0.0122745
0.00972882
0.00867671
0.00832173
0.0081895
0.0081107
0.00804349
0.00797963
0.00791697
0.00785488
0.00779226
0.00773169
0.00768082
0.00766583
0.00775747
0.00811419
0.00899616
0.0107788
0.0135417
0.00411007
0.0122565
0.00973768
0.00869811
0.008351
0.00822461
0.00815105
0.00808924
0.00803128
0.00797499
0.00791962
0.00786381
0.00780986
0.007765
0.00775501
0.00785092
0.00821319
0.00910617
0.0109193
0.0138211
0.00410121
0.0122656
0.00976432
0.00873484
0.00839441
0.00827293
0.00820355
0.00814583
0.00809217
0.00804036
0.00798954
0.00793815
0.00788827
0.00784681
0.00783931
0.00793701
0.00830209
0.00920217
0.0110373
0.0140997
0.00409919
0.0123086
0.00981378
0.00879119
0.00845589
0.00833807
0.00827149
0.00821616
0.00816477
0.00811509
0.00806616
0.00801635
0.0079676
0.00792671
0.00791912
0.00801626
0.00838164
0.00928546
0.0111341
0.0143817
0.00410477
0.012384
0.00988464
0.00886556
0.00853387
0.00841836
0.00835309
0.00829846
0.00824738
0.00819761
0.00814818
0.00809744
0.00804737
0.00800471
0.00799497
0.00808986
0.00845415
0.00935916
0.011213
0.0146706
0.00411614
0.0124833
0.00996803
0.00895063
0.00862148
0.00850717
0.00844206
0.00838683
0.00833466
0.00828333
0.00823187
0.00817871
0.00812587
0.00808021
0.00806731
0.00815914
0.00852187
0.00942728
0.0112786
0.0149672
0.00413197
0.0125787
0.0100518
0.009036
0.00870884
0.00859504
0.00852946
0.00847312
0.00841943
0.00836614
0.00831235
0.00825656
0.00820087
0.00815225
0.00813635
0.00822533
0.00858672
0.00949291
0.011334
0.0152671
0.00414801
0.0126492
0.0101234
0.00911105
0.008786
0.00867265
0.00860675
0.00854966
0.00849502
0.00844053
0.00838528
0.00832785
0.00827037
0.00821993
0.00820213
0.00828919
0.00864995
0.00955747
0.0113799
0.0155581
0.00415976
0.0126822
0.0101746
0.00916853
0.00884637
0.00873402
0.0086686
0.00861186
0.00855758
0.00850337
0.00844827
0.00839088
0.00833334
0.00828278
0.00826463
0.00835098
0.00871165
0.00962061
0.0114119
0.0158181
0.00416378
0.0126771
0.0102034
0.00920688
0.00888878
0.00877841
0.00871463
0.0086596
0.0086072
0.00855489
0.00850163
0.00844602
0.00839016
0.00834113
0.00832407
0.00841074
0.0087713
0.00968031
0.0114172
0.0037746
0.00415894
0.012646
0.0102151
0.00923072
0.00891785
0.0088105
0.00874943
0.00869721
0.00864783
0.00859857
0.00854832
0.00849566
0.00844262
0.00839621
0.0083811
0.00846867
0.00882927
0.00973754
0.0114624
0.00797553
0.00414656
0.0126106
0.0102205
0.00924936
0.00894251
0.00883889
0.00878107
0.00873209
0.00868604
0.00864008
0.00859307
0.00854359
0.00849362
0.00845005
0.00843703
0.00852547
0.00888612
0.00979512
0.0115184
0.00791547
0.00413027
0.0125944
0.0102328
0.00927413
0.00897345
0.00887362
0.00881883
0.0087726
0.00872922
0.0086858
0.00864125
0.00859421
0.00854662
0.00850528
0.00849379
0.00858251
0.00894256
0.00985308
0.0115801
0.00780144
0.00411719
0.0126061
0.0102636
0.00931519
0.00902006
0.00892339
0.00887063
0.00882584
0.00878364
0.00874122
0.00869761
0.00865154
0.00860498
0.00856468
0.00855366
0.00864182
0.0090005
0.00991207
0.01164
0.00371895
0.00411142
0.0126586
0.0103207
0.00937923
0.00908851
0.00899376
0.00894144
0.00889624
0.00885328
0.00880988
0.00876531
0.00871842
0.00867126
0.00863057
0.00861882
0.00870546
0.00906204
0.00997429
0.0117078
0.00372927
0.00411544
0.012757
0.0104061
0.00946815
0.00918042
0.00908607
0.00903236
0.0089848
0.00893908
0.00889279
0.00884542
0.00879602
0.00874672
0.00870427
0.00869065
0.00877487
0.00912874
0.0100414
0.0117817
0.00374067
0.00412949
0.0128977
0.010516
0.00957868
0.00929267
0.00919722
0.00914049
0.00908892
0.00903887
0.0089882
0.00893667
0.00888347
0.00883084
0.00878557
0.00876914
0.00885017
0.00920078
0.0101136
0.0118615
0.00375231
0.00415146
0.0130696
0.0106413
0.00970313
0.00941799
0.00932037
0.00925953
0.00920299
0.00914775
0.00909194
0.00903555
0.00897787
0.00892125
0.00887248
0.00885257
0.00892981
0.00927661
0.0101892
0.0119449
0.00376322
0.00417838
0.0132516
0.0107694
0.00983101
0.00954664
0.00944643
0.00938118
0.00931954
0.00925912
0.00919821
0.00913697
0.00907477
0.00901399
0.00896146
0.00893773
0.00901075
0.00935323
0.010265
0.0120278
0.00377217
0.00420761
0.0134153
0.0108877
0.00995147
0.00966854
0.00956602
0.00949687
0.00943085
0.00936602
0.00930077
0.00923532
0.00916908
0.00910445
0.00904827
0.00902075
0.00908942
0.00942727
0.0103364
0.0121029
0.00377915
0.00423488
0.0135433
0.0109859
0.0100558
0.00977555
0.00967161
0.00959973
0.00953065
0.00946274
0.00939437
0.00932582
0.00925644
0.00918867
0.00912938
0.00909839
0.00916265
0.00949491
0.0104
0.012167
0.00378489
0.00425666
0.0136269
0.0110585
0.0101392
0.00986323
0.00975916
0.00968612
0.00961564
0.00954626
0.00947626
0.00940594
0.00933462
0.00926474
0.00920318
0.0091694
0.00922954
0.009556
0.0104565
0.0122212
0.00379041
0.00427093
0.0136662
0.0111057
0.0102021
0.00993152
0.0098287
0.00975615
0.00968596
0.00961675
0.0095467
0.00947613
0.00940433
0.00933374
0.00927121
0.0092358
0.00929267
0.00961377
0.0105102
0.0122725
0.00379729
0.00427742
0.0136687
0.0111337
0.0102473
0.00998356
0.00988349
0.00981303
0.00974475
0.00967735
0.00960891
0.00953977
0.00946922
0.0093997
0.00933798
0.00930263
0.00935765
0.00967465
0.0105691
0.012332
0.00380732
0.00427735
0.0136484
0.0111484
0.0102804
0.010025
0.00992903
0.00986211
0.00979724
0.00973329
0.0096682
0.00960241
0.00953515
0.00946885
0.00941013
0.00937695
0.00943204
0.00974685
0.0106426
0.0124137
0.00382215
0.00427292
0.0136192
0.0111566
0.0103083
0.0100624
0.00997158
0.00990949
0.00984947
0.0097906
0.00973076
0.0096704
0.00960871
0.00954801
0.00949471
0.00946606
0.00952339
0.00983835
0.0107398
0.0125306
0.00384268
0.00426663
0.0135918
0.0111655
0.010337
0.0101015
0.0100168
0.00996068
0.00990691
0.00985474
0.00980202
0.00974926
0.00969545
0.00964276
0.00959726
0.0095754
0.00963709
0.00995461
0.0108664
0.0126908
0.0038688
0.00426075
0.0135726
0.0111804
0.010371
0.0101464
0.0100685
0.0100194
0.0099731
0.00992912
0.00988527
0.00984202
0.00979819
0.00975563
0.00971997
0.00970672
0.00977445
0.0100964
0.0110225
0.012887
0.00390092
0.00425691
0.0135637
0.0112039
0.0104124
0.0101988
0.0101282
0.0100868
0.0100489
0.0100143
0.00998058
0.00994827
0.00991587
0.00988491
0.00986038
0.00985676
0.00993133
0.0102587
0.0112013
0.0131103
0.00393629
0.0042559
0.013563
0.0112359
0.0104609
0.0102583
0.0101951
0.0101615
0.0101324
0.0101076
0.0100846
0.0100638
0.0100433
0.0100243
0.0100111
0.0100171
0.0100982
0.0104305
0.0113895
0.0133453
0.00397078
0.00425768
0.0135662
0.0112746
0.0105146
0.0103225
0.0102663
0.0102403
0.0102196
0.0102041
0.0101914
0.0101815
0.0101722
0.0101641
0.0101611
0.0101753
0.0102615
0.0105969
0.0115694
0.0135727
0.00399972
0.00426158
0.0135684
0.0113172
0.0105708
0.0103884
0.0103383
0.0103189
0.0103054
0.0102979
0.0102939
0.010293
0.0102929
0.0102936
0.0102983
0.0103184
0.0104074
0.010743
0.0117234
0.0137689
0.00402066
0.00426666
0.0135663
0.0113614
0.0106274
0.0104535
0.0104083
0.0103939
0.0103857
0.0103839
0.0103861
0.0103915
0.0103975
0.0104038
0.0104133
0.0104363
0.0105254
0.0108579
0.0118394
0.0139137
0.00403371
0.00427208
0.0135594
0.0114063
0.0106838
0.0105171
0.0104751
0.0104636
0.0104585
0.0104597
0.010465
0.0104734
0.0104821
0.0104906
0.0105014
0.0105247
0.0106114
0.0109376
0.011913
0.0140009
0.00403971
0.00427736
0.0135519
0.0114518
0.010741
0.0105803
0.0105399
0.0105293
0.0105248
0.0105263
0.0105317
0.0105398
0.0105477
0.010555
0.0105644
0.0105854
0.0106678
0.0109854
0.0119487
0.014036
0.00404078
0.00428258
0.0135495
0.0115017
0.0108018
0.0106462
0.0106061
0.0105947
0.0105886
0.0105879
0.0105907
0.0105957
0.0106001
0.0106037
0.0106092
0.0106262
0.0107032
0.0110106
0.0119576
0.0140337
0.00403976
0.00428834
0.0135584
0.0115602
0.0108707
0.0107194
0.0106785
0.0106652
0.0106558
0.0106511
0.0106493
0.0106492
0.0106482
0.0106463
0.0106465
0.0106584
0.0107293
0.0110262
0.0119546
0.0140135
0.00403946
0.00429638
0.0135809
0.0116317
0.0109519
0.0108045
0.0107621
0.0107461
0.0107328
0.0107229
0.0107155
0.010709
0.0107014
0.0106931
0.0106873
0.0106937
0.0107585
0.011045
0.0119547
0.0139949
0.00404214
0.00430761
0.0136201
0.0117195
0.0110483
0.0109046
0.0108605
0.0108417
0.0108241
0.0108087
0.0107955
0.0107823
0.0107677
0.0107527
0.0107409
0.0107419
0.0108008
0.0110774
0.0119696
0.013994
0.00404909
0.00432229
0.0136764
0.0118248
0.0111599
0.0110202
0.0109744
0.0109531
0.0109317
0.0109109
0.0108921
0.0108728
0.0108515
0.0108299
0.0108124
0.0108084
0.0108618
0.0111291
0.0120056
0.0140201
0.0040605
0.00433982
0.0137473
0.0119448
0.0112836
0.0111486
0.0111015
0.011078
0.0110539
0.0110282
0.0110043
0.0109797
0.0109527
0.0109251
0.0109022
0.0108936
0.0109419
0.0112006
0.0120632
0.0140748
0.00407577
0.00435873
0.0138259
0.0120744
0.0114134
0.011284
0.0112363
0.0112106
0.0111854
0.0111559
0.0111273
0.0110984
0.0110669
0.0110344
0.0110068
0.0109939
0.0110374
0.0112879
0.012138
0.0141532
0.00409377
0.00437762
0.0138997
0.0122062
0.0115419
0.0114187
0.0113721
0.0113432
0.011318
0.011287
0.0112546
0.0112218
0.0111869
0.011151
0.0111199
0.0111032
0.011142
0.0113843
0.0122225
0.0142466
0.00411319
0.00439411
0.0139594
0.0123323
0.0116617
0.0115439
0.0115019
0.0114687
0.0114431
0.0114131
0.011379
0.0113431
0.0113054
0.0112672
0.0112338
0.0112145
0.011249
0.0114829
0.0123089
0.0143448
0.00413295
0.00440581
0.0139999
0.012447
0.0117688
0.0116518
0.0116202
0.0115836
0.0115551
0.011527
0.0114944
0.0114574
0.0114176
0.0113775
0.011343
0.0113221
0.011353
0.0115785
0.0123913
0.01444
0.00415253
0.00441221
0.0140167
0.0125458
0.0118652
0.0117384
0.0117218
0.0116879
0.0116545
0.011626
0.0115966
0.0115617
0.0115218
0.0114808
0.0114456
0.0114237
0.0114516
0.0116685
0.0124672
0.014528
0.00417198
0.00441472
0.0140105
0.0126233
0.011959
0.0118079
0.0118026
0.0117815
0.0117472
0.0117153
0.0116872
0.0116557
0.0116184
0.0115785
0.0115436
0.0115213
0.0115464
0.0117544
0.0125377
0.014609
0.00419175
0.00441525
0.0139966
0.0126706
0.0120592
0.0118766
0.0118654
0.0118614
0.0118367
0.0118048
0.0117757
0.0117456
0.0117109
0.0116735
0.0116403
0.0116185
0.0116412
0.0118401
0.0126066
0.0146867
0.00421249
0.00441582
0.0140103
0.0126775
0.0121611
0.0119683
0.01193
0.0119297
0.01192
0.0118972
0.0118711
0.011842
0.0118086
0.0117728
0.0117414
0.0117204
0.0117408
0.0119302
0.0126787
0.0147662
0.00423473
0.00441613
0.0141091
0.0126504
0.0122361
0.0120875
0.0120274
0.0120105
0.0120033
0.01199
0.011972
0.0119473
0.0119163
0.0118821
0.011852
0.0118316
0.0118494
0.0120288
0.012758
0.0148511
0.00425873
0.00441025
0.0143499
0.0126453
0.0122567
0.0121928
0.0121558
0.01213
0.012114
0.0120998
0.0120855
0.0120647
0.0120363
0.0120036
0.0119745
0.0119543
0.0119689
0.0121374
0.0128458
0.014942
0.00428436
0.00438738
0.0147112
0.0127802
0.0122777
0.0122472
0.0122556
0.0122513
0.0122405
0.012227
0.0122143
0.0121954
0.0121685
0.0121368
0.0121082
0.0120877
0.0120986
0.0122552
0.0129406
0.0150362
0.00431129
0.00434009
0.0149922
0.013105
0.0124578
0.0123751
0.0123762
0.0123793
0.0123749
0.0123644
0.0123536
0.0123356
0.0123091
0.0122777
0.0122493
0.0122282
0.0122349
0.0123786
0.0130383
0.0151273
0.00433913
0.00427333
0.0147867
0.0131694
0.0125913
0.0125242
0.0125183
0.0125177
0.0125136
0.0125045
0.0124952
0.0124778
0.0124514
0.0124201
0.0123919
0.0123707
0.0123732
0.012503
0.0131336
0.0152079
0.0043677
0.0654952
0.0560208
0.0547819
0.0538826
0.0526961
0.0512496
0.0497546
0.0485902
0.0480593
0.0482986
0.0492956
0.0499523
0.0493575
0.0471192
0.0443789
0.0423897
0.0401365
0.0355561
0.027912
0.0323367
0.0662427
0.0563774
0.0549368
0.0541224
0.0531013
0.0518598
0.0505691
0.0495411
0.0490438
0.0491337
0.0497833
0.050206
0.0494496
0.0470939
0.0443181
0.0423402
0.0400601
0.0354138
0.0277249
0.0319885
0.0669815
0.0567613
0.0550819
0.0543214
0.0534419
0.0523808
0.0512744
0.0503753
0.0499037
0.0498571
0.0502383
0.0504262
0.0494713
0.0469734
0.0441891
0.0422578
0.0399525
0.0352276
0.0274989
0.0316537
0.0677126
0.0571543
0.0552163
0.0544802
0.053717
0.0528091
0.0518597
0.0510712
0.0506179
0.050516
0.0506544
0.0505967
0.0494155
0.0467632
0.0440024
0.0421473
0.0398147
0.0349987
0.0272324
0.0313351
0.0684369
0.0575406
0.0553371
0.0546015
0.0539296
0.0531481
0.0523278
0.0516283
0.0511847
0.0510099
0.0509735
0.0506962
0.0492733
0.0464689
0.0437725
0.0420184
0.0396494
0.0347293
0.0269271
0.031034
0.0691549
0.0579062
0.0554395
0.0546878
0.0540857
0.0534049
0.052688
0.0520592
0.0516204
0.0513709
0.0511891
0.050713
0.0490421
0.0461029
0.0435153
0.0418781
0.03946
0.0344222
0.0265876
0.030751
0.0698665
0.0582371
0.0555189
0.0547411
0.0541911
0.0535888
0.0529535
0.0523793
0.0519403
0.0516342
0.0513198
0.0506498
0.0487222
0.0456801
0.0432477
0.0417326
0.0392488
0.0340818
0.0262192
0.0304862
0.0705713
0.0585199
0.0555706
0.0547634
0.0542512
0.05371
0.0531356
0.0525999
0.0521595
0.0517885
0.0513495
0.0504968
0.0483152
0.0452174
0.0429836
0.0415867
0.039018
0.0337126
0.0258281
0.0302392
0.0712699
0.0587455
0.05559
0.0547563
0.0542722
0.0537784
0.05325
0.0527378
0.0522877
0.0518564
0.0513007
0.0502594
0.0478282
0.0447342
0.0427362
0.0414436
0.0387689
0.0333191
0.0254213
0.0300098
0.0719621
0.0589041
0.0555746
0.0547218
0.0542601
0.0538
0.0533046
0.0528092
0.0523378
0.0518429
0.0511785
0.0499356
0.0472701
0.0442518
0.042516
0.0413043
0.0385024
0.0329058
0.0250051
0.0297978
0.0726509
0.0589887
0.0555229
0.0546611
0.0542189
0.0537839
0.05331
0.0528208
0.0523269
0.0517607
0.0509808
0.0495261
0.0466585
0.0437905
0.0423285
0.0411685
0.0382199
0.0324774
0.024586
0.0296031
0.0733375
0.0589933
0.0554365
0.0545801
0.0541511
0.0537339
0.0532737
0.0527836
0.0522569
0.0516174
0.0507185
0.0490349
0.0460156
0.0433671
0.0421762
0.0410348
0.0379238
0.0320395
0.0241695
0.029425
0.0740243
0.058915
0.0553157
0.0544782
0.0540625
0.0536566
0.0532001
0.052698
0.0521387
0.0514216
0.0503944
0.0484692
0.0453635
0.0429956
0.0420577
0.0409017
0.037616
0.0315969
0.0237602
0.0292624
0.0747126
0.0587507
0.0551653
0.0543573
0.0539547
0.0535533
0.053094
0.0525742
0.0519739
0.0511791
0.0500091
0.0478431
0.0447299
0.042686
0.0419707
0.040767
0.0372984
0.0311537
0.0233616
0.0291146
0.0754058
0.0584995
0.0549879
0.0542219
0.0538297
0.0534291
0.0529611
0.0524174
0.0517687
0.0508806
0.0495679
0.0471727
0.0441385
0.0424412
0.0419104
0.0406291
0.0369733
0.0307134
0.0229768
0.0289809
0.0761048
0.0581636
0.0547914
0.0540752
0.0536918
0.053286
0.0528058
0.0522319
0.0515297
0.050541
0.0490758
0.0464811
0.0436065
0.0422584
0.0418705
0.0404867
0.0366428
0.0302794
0.0226086
0.0288605
0.0768171
0.0577387
0.0545823
0.0539205
0.0535421
0.0531285
0.0526277
0.0520217
0.0512579
0.0501613
0.0485374
0.045791
0.0431465
0.0421331
0.0418461
0.0403395
0.0363094
0.0298549
0.0222591
0.0287526
0.0775702
0.0571951
0.0543669
0.05376
0.0533829
0.0529554
0.0524313
0.0517861
0.0509594
0.0497383
0.047958
0.0451247
0.0427655
0.0420586
0.0418327
0.0401872
0.0359758
0.0294432
0.0219293
0.0286562
0.0782823
0.0566592
0.0541493
0.053593
0.0532141
0.0527682
0.0522173
0.0515301
0.0506392
0.0492873
0.0473518
0.0445055
0.0424646
0.0420271
0.0418255
0.0400301
0.035645
0.029046
0.0216198
0.0285709
0.0789311
0.0561749
0.0539302
0.0534206
0.0530356
0.0525704
0.0519891
0.0512583
0.050301
0.0488173
0.0467314
0.0439487
0.0422388
0.0420294
0.0418213
0.0398697
0.0353188
0.0286646
0.0213312
0.0284959
0.0795309
0.0557293
0.0537209
0.0532433
0.0528504
0.0523633
0.0517496
0.0509715
0.0499481
0.0483157
0.046104
0.0434604
0.0420789
0.0420574
0.0418185
0.0397067
0.0349982
0.0283001
0.0210638
0.0284305
0.080097
0.0553213
0.0535195
0.0530636
0.0526589
0.0521472
0.0514977
0.0506714
0.0495719
0.0477758
0.0454835
0.0430417
0.0419743
0.042105
0.0418153
0.0395412
0.0346846
0.0279531
0.0208165
0.0283736
0.0806442
0.0549492
0.0533242
0.0528812
0.0524607
0.0519208
0.0512348
0.0503548
0.0491679
0.0472172
0.0448875
0.0426902
0.0419164
0.0421665
0.0418094
0.0393734
0.0343786
0.027623
0.0205882
0.0283244
0.0811859
0.0546084
0.0531321
0.052696
0.0522555
0.0516863
0.0509621
0.0500208
0.0487421
0.0465538
0.0443167
0.0424018
0.0418971
0.0422371
0.0417997
0.039204
0.0340803
0.0273092
0.0203778
0.0282823
0.0817318
0.0542932
0.0529417
0.0525071
0.0520447
0.0514467
0.0506792
0.0496737
0.0483029
0.0458947
0.0438086
0.042176
0.0419099
0.0423141
0.0417864
0.0390334
0.0337899
0.0270111
0.0201845
0.028247
0.0822918
0.0539975
0.0527524
0.0523142
0.051831
0.0512008
0.050386
0.0493179
0.04786
0.0453605
0.0433829
0.0420078
0.0419498
0.042396
0.0417695
0.0388621
0.0335073
0.0267282
0.0200074
0.028218
0.0828757
0.053712
0.0525621
0.052118
0.0516125
0.0509464
0.0500848
0.0489594
0.0474265
0.0449277
0.0430267
0.0418902
0.0420129
0.0424815
0.0417495
0.0386905
0.0332322
0.0264596
0.0198453
0.0281947
0.0834922
0.053427
0.0523661
0.0519176
0.0513863
0.050685
0.0497805
0.048605
0.0470121
0.0445953
0.0427422
0.0418207
0.0420954
0.0425693
0.0417261
0.0385184
0.0329645
0.0262047
0.019697
0.0281766
0.0841557
0.0531243
0.0521592
0.0517099
0.0511528
0.0504197
0.049477
0.048255
0.0466156
0.0443454
0.0425335
0.0417952
0.042194
0.042658
0.0416988
0.0383459
0.0327039
0.0259621
0.0195613
0.0281636
0.0848752
0.0527994
0.051935
0.0514939
0.0509131
0.0501515
0.0491719
0.0479069
0.0462341
0.0440738
0.0423753
0.041803
0.042305
0.0427467
0.041668
0.0381737
0.0324499
0.0257308
0.0194374
0.0281551
0.0856917
0.0523858
0.0516959
0.0512686
0.050667
0.049878
0.0488634
0.0475637
0.0458726
0.043818
0.0422556
0.041836
0.042426
0.0428354
0.0416343
0.0380014
0.0322012
0.0255094
0.0193242
0.0281507
0.0865532
0.0519736
0.0514445
0.0510321
0.0504124
0.0495978
0.048554
0.0472288
0.0455348
0.0435884
0.0421647
0.0418895
0.0425561
0.0429245
0.0415973
0.0378273
0.031956
0.0252964
0.0192203
0.0281497
0.087364
0.0517322
0.0511814
0.0507828
0.0501481
0.0493124
0.0482452
0.0469027
0.0452224
0.0433851
0.0420973
0.0419615
0.0426948
0.0430131
0.0415552
0.0376495
0.0317128
0.0250904
0.0191246
0.0281517
0.0881272
0.0516625
0.0509107
0.0505198
0.0498745
0.0490218
0.0479362
0.0465865
0.0449355
0.043206
0.0420518
0.0420508
0.0428411
0.0430996
0.0415063
0.0374665
0.0314703
0.0248902
0.0190363
0.0281563
0.0888462
0.051764
0.0506404
0.0502437
0.0495908
0.0487245
0.0476272
0.0462813
0.0446716
0.0430526
0.0420284
0.0421573
0.0429942
0.043183
0.0414499
0.0372779
0.0312275
0.0246948
0.0189546
0.0281633
0.0895249
0.0520324
0.0503819
0.0499559
0.0492956
0.04842
0.0473191
0.0459878
0.0444322
0.0429251
0.0420268
0.0422812
0.0431541
0.0432634
0.0413862
0.0370832
0.0309832
0.0245029
0.0188786
0.0281725
0.0901666
0.0524611
0.05015
0.0496592
0.0489894
0.0481096
0.0470139
0.0457079
0.0442179
0.0428179
0.0420466
0.0424237
0.0433217
0.0433411
0.0413144
0.0368806
0.0307358
0.0243135
0.0188079
0.0281833
0.0907745
0.0530404
0.0499613
0.0493602
0.0486756
0.0477961
0.0467131
0.045441
0.0440215
0.0427238
0.0420881
0.0425862
0.0434976
0.0434153
0.0412326
0.0366683
0.030484
0.0241258
0.0187419
0.0281957
0.0913517
0.0537579
0.0498348
0.0490701
0.0483605
0.0474826
0.0464169
0.0451832
0.0438334
0.0426398
0.0421546
0.0427709
0.0436813
0.0434838
0.0411385
0.0364446
0.0302269
0.0239396
0.0186803
0.0282092
0.0918998
0.0546
0.0497909
0.0488044
0.048052
0.0471721
0.0461256
0.0449338
0.0436502
0.0425728
0.0422519
0.0429789
0.0438709
0.0435443
0.0410304
0.0362087
0.0299641
0.0237543
0.0186226
0.0282236
0.0924211
0.0555537
0.0498485
0.04858
0.04776
0.0468712
0.045845
0.0446977
0.0434795
0.0425362
0.042385
0.0432095
0.0440644
0.0435954
0.0409077
0.0359599
0.0296949
0.0235695
0.0185687
0.0282384
0.0929192
0.056604
0.0500223
0.0484149
0.0474986
0.0465919
0.0455857
0.0444846
0.0433381
0.0425394
0.0425548
0.0434611
0.0442604
0.0436362
0.0407691
0.0356966
0.0294179
0.023385
0.0185188
0.0282538
0.0933977
0.0577339
0.0503216
0.0483288
0.0472863
0.0463501
0.0453604
0.0443063
0.0432388
0.0425844
0.0427609
0.0437329
0.044458
0.0436649
0.040612
0.0354166
0.0291331
0.0232018
0.0184737
0.0282696
0.0938592
0.0589265
0.0507517
0.048341
0.0471427
0.0461617
0.0451822
0.0441748
0.0431859
0.042673
0.043006
0.044025
0.0446548
0.0436778
0.0404332
0.0351192
0.0288416
0.0230212
0.0184338
0.0282858
0.0943058
0.0601663
0.0513131
0.048467
0.0470849
0.0460422
0.0450651
0.0441014
0.0431849
0.042815
0.0432944
0.0443356
0.0448465
0.0436708
0.0402312
0.0348053
0.028545
0.0228442
0.0183997
0.0283021
0.09474
0.0614384
0.0520001
0.0487161
0.0471273
0.0460068
0.0450238
0.0440988
0.0432505
0.0430226
0.0436276
0.0446603
0.0450283
0.0436416
0.0400061
0.034476
0.0282446
0.0226719
0.0183718
0.0283184
0.0951639
0.0627285
0.0528019
0.0490921
0.0472818
0.0460702
0.0450722
0.0441796
0.0433986
0.0433016
0.0440018
0.0449934
0.0451966
0.0435892
0.0397583
0.0341321
0.0279416
0.0225055
0.018351
0.0283345
0.0955792
0.0640231
0.0537044
0.0495948
0.0475569
0.0462431
0.0452206
0.0443532
0.0436367
0.04365
0.0444109
0.0453302
0.0453492
0.0435128
0.0394873
0.033774
0.0276375
0.0223468
0.0183382
0.0283503
0.0959866
0.065311
0.0546931
0.0502198
0.047955
0.0465303
0.0454738
0.0446242
0.0439642
0.0440632
0.0448492
0.0456666
0.0454832
0.04341
0.0391919
0.0334026
0.0273348
0.0221977
0.0183345
0.0283656
0.0963872
0.0665843
0.0557525
0.0509566
0.0484719
0.0469307
0.0458324
0.044993
0.0443792
0.0445378
0.0453113
0.0459973
0.0455943
0.043278
0.0388718
0.0330198
0.0270363
0.0220601
0.0183408
0.0283802
0.0967831
0.0678363
0.0568654
0.0517904
0.0490978
0.0474394
0.046294
0.0454562
0.0448784
0.0450664
0.0457882
0.0463152
0.0456777
0.0431147
0.0385274
0.0326282
0.026745
0.0219362
0.0183578
0.0283936
0.0971765
0.0690592
0.0580131
0.0527034
0.0498208
0.0480484
0.046851
0.0460054
0.0454509
0.0456333
0.046268
0.0466133
0.0457299
0.0429193
0.0381603
0.0322312
0.0264643
0.0218273
0.0183858
0.0284052
0.0975677
0.070245
0.0591785
0.0536785
0.0506266
0.048745
0.0474904
0.0466252
0.0460748
0.0462194
0.0467404
0.0468865
0.0457484
0.0426912
0.0377723
0.031832
0.0261967
0.0217345
0.018425
0.0284142
0.097955
0.0713872
0.0603467
0.0546981
0.0514979
0.0495113
0.0481935
0.0472962
0.0467285
0.0468122
0.0471992
0.0471307
0.0457307
0.0424303
0.0373654
0.0314334
0.0259443
0.0216586
0.0184761
0.0284204
0.0983363
0.0724819
0.0615047
0.055744
0.0524141
0.0503267
0.0489411
0.0480008
0.0474005
0.0474066
0.0476383
0.0473404
0.0456736
0.0421362
0.0369413
0.0310386
0.0257098
0.0216013
0.0185402
0.0284238
0.09871
0.0735261
0.0626397
0.056797
0.0533545
0.0511719
0.0497163
0.0487255
0.048085
0.0479939
0.048047
0.0475084
0.0455743
0.0418093
0.036503
0.0306516
0.0254966
0.0215646
0.0186181
0.0284245
0.0990744
0.0745164
0.0637394
0.0578399
0.0543013
0.0520305
0.0505048
0.0494582
0.0487694
0.0485562
0.0484126
0.0476294
0.0454321
0.0414516
0.0360545
0.0302777
0.0253082
0.0215497
0.0187105
0.028422
0.0994273
0.0754495
0.0647941
0.0588587
0.0552396
0.0528879
0.051292
0.0501841
0.0494326
0.0490745
0.048727
0.0477022
0.0452481
0.0410659
0.0356008
0.0299217
0.0251469
0.0215572
0.0188175
0.0284159
0.0997662
0.0763233
0.0657962
0.0598422
0.0561558
0.0537293
0.0520626
0.0508865
0.0500555
0.049539
0.0489884
0.0477272
0.0450235
0.0406554
0.0351467
0.0295878
0.0250143
0.0215875
0.0189396
0.0284061
0.100088
0.077136
0.0667395
0.0607798
0.057037
0.0545407
0.0528025
0.0515514
0.0506292
0.0499479
0.0491959
0.0477031
0.0447587
0.0402234
0.0346974
0.0292799
0.0249118
0.021641
0.0190772
0.0283929
0.100391
0.0778852
0.0676181
0.0616623
0.0578718
0.0553103
0.0534997
0.0521681
0.0511487
0.0502967
0.0493447
0.047627
0.0444546
0.0397744
0.0342585
0.029002
0.0248408
0.0217182
0.0192308
0.0283763
0.10067
0.0785685
0.0684274
0.0624823
0.0586515
0.056028
0.0541437
0.0527272
0.0516063
0.0505771
0.0494291
0.047498
0.044115
0.0393147
0.0338363
0.0287576
0.0248021
0.0218193
0.0194009
0.0283565
0.100921
0.0791848
0.0691644
0.0632345
0.059368
0.0566841
0.0547246
0.0532207
0.051995
0.0507848
0.0494485
0.0473193
0.0437456
0.0388506
0.0334361
0.0285494
0.0247961
0.0219443
0.0195874
0.0283339
0.10114
0.0797338
0.0698268
0.0639136
0.0600138
0.0572703
0.0552356
0.0536444
0.052314
0.0509223
0.0494063
0.0470956
0.0433514
0.0383876
0.0330628
0.0283795
0.024823
0.022093
0.0197907
0.0283089
0.101325
0.0802144
0.0704117
0.0645145
0.0605827
0.0577814
0.0556738
0.053998
0.0525668
0.0509923
0.0493044
0.0468294
0.0429364
0.0379312
0.0327215
0.0282499
0.0248826
0.0222652
0.0200108
0.0282823
0.101473
0.0806242
0.0709164
0.0650338
0.061072
0.0582163
0.0560396
0.054282
0.0527522
0.0509901
0.0491406
0.0465227
0.0425055
0.0374883
0.0324173
0.028162
0.0249746
0.0224604
0.0202477
0.0282548
0.101579
0.0809615
0.0713397
0.0654708
0.0614819
0.0585758
0.0563327
0.0544935
0.0528623
0.0509096
0.0489154
0.0461799
0.0420658
0.0370665
0.0321548
0.0281162
0.0250976
0.0226779
0.0205017
0.0282274
0.101639
0.0812259
0.0716826
0.0658273
0.0618143
0.0588604
0.0565511
0.0546281
0.0528917
0.0507533
0.048636
0.0458088
0.0416254
0.0366726
0.0319366
0.0281116
0.0252503
0.022917
0.0207729
0.0282016
0.10165
0.0814195
0.071948
0.0661063
0.0620708
0.0590695
0.0566929
0.0546849
0.0528458
0.0505354
0.0483132
0.0454169
0.0411908
0.0363115
0.031764
0.0281467
0.0254313
0.0231775
0.021062
0.0281791
0.10161
0.0815458
0.0721401
0.0663107
0.0622525
0.0592033
0.0567597
0.0546703
0.05274
0.0502706
0.0479527
0.0450072
0.0407663
0.0359871
0.0316377
0.0282204
0.02564
0.0234594
0.0213695
0.0281622
0.10152
0.0816093
0.0722622
0.0664424
0.0623604
0.0592642
0.0567575
0.0545949
0.0525874
0.0499611
0.0475515
0.0445803
0.0403567
0.0357038
0.0315589
0.028332
0.0258757
0.0237627
0.0216959
0.0281528
0.101379
0.081612
0.0723156
0.0665025
0.0623973
0.0592576
0.0566941
0.0544664
0.0523889
0.0495984
0.0471065
0.0441392
0.0399684
0.0354662
0.0315282
0.0284804
0.0261378
0.0240872
0.0220414
0.0281531
0.101189
0.0815539
0.0723016
0.0664942
0.0623681
0.0591894
0.0565745
0.0542858
0.0521359
0.0491803
0.0466261
0.043693
0.0396091
0.0352774
0.0315447
0.0286641
0.0264253
0.0244324
0.0224058
0.028165
0.100946
0.081435
0.0722236
0.0664222
0.0622776
0.0590632
0.0563996
0.0540511
0.0518265
0.0487267
0.0461311
0.0432527
0.0392842
0.0351382
0.0316066
0.0288811
0.0267371
0.0247974
0.0227883
0.0281902
0.100649
0.0812585
0.072086
0.0662909
0.0621288
0.0588803
0.0561701
0.053765
0.0514737
0.0482754
0.0456443
0.042825
0.0389955
0.0350474
0.0317116
0.0291295
0.0270715
0.0251807
0.0231879
0.0282301
0.100297
0.0810285
0.0718932
0.0661032
0.0619243
0.0586439
0.0558915
0.0534381
0.051101
0.0478647
0.0451773
0.0424112
0.0387428
0.0350034
0.0318571
0.0294069
0.0274267
0.0255806
0.0236033
0.0282861
0.0998906
0.0807483
0.0716483
0.0658631
0.0616693
0.0583613
0.0555738
0.053084
0.0507259
0.0475311
0.0447544
0.0420252
0.0385315
0.0350057
0.0320403
0.0297107
0.0278005
0.0259955
0.0240333
0.0283595
0.0994298
0.0804204
0.0713565
0.0655775
0.0613724
0.0580425
0.0552279
0.0527128
0.0503482
0.0472069
0.0443585
0.0416756
0.0383666
0.0350534
0.0322583
0.0300381
0.028191
0.0264239
0.0244768
0.0284517
0.0989135
0.0800504
0.0710258
0.0652559
0.0610437
0.0576973
0.0548619
0.0523286
0.0499609
0.046876
0.0439913
0.0413694
0.0382504
0.0351444
0.032508
0.0303871
0.028597
0.0268651
0.0249332
0.0285636
0.0983418
0.079646
0.0706653
0.0649072
0.0606916
0.0573329
0.0544814
0.0519345
0.0495646
0.0465506
0.0436633
0.0411136
0.0381831
0.0352755
0.0327866
0.0307563
0.0290182
0.0273188
0.0254018
0.0286964
0.0977165
0.0792149
0.0702828
0.064539
0.0603231
0.0569559
0.0540929
0.0515372
0.0491704
0.0462496
0.0433888
0.0409132
0.0381635
0.035444
0.0330926
0.0311457
0.0294548
0.0277851
0.0258824
0.0288508
0.0970386
0.0787623
0.069885
0.0641586
0.0599456
0.056574
0.0537046
0.0511472
0.0487951
0.045989
0.0431739
0.0407691
0.0381898
0.0356479
0.0334252
0.0315552
0.0299074
0.0282644
0.0263748
0.0290269
0.0963068
0.0782938
0.0694799
0.0637745
0.0595675
0.0561954
0.0533252
0.0507745
0.0484509
0.0457721
0.0430155
0.0406793
0.0382605
0.0358858
0.0337841
0.0319855
0.0303765
0.0287568
0.0268785
0.0292236
0.0955194
0.0778174
0.0690767
0.0633954
0.0591964
0.055827
0.0529615
0.0504262
0.0481418
0.0455941
0.0429085
0.0406418
0.0383743
0.036157
0.0341689
0.0324368
0.0308625
0.0292623
0.0273923
0.029439
0.0946767
0.0773402
0.0686824
0.0630274
0.058838
0.0554746
0.0526199
0.0501083
0.0478703
0.0454524
0.0428499
0.0406555
0.0385303
0.0364602
0.034579
0.0329087
0.0313649
0.0297796
0.027914
0.02967
0.0937789
0.076865
0.0683015
0.0626759
0.0584986
0.0551455
0.0523083
0.0498279
0.0476409
0.045347
0.0428392
0.0407203
0.0387281
0.0367947
0.0350132
0.0334
0.0318823
0.0303072
0.0284417
0.0299133
0.0928214
0.0763903
0.0679375
0.0623474
0.0581869
0.0548501
0.0520372
0.049594
0.0474591
0.0452812
0.0428786
0.040838
0.0389682
0.0371601
0.0354703
0.033909
0.0324132
0.0308433
0.0289732
0.0301655
0.0917948
0.0759145
0.067596
0.0620513
0.0579147
0.0546007
0.0518178
0.049415
0.0473306
0.0452613
0.0429741
0.0410128
0.0392522
0.0375552
0.0359482
0.0344339
0.0329561
0.0313871
0.0295075
0.0304235
0.0906876
0.0754381
0.0672842
0.0617987
0.0576941
0.0544084
0.0516587
0.0492971
0.0472619
0.0452981
0.0431348
0.041248
0.0395793
0.0379781
0.0364451
0.0349734
0.0335107
0.0319384
0.0300435
0.0306833
0.089489
0.074961
0.0670082
0.0615986
0.0575346
0.0542812
0.0515662
0.0492463
0.0472615
0.0454046
0.0433654
0.0415421
0.0399466
0.0384267
0.0369599
0.0355277
0.0340774
0.0324971
0.0305798
0.0309402
0.0881865
0.0744774
0.0667691
0.0614559
0.0574415
0.0542243
0.0515452
0.0492686
0.0473376
0.045585
0.0436591
0.0418869
0.0403503
0.0389005
0.0374936
0.0360973
0.0346559
0.0330611
0.0311126
0.0311885
0.086761
0.0739739
0.0665618
0.0613703
0.057417
0.0542415
0.0516009
0.04937
0.0474939
0.0458321
0.044003
0.0422746
0.040789
0.0394013
0.0380478
0.036682
0.035243
0.0336257
0.0316362
0.0314221
0.0851837
0.0734294
0.066374
0.061336
0.0574596
0.0543347
0.0517378
0.0495544
0.0477281
0.0461366
0.0443901
0.0427052
0.0412668
0.0399329
0.0386231
0.0372785
0.0358328
0.0341839
0.0321447
0.0316358
0.0834136
0.0728127
0.0661841
0.06134
0.0575628
0.0545029
0.0519576
0.0498215
0.0480359
0.0464963
0.0448248
0.0431871
0.0417905
0.0404974
0.0392163
0.0378795
0.0364172
0.0347284
0.0326321
0.0318248
0.0813923
0.0720766
0.0659559
0.0613585
0.0577115
0.0547371
0.0522546
0.0501666
0.0484151
0.0469174
0.0453168
0.0437269
0.0423606
0.0410892
0.0398183
0.038475
0.0369864
0.0352509
0.0330916
0.0319827
0.0790274
0.0711484
0.0656315
0.0613508
0.0578761
0.0550138
0.0526104
0.0505769
0.0488606
0.0474041
0.0458666
0.0443162
0.0429636
0.0416933
0.0404141
0.0390513
0.0375271
0.0357392
0.0335125
0.0320999
0.0761575
0.0699146
0.0651179
0.061247
0.058002
0.055286
0.0529846
0.0510215
0.0493512
0.0479403
0.0464435
0.0449209
0.0435666
0.0422813
0.0409796
0.0395857
0.0380178
0.0361715
0.0338753
0.032161
0.0724662
0.0681911
0.0642643
0.0609248
0.057992
0.0554711
0.0533038
0.0514349
0.0498274
0.048454
0.0469826
0.0454798
0.0441155
0.0428057
0.0414709
0.0400355
0.0384158
0.0365074
0.0341456
0.032143
0.0672089
0.0656307
0.0628127
0.0601691
0.0576704
0.0554236
0.0534413
0.0517008
0.0501764
0.0488403
0.0473825
0.0458953
0.0445191
0.04318
0.0418044
0.0403183
0.0386421
0.0366781
0.0342703
0.0320145
0.0576829
0.0613388
0.0602478
0.0585872
0.0567125
0.0548705
0.0531604
0.0516052
0.0501978
0.0489143
0.0474533
0.0459855
0.044601
0.0432319
0.0418123
0.0402773
0.0385585
0.0365716
0.0341696
0.0317307
0.0221489
0.0507926
0.054745
0.0551774
0.0544165
0.0532499
0.0519777
0.0507129
0.0494896
0.0482533
0.0467709
0.0453415
0.043966
0.0425858
0.0411498
0.0396111
0.0379184
0.0360019
0.0337187
0.0312242
0.00775344
0.0321879
0.044318
0.0484498
0.0495683
0.0494893
0.0489019
0.0480832
0.047141
0.045802
0.0443094
0.0429754
0.0416901
0.0404098
0.0391016
0.0377348
0.0362713
0.0346452
0.0327096
0.0303869
0.0105613
0.00878932
0.0271392
0.0364595
0.0402685
0.0416628
0.041942
0.0416533
0.0401333
0.0385522
0.0373995
0.0364981
0.0356986
0.0349655
0.0342663
0.0335627
0.0328112
0.0319299
0.0307721
0.029038
0.00359702
0.00700083
0.00683595
0.0136312
0.0178661
0.0195691
0.0198259
0.0193657
0.0197956
0.0206886
0.0216438
0.0225192
0.0233904
0.0242614
0.0251081
0.0258926
0.0265829
0.0270649
0.0273212
0.0269212
0.00264824
0.00273828
0.00542739
0.00501887
0.00485775
0.0046832
0.00484285
0.00542154
0.00635848
0.007578
0.00901605
0.0106078
0.0122948
0.0140244
0.0157682
0.0175135
0.0193283
0.020611
0.0213697
0.0222491
0.00244605
0.00260662
0.00307728
0.00362845
0.0042272
0.00482131
0.00537595
0.00590191
0.00645197
0.007081
0.00782548
0.00870184
0.00970888
0.0108327
0.0121153
0.0135529
0.0144501
0.0164254
0.0192614
0.0220674
0.00224424
0.00246703
0.00290771
0.00349406
0.00421202
0.00500853
0.00582659
0.00661343
0.00731887
0.00791962
0.00843164
0.00890777
0.0094177
0.0100171
0.0107484
0.0111993
0.0127295
0.0153866
0.0186669
0.0223631
0.00825423
0.00234229
0.00276673
0.00337312
0.00414815
0.00503793
0.00599051
0.00694671
0.00783276
0.00857159
0.00911342
0.00947167
0.00972996
0.0100028
0.0100495
0.0103656
0.0121161
0.0150145
0.0184873
0.0227278
0.0073015
0.008906
0.00266777
0.00328586
0.00409922
0.00505008
0.00609004
0.00715846
0.00817287
0.00903455
0.00965828
0.0100156
0.0101703
0.0102037
0.00968493
0.00996742
0.0118602
0.0149008
0.0184516
0.0230568
0.00679862
0.00810835
0.002615
0.00324448
0.00409203
0.00509492
0.00620614
0.0073638
0.00847551
0.00942919
0.0101228
0.0105056
0.0106204
0.010419
0.00953932
0.00985229
0.0118121
0.0149279
0.0184788
0.0233271
0.00645911
0.00754876
0.00262065
0.00326151
0.00414572
0.00519975
0.00637968
0.00761889
0.00881024
0.0098253
0.0105533
0.0109412
0.0110234
0.0106308
0.00964209
0.00989749
0.0118964
0.0150469
0.0185451
0.0235422
0.00625103
0.00717776
0.0111001
0.00334882
0.0042762
0.00538499
0.00663598
0.00795426
0.00921074
0.0102522
0.0109611
0.0112969
0.0112952
0.01078
0.00970821
0.00998704
0.0120666
0.0152394
0.0186453
0.0237147
0.00614091
0.00698448
0.0110671
0.00351188
0.00449483
0.00566348
0.00698843
0.00838269
0.00968681
0.0107166
0.0113442
0.0115481
0.0113411
0.0107287
0.00967271
0.0100886
0.0123084
0.0154988
0.0187773
0.0238619
0.00607618
0.00694957
0.0113115
0.0037532
0.00480236
0.00603363
0.00743196
0.00889348
0.0102243
0.011206
0.0117111
0.0117534
0.0111834
0.0103093
0.00947246
0.010205
0.0126266
0.0158172
0.0189286
0.0239926
0.00604336
0.00705064
0.0118439
0.00406707
0.00518401
0.00647444
0.00793883
0.00944955
0.0107802
0.0116886
0.0120976
0.0121884
0.0111778
0.00938428
0.00910794
0.0104093
0.013049
0.0161944
0.0191153
0.0241069
0.0060331
0.00727127
0.0126024
0.00442505
0.00560728
0.0069455
0.00846068
0.00999134
0.0112897
0.0121205
0.0125718
0.0134182
0.0124699
0.00742178
0.00865221
0.0109058
0.013745
0.0166689
0.0193073
0.0241485
0.00603841
0.00758671
0.0135246
0.00478682
0.00602895
0.00739674
0.00893893
0.010454
0.0116921
0.0124607
0.0131381
0.0151355
0.0146447
0.00821591
0.00963789
0.0119095
0.0145468
0.0171239
0.0194809
0.0241371
0.00605514
0.0079606
0.0145106
0.00511715
0.00640972
0.00778385
0.00932816
0.0108016
0.0119751
0.0127326
0.0133593
0.01443
0.0139806
0.0108469
0.0113272
0.0131364
0.015344
0.0175192
0.0196221
0.0240861
0.00607968
0.00836416
0.015488
0.0053955
0.00673632
0.00815999
0.00965253
0.0110624
0.012171
0.0129201
0.0135228
0.0141786
0.0137846
0.0125562
0.0129024
0.0142696
0.0160349
0.0178331
0.0197212
0.0240037
0.00609997
0.00873456
0.0163582
0.00562002
0.00699094
0.00841036
0.00986258
0.0112028
0.0122491
0.0129794
0.0135637
0.0140901
0.0139612
0.0136686
0.0141228
0.01518
0.0165737
0.0180565
0.0197713
0.023893
0.0061099
0.00902493
0.0170233
0.00576881
0.00715132
0.0085477
0.00994906
0.0112252
0.0122228
0.0129347
0.0135084
0.0140325
0.0142179
0.0144163
0.0149796
0.0158383
0.0169501
0.018188
0.0197689
0.0237529
0.00610756
0.00921647
0.0174455
0.00584099
0.00721589
0.00857223
0.00991503
0.0111327
0.0120935
0.0127912
0.0133616
0.0139268
0.0143889
0.0148742
0.0155176
0.0162574
0.0171709
0.0182309
0.0197129
0.0235783
0.00609213
0.00929108
0.0175947
0.00583982
0.00719176
0.00849867
0.00978144
0.0109485
0.0118818
0.0125664
0.0131317
0.0137459
0.0144186
0.0150821
0.0157857
0.0164637
0.0172493
0.0181896
0.0196033
0.0233615
0.00606238
0.0092302
0.0174364
0.00576878
0.00709387
0.00834468
0.00957158
0.0106977
0.011613
0.0122863
0.0128398
0.0134986
0.0142945
0.0150723
0.0158258
0.0164837
0.0171986
0.0180674
0.0194397
0.0230949
0.00601658
0.00902189
0.0169858
0.00563761
0.00692142
0.00812756
0.00930516
0.0103969
0.011302
0.0119666
0.012495
0.0131497
0.0140215
0.0148728
0.0156738
0.0163422
0.0170308
0.0178679
0.0192223
0.0227735
0.00595441
0.00866587
0.0162367
0.00544655
0.00669147
0.00785931
0.00899295
0.0100515
0.0109482
0.0116096
0.0121096
0.0127217
0.0136215
0.0145152
0.0153648
0.0160645
0.0167602
0.0175969
0.018953
0.0223963
0.0058806
0.00817692
0.0152118
0.00520184
0.00640908
0.00754481
0.00863807
0.00966146
0.0105459
0.0112091
0.0116878
0.012236
0.0131288
0.0140412
0.014938
0.0156806
0.0164054
0.0172645
0.0186365
0.0219649
0.00580686
0.00758549
0.0139502
0.0049072
0.00607503
0.00718217
0.00823823
0.00922561
0.0100936
0.0107646
0.0112417
0.0117237
0.0125779
0.0134593
0.0144374
0.0152243
0.0159882
0.0168823
0.0182771
0.0214805
0.00575102
0.00693499
0.0125059
0.00456168
0.0056865
0.00676564
0.00778872
0.00874373
0.00959613
0.0102821
0.0107823
0.0112224
0.0120383
0.012889
0.0139039
0.0147258
0.0155271
0.016459
0.0178755
0.0209417
0.00573407
0.00627528
0.0109459
0.00415978
0.00523863
0.00628883
0.00728345
0.00821546
0.00906092
0.00977102
0.0103142
0.010755
0.0115231
0.0123655
0.0133602
0.0142008
0.0150309
0.0159957
0.0174269
0.0203449
0.005775
0.00565289
0.00929849
0.00375218
0.00474388
0.00574704
0.00671645
0.00763747
0.00849062
0.00923887
0.00984785
0.0103465
0.0110033
0.0118333
0.0128017
0.0136471
0.0144959
0.0154861
0.0169218
0.0196862
0.00588539
0.00512171
0.00768917
0.0131094
0.00419977
0.00514056
0.00608154
0.00699893
0.00787141
0.00866772
0.00935109
0.00991419
0.0104662
0.0112532
0.0121776
0.0130515
0.0139141
0.0149234
0.016353
0.0189643
0.00606463
0.00472872
0.00621965
0.0102484
0.00361821
0.00447631
0.00537392
0.0062817
0.00717194
0.00801285
0.0087628
0.009383
0.00987415
0.0105842
0.0113991
0.0124085
0.0132862
0.014309
0.0157201
0.0181792
0.00629916
0.00450779
0.00503021
0.0077148
0.0123738
0.00376611
0.00459693
0.00547038
0.00635953
0.00722912
0.00803584
0.00873026
0.00927594
0.00992596
0.0107328
0.0117357
0.0126293
0.0136563
0.0150305
0.0173229
0.00656751
0.00446208
0.0042024
0.00564905
0.00870817
0.00305392
0.00377387
0.00456603
0.0054141
0.00627762
0.00711567
0.00787993
0.0085338
0.0091333
0.00993761
0.0108874
0.0119643
0.0129774
0.0142837
0.0163628
0.00685038
0.00456127
0.00376562
0.00425455
0.00593343
0.0088801
0.00295049
0.00360724
0.00435452
0.00515368
0.00597467
0.00676946
0.00750177
0.00815197
0.00897731
0.010011
0.0112332
0.0122537
0.0134445
0.0152121
0.00713758
0.00475213
0.00364651
0.0035186
0.00415179
0.00562576
0.00806743
0.00268857
0.00326379
0.00392088
0.00464946
0.00539646
0.0061193
0.00679217
0.00746679
0.00849849
0.00976657
0.0113378
0.0123651
0.0136314
0.00742726
0.00498539
0.0037127
0.00328029
0.00331341
0.00377811
0.00478756
0.00647592
0.0090086
0.00273723
0.00328363
0.00387781
0.00448795
0.00506865
0.00557473
0.00611864
0.00690707
0.00792093
0.00948287
0.00990109
0.00771877
0.00522889
0.00384718
0.00328752
0.00308722
0.00307988
0.00327318
0.00374719
0.00460262
0.00594544
0.00795038
0.0024668
0.00287098
0.00326817
0.00358331
0.00374699
0.00376312
0.00365223
0.00314202
0.00220103
0.00800722
0.00546495
0.00399009
0.00336148
0.0030945
0.00296391
0.00289925
0.00289696
0.0029828
0.00319952
0.00359219
0.00420669
0.0050483
0.00633854
0.0081156
0.010419
0.00265953
0.00268788
0.00233616
0.00145434
0.00828488
0.0056859
0.00412356
0.00343864
0.00314512
0.00299588
0.0028996
0.00282567
0.00276512
0.00272135
0.00269938
0.00270457
0.00274079
0.00282284
0.00298713
0.00331922
0.00399239
0.00523926
0.00656698
0.0047282
0.00854825
0.00589465
0.00425004
0.00351212
0.00319839
0.00304459
0.00294981
0.00287646
0.0028104
0.0027503
0.00269856
0.00265962
0.0026343
0.00262444
0.00262713
0.00264188
0.00267058
0.00272107
0.00281447
0.00294136
0.00880336
0.00610322
0.00437934
0.00358949
0.0032556
0.00309603
0.00300097
0.00292761
0.00285968
0.00279453
0.0027347
0.00268542
0.00264781
0.00262459
0.00261504
0.00261886
0.00263997
0.00268752
0.0027964
0.0029358
0.00906391
0.00632509
0.00451973
0.00367625
0.0033191
0.00314905
0.00304777
0.00296879
0.00289528
0.00282458
0.00275969
0.00270573
0.00266395
0.0026353
0.00262006
0.00261742
0.00263278
0.00267573
0.00278687
0.00293111
0.00934356
0.00656586
0.00467181
0.00377048
0.00338499
0.00319891
0.00308599
0.00299766
0.00291742
0.00284292
0.00277711
0.00272314
0.00268179
0.00265135
0.00263009
0.00261951
0.00262729
0.00266753
0.00277599
0.00292591
0.00964819
0.00681824
0.00482748
0.00386407
0.00344571
0.00324002
0.00311345
0.00301593
0.00293138
0.00285681
0.00279383
0.00274272
0.00270227
0.00266924
0.00263939
0.00261841
0.00261907
0.00265668
0.00276815
0.00292639
0.00997119
0.00706539
0.00497463
0.00394788
0.00349567
0.00327052
0.00313278
0.00302985
0.00294556
0.0028749
0.00281666
0.00276878
0.00272733
0.0026885
0.00264908
0.00261874
0.0026142
0.00265225
0.00277006
0.00293492
0.0102975
0.00729014
0.00510409
0.00401714
0.00353465
0.00329365
0.00315015
0.00304707
0.00296703
0.00290276
0.00284899
0.00280204
0.00275686
0.0027098
0.00266179
0.00262568
0.00261939
0.00266252
0.00278445
0.00295114
0.0106133
0.00748371
0.00521396
0.00407316
0.00356691
0.00331525
0.0031714
0.00307234
0.00299777
0.00293924
0.00288799
0.00283866
0.00278742
0.00273231
0.00267901
0.00264049
0.00263746
0.00268671
0.00281193
0.00297462
0.0109138
0.00764659
0.00530801
0.00412051
0.00359747
0.0033394
0.00319804
0.00310467
0.00303415
0.00297749
0.0029254
0.00287131
0.00281352
0.00275328
0.00269821
0.00266142
0.00266428
0.00272138
0.00285027
0.003003
0.0112028
0.00778484
0.00539179
0.00416268
0.00362909
0.00336648
0.00322671
0.00313757
0.00306829
0.00300892
0.00295217
0.00289261
0.00283067
0.00276917
0.00271538
0.00268376
0.00269485
0.00276163
0.0028946
0.00303312
0.0114891
0.00790307
0.00546922
0.00419971
0.00366048
0.00339404
0.00325221
0.00316327
0.00309228
0.00302779
0.00296452
0.00290082
0.00283721
0.00277712
0.00272813
0.00270384
0.0027247
0.00280219
0.00293972
0.00306268
0.01178
0.00800065
0.00554193
0.00423004
0.00368728
0.00341933
0.00327168
0.0031781
0.0031031
0.00303373
0.00296647
0.00289984
0.00283638
0.00277977
0.00273677
0.00272041
0.00275126
0.00283955
0.00298196
0.00309093
0.0120795
0.00807303
0.00561038
0.00425458
0.00370483
0.00343979
0.00328698
0.00318594
0.00310569
0.00303346
0.00296403
0.00289737
0.00283594
0.00278271
0.00274484
0.00273519
0.00277495
0.00287343
0.00302084
0.0031189
0.0123893
0.0081137
0.00567389
0.00427928
0.00371344
0.00345308
0.00330141
0.00319619
0.00311148
0.00303639
0.00296651
0.00290116
0.00284187
0.00279104
0.00275642
0.00275149
0.00279853
0.00290601
0.00305807
0.00314818
0.0127125
0.00811787
0.00572587
0.00431322
0.00372286
0.00346099
0.00331524
0.00321328
0.00312836
0.00305274
0.00298254
0.00291751
0.00285878
0.00280843
0.00277477
0.00277227
0.00282493
0.00294013
0.00309617
0.00318013
0.0130551
0.00809657
0.00574817
0.00435745
0.00374927
0.00347684
0.00333247
0.00323579
0.00315503
0.00308179
0.00301239
0.00294708
0.00288726
0.00283542
0.0028008
0.00279873
0.00285539
0.00297702
0.00313631
0.0032147
0.0134202
0.00811346
0.00570851
0.00438759
0.00379024
0.00351518
0.00336758
0.00327153
0.00319264
0.00312086
0.00305181
0.00298551
0.00292338
0.00286866
0.00283193
0.00282915
0.00288871
0.0030158
0.00317775
0.0032501
0.0137937
0.00826767
0.00563955
0.00437353
0.00380356
0.00354455
0.00340399
0.00331128
0.003234
0.00316263
0.00309283
0.00302486
0.00295994
0.00290198
0.00286284
0.00285919
0.00292135
0.00305362
0.00321842
0.00328401
0.0141159
0.00862178
0.00574759
0.00441807
0.00383486
0.00357546
0.00343707
0.00334603
0.00326926
0.00319748
0.00312614
0.00305606
0.00298851
0.00292794
0.00288709
0.00288333
0.00294851
0.00308606
0.00325444
0.00331411
)
;

boundaryField
{
    wall
    {
        type            compressible::alphatJayatillekeWallFunction;
        Prt             0.85;
        value           uniform 0;
    }
    inlet
    {
        type            calculated;
        value           uniform 0.189515;
    }
    outlet
    {
        type            calculated;
        value           nonuniform List<scalar> 
20
(
0.0539411
0.0474924
0.0551451
8.06525
8.06525
8.06525
8.06525
8.06525
8.06525
8.06525
8.06525
8.06525
0.0604933
0.0594456
0.058508
0.0579873
0.0578008
0.0577755
0.0577278
0.0781892
)
;
    }
    heatWall
    {
        type            compressible::alphatJayatillekeWallFunction;
        Prt             0.85;
        value           nonuniform List<scalar> 
840
(
0.00015853
0.000157349
0.000156235
0.000155176
0.000154153
0.000153129
0.000152098
0.000151059
0.000150017
0.000148975
0.000147939
0.000146914
0.000145901
0.000144902
0.000143914
0.000142932
0.000141952
0.000140964
0.000139961
0.000138938
0.000137887
0.000136726
0.000135479
0.000134178
0.000132857
0.000131548
0.000130041
0.000128674
0.000127431
0.000126294
0.000125247
0.000124274
0.000123359
0.000122484
0.000121632
0.00012079
0.000119945
0.00011909
0.000118221
0.000117338
0.000116444
0.000115541
0.000114635
0.000113728
0.000112823
0.000111922
0.000111026
0.000110137
0.000109254
0.000108377
3.62324e-11
3.45971e-11
3.28869e-11
3.09522e-11
2.88779e-11
2.67712e-11
2.47958e-11
2.31368e-11
2.19625e-11
2.13817e-11
2.14005e-11
2.18948e-11
2.26253e-11
2.33235e-11
2.38251e-11
2.41412e-11
2.44015e-11
2.47535e-11
2.53177e-11
2.61526e-11
2.72096e-11
2.83457e-11
2.93828e-11
3.01815e-11
3.06911e-11
3.09496e-11
3.104e-11
3.10359e-11
3.09696e-11
3.08299e-11
3.05868e-11
3.0224e-11
2.97552e-11
2.92156e-11
2.86382e-11
2.80338e-11
2.73891e-11
4.19919e-07
1.19597e-06
1.93542e-06
2.61338e-06
3.22409e-06
3.78613e-06
4.338e-06
4.92463e-06
5.58023e-06
6.31411e-06
7.10558e-06
7.91076e-06
8.68134e-06
9.3875e-06
1.00345e-05
1.06668e-05
1.1346e-05
1.21222e-05
1.30149e-05
1.40049e-05
1.50424e-05
1.60564e-05
1.69879e-05
1.78164e-05
1.85676e-05
1.93059e-05
2.0096e-05
2.09783e-05
2.19601e-05
2.30154e-05
2.40873e-05
2.51105e-05
2.60361e-05
2.68482e-05
2.75633e-05
2.82209e-05
2.88675e-05
2.95347e-05
3.02399e-05
3.09867e-05
3.17687e-05
3.25727e-05
3.33851e-05
3.41864e-05
3.49561e-05
3.56766e-05
3.63398e-05
3.69519e-05
3.75359e-05
3.81278e-05
3.87682e-05
3.9492e-05
4.03183e-05
4.12468e-05
4.22586e-05
4.33229e-05
4.44078e-05
4.54914e-05
4.65692e-05
4.76552e-05
4.87824e-05
4.99805e-05
5.12727e-05
5.26686e-05
5.41712e-05
5.57654e-05
5.74258e-05
5.91229e-05
6.08303e-05
6.25311e-05
6.42201e-05
6.59128e-05
6.76245e-05
6.93709e-05
7.1163e-05
7.30013e-05
7.48684e-05
7.67205e-05
7.84839e-05
7.95382e-05
7.91153e-05
7.85109e-05
7.75294e-05
7.80257e-05
7.85099e-05
7.89721e-05
7.94066e-05
7.98088e-05
8.01924e-05
8.05808e-05
8.0999e-05
8.14748e-05
8.20341e-05
8.26953e-05
8.34642e-05
8.43311e-05
8.52915e-05
8.63027e-05
8.73066e-05
8.82414e-05
8.90749e-05
8.98086e-05
9.04546e-05
9.10421e-05
9.16093e-05
9.21944e-05
9.28277e-05
9.35267e-05
9.42946e-05
9.51224e-05
9.5993e-05
9.68862e-05
9.77843e-05
9.86758e-05
9.95581e-05
0.000100436
0.000101317
0.000102214
0.000103133
0.000104081
0.000105059
0.000106066
0.000107099
0.00136175
0.00134588
0.00133037
0.00131535
0.00130089
0.00128702
0.00127375
0.00126109
0.00124905
0.00123762
0.00122678
0.00121654
0.00120687
0.00119775
0.00118916
0.0011811
0.00117353
0.00116644
0.00115983
0.00115368
0.00114798
0.00114273
0.0011379
0.00113351
0.00112952
0.00112595
0.00112277
0.00111998
0.00111758
0.00111556
0.00111391
0.00111263
0.0011117
0.0011111
0.00111084
0.00111089
0.00111125
0.00111189
0.0011128
0.00111396
0.00111535
0.00111696
0.00111876
0.00112074
0.00112286
0.00112511
0.00112746
0.00112989
0.00113238
0.00113489
0.00113741
0.0011399
0.00114233
0.00114466
0.00114686
0.00114891
0.00115078
0.00115244
0.00115387
0.00115505
0.00115596
0.00115658
0.00115691
0.00115696
0.00115672
0.00115621
0.00115545
0.00115446
0.00115328
0.00115197
0.00115056
0.00114914
0.00114777
0.00114653
0.0011455
0.00114475
0.00114437
0.00114442
0.00114499
0.00114614
0.00114794
0.00115046
0.00115375
0.00115784
0.00116274
0.00116846
0.00117498
0.00118228
0.00119031
0.00119898
0.00120818
0.00121778
0.00122763
0.00123759
0.00124745
0.00125697
0.00126578
0.00127343
0.00127926
0.00128232
0.0012812
0.00127352
0.00125484
0.00121306
0.00110853
0.00107414
0.00105568
0.00104416
0.00103618
0.00103014
0.00102527
0.0010211
0.00101737
0.00101395
0.00100996
0.00100438
0.000997349
0.000988978
0.000979324
0.000968399
0.000956159
0.000942512
0.000927339
0.000910524
0.000891993
0.000871739
0.000849803
0.000826238
0.000801081
0.000774352
0.000746066
0.000716245
0.000684896
0.000651885
0.000616711
0.00057807
0.000532438
0.000455289
0.000252598
0.000114973
6.6894e-12
2.33794e-11
3.78766e-11
4.91112e-11
5.61889e-11
6.0054e-11
6.15898e-11
6.15419e-11
6.01146e-11
5.77639e-11
5.49833e-11
5.2191e-11
4.96355e-11
4.73481e-11
4.51962e-11
4.29501e-11
4.04374e-11
3.83104e-11
3.86595e-11
3.61994e-11
0.00236175
0.00233845
0.00231708
0.00229702
0.00227852
0.00226169
0.00224629
0.00223175
0.00221737
0.00220264
0.00218802
0.00217488
0.00216355
0.00215382
0.00214529
0.00213735
0.00212917
0.00211977
0.00210473
0.00207875
0.00203915
0.0019858
0.00191992
0.00184446
0.00176621
0.00169817
0.00165794
0.00165227
0.00166072
0.00166765
0.00167007
0.00166742
0.00165844
0.00164336
0.00162539
0.00160753
0.0015899
0.0015725
0.00155528
0.00153823
0.00152134
0.00150461
0.00148801
0.00147156
0.00145526
0.00143911
0.00142311
0.00140726
0.00139182
0.00137728
6.55766e-05
6.74899e-05
7.12392e-05
7.28679e-05
7.4761e-05
7.66404e-05
7.83521e-05
7.93351e-05
7.98754e-05
8.01864e-05
8.03802e-05
8.05411e-05
8.07387e-05
8.10206e-05
8.13909e-05
8.18044e-05
8.21839e-05
8.24587e-05
8.2605e-05
8.26596e-05
8.27007e-05
8.28045e-05
8.30041e-05
8.32714e-05
8.35324e-05
8.37093e-05
8.37627e-05
8.37083e-05
8.36082e-05
8.35313e-05
8.35161e-05
8.35565e-05
8.36185e-05
8.36661e-05
8.36865e-05
8.36985e-05
8.37403e-05
8.38464e-05
8.40289e-05
8.427e-05
8.4531e-05
8.47707e-05
8.49645e-05
8.51129e-05
8.52376e-05
8.53674e-05
8.55234e-05
8.57113e-05
8.59226e-05
8.61426e-05
8.63606e-05
8.65761e-05
8.67986e-05
8.70415e-05
8.73119e-05
8.76018e-05
8.78913e-05
8.81573e-05
8.8386e-05
8.85806e-05
8.87586e-05
8.89421e-05
8.91435e-05
8.93558e-05
8.95513e-05
8.9695e-05
8.97625e-05
8.97803e-05
8.97953e-05
8.98619e-05
9.00212e-05
9.02794e-05
9.05979e-05
9.09402e-05
9.1234e-05
9.14067e-05
9.14192e-05
9.12998e-05
9.11531e-05
9.10757e-05
9.11502e-05
9.14143e-05
9.18557e-05
9.24356e-05
9.31045e-05
9.37521e-05
9.42772e-05
9.46176e-05
9.47662e-05
9.47618e-05
9.47015e-05
9.46752e-05
9.47289e-05
9.48789e-05
9.51121e-05
9.54018e-05
9.57188e-05
9.60576e-05
9.64048e-05
9.67537e-05
9.70978e-05
9.74241e-05
9.77096e-05
9.7927e-05
9.80539e-05
9.80833e-05
9.80299e-05
9.79334e-05
9.7861e-05
9.78544e-05
9.79311e-05
9.80782e-05
9.82885e-05
9.85171e-05
9.87136e-05
9.8838e-05
9.8875e-05
9.88376e-05
9.87664e-05
9.87463e-05
9.88272e-05
9.90398e-05
9.93874e-05
9.98439e-05
0.000100372
0.000100938
0.000101487
0.000101969
0.000102355
0.000102631
0.000102805
0.000102895
0.000102924
0.00010292
0.000102905
0.000102897
0.000102905
0.000102937
0.000102995
0.000103082
0.000103203
0.000103363
0.000103572
0.000103848
0.000104198
0.000104621
0.000105106
0.000105633
0.000106184
0.00010673
0.000107243
0.000107714
0.000108154
0.00010859
0.000109054
0.000109568
0.000110126
0.000110681
0.000111147
0.000111346
0.000158517
0.000158972
0.00016074
0.000158724
0.000155421
0.000153032
0.000151767
0.000150927
0.000150012
0.000148937
0.000147801
0.000146683
0.000145589
0.000144497
0.000143392
0.000142275
0.000141155
0.000140041
0.000138942
0.000137864
0.000136791
0.000135475
0.000134188
0.000132951
0.000131789
0.000130951
0.000129853
0.000128841
0.000127892
0.000126981
0.000126063
0.000125115
0.000124133
0.000123125
0.000122103
0.000121085
0.000120092
0.000119144
0.000118259
0.000117446
0.000116698
0.000116025
0.000115429
0.000114897
0.000114408
0.000113922
0.000113366
0.000112721
0.000112004
0.000111269
0.00344705
0.00341607
0.00338664
0.00335751
0.00332855
0.00329961
0.00327062
0.00324155
0.00321239
0.00318312
0.00315375
0.00312427
0.00309469
0.00306501
0.00303523
0.00300538
0.00297548
0.00294558
0.00291573
0.00288601
0.00285651
0.0028273
0.00279847
0.0027701
0.00274222
0.00271488
0.00268809
0.00266184
0.0026361
0.00261082
0.00258594
0.00256137
0.00253707
0.00251304
0.00248908
0.00247174
0.00247773
0.00249077
0.00250806
0.00252829
0.00255082
0.00257536
0.00260176
0.00263
0.00266009
0.00269202
0.00272485
0.00275725
0.00278928
0.00282101
0.00285681
0.0028878
0.00291852
0.00294902
0.00297935
0.00300954
0.00303961
0.00306957
0.00309946
0.00312929
0.00315911
0.00318892
0.00321873
0.00324856
0.00327841
0.00330825
0.00333798
0.0033673
0.00339531
0.00342203
0.00344783
0.00347307
0.00349808
0.00352314
0.00354843
0.00357415
0.00360042
0.00362735
0.00365492
0.00368308
0.00371148
0.00373963
0.00376661
0.00379254
0.00381755
0.00384176
0.00386526
0.00388816
0.00391054
0.0039325
0.00395411
0.00397546
0.00399659
0.00401757
0.00403842
0.00405918
0.00407984
0.00410043
0.00412089
0.00414121
0.00416133
0.00418119
0.00420071
0.00421977
0.00423822
0.00425595
0.00427284
0.00428875
0.00430354
0.00431709
0.00432925
0.00433986
0.00434879
0.00435592
0.00436118
0.00436448
0.00436574
0.00436492
0.00436197
0.00435686
0.00434959
0.00434018
0.00432862
0.00431491
0.00429906
0.00428111
0.00426115
0.00423923
0.00421539
0.00418966
0.00416207
0.00413262
0.00410125
0.00406791
0.00403252
0.003995
0.0039552
0.00391284
0.00386761
0.0038191
0.00376679
0.00370996
0.00364765
0.00357849
0.00350063
0.0034113
0.00330612
0.00317748
0.00301018
0.00275917
0.00200228
0.00125895
0.000348321
0.000112077
8.55698e-05
7.31638e-05
6.01316e-05
4.67691e-05
3.57938e-05
2.67023e-05
2.03794e-05
1.58622e-05
1.26834e-05
1.05446e-05
9.12441e-06
8.22361e-06
7.69154e-06
7.40989e-06
7.29818e-06
7.23688e-06
7.15157e-06
7.00539e-06
6.77465e-06
6.44112e-06
5.99168e-06
5.42669e-06
4.77673e-06
4.11541e-06
3.55966e-06
3.25741e-06
3.36254e-06
4.00049e-06
5.23104e-06
7.02686e-06
9.27807e-06
1.18273e-05
1.45144e-05
1.72155e-05
1.98505e-05
2.23687e-05
2.47401e-05
2.69661e-05
2.90869e-05
3.11688e-05
3.32734e-05
3.5428e-05
3.7611e-05
3.97715e-05
4.18663e-05
4.38858e-05
4.58508e-05
4.77959e-05
4.97479e-05
5.17236e-05
5.37365e-05
5.58025e-05
5.79392e-05
6.01568e-05
6.24282e-05
6.45714e-05
)
;
    }
}


// ************************************************************************* //
