/*--------------------------------*- C++ -*----------------------------------*\
  =========                 |
  \\      /  F ield         | OpenFOAM: The Open Source CFD Toolbox
   \\    /   O peration     | Website:  https://openfoam.org
    \\  /    A nd           | Version:  8
     \\/     M anipulation  |
\*---------------------------------------------------------------------------*/
FoamFile
{
    version     2.0;
    format      ascii;
    class       volScalarField;
    location    "500";
    object      alphat;
}
// * * * * * * * * * * * * * * * * * * * * * * * * * * * * * * * * * * * * * //

dimensions      [1 -1 -1 0 0 0 0];

internalField   nonuniform List<scalar> 
8400
(
0.138436
0.137847
0.137284
0.136741
0.136216
0.135706
0.135207
0.134718
0.134236
0.133761
0.133292
0.13283
0.132375
0.131928
0.13149
0.131065
0.130649
0.130244
0.129853
0.129473
0.129107
0.128755
0.128416
0.128089
0.127772
0.127465
0.127163
0.126868
0.126575
0.126284
0.12599
0.125691
0.125386
0.125074
0.124755
0.12443
0.1241
0.123765
0.123428
0.123089
0.122751
0.122415
0.122085
0.121764
0.121452
0.12115
0.120865
0.120601
0.120364
0.120167
0.0735791
0.0736598
0.0737409
0.0738236
0.0739081
0.0739953
0.0740856
0.0741793
0.0742766
0.0743778
0.074483
0.0745922
0.0747054
0.0748228
0.0749445
0.0750698
0.0751981
0.0753291
0.0754628
0.0756003
0.0757406
0.0758832
0.0760276
0.0761744
0.0763235
0.0764751
0.0766306
0.0767905
0.076955
0.0771237
0.0772968
0.0774741
0.0776555
0.0778417
0.0780331
0.0782288
0.0784277
0.0786287
0.0788312
0.0790355
0.079241
0.0794469
0.0796537
0.0798598
0.0800624
0.0802635
0.0804627
0.0806572
0.0808494
0.0810383
0.0768815
0.0769875
0.0770951
0.0772044
0.0773152
0.0774272
0.0775405
0.0776556
0.0777731
0.0778922
0.0780127
0.0781356
0.0782619
0.0783893
0.078519
0.0786515
0.0787843
0.0789201
0.0790574
0.0791955
0.0793325
0.0794717
0.0796132
0.0797572
0.0799034
0.0800507
0.0801995
0.0803504
0.0805028
0.0806575
0.0808145
0.0809741
0.0811367
0.0813023
0.0814696
0.0816384
0.0818094
0.081983
0.0821588
0.0823355
0.0825126
0.0826907
0.0828683
0.0830448
0.0832218
0.0833987
0.083573
0.0837468
0.0839211
0.0840948
0.0762311
0.0763899
0.0765563
0.0767281
0.0769035
0.0770805
0.0772585
0.0774367
0.0776146
0.0777927
0.0779699
0.0781464
0.0783232
0.0785004
0.0786781
0.0788575
0.0790392
0.0792217
0.0794062
0.079591
0.0797784
0.079969
0.0801612
0.0803547
0.080549
0.0807431
0.0809364
0.0811287
0.0813204
0.0815107
0.0816984
0.0818834
0.0820652
0.0822434
0.0824175
0.0825887
0.0827592
0.0829299
0.0830999
0.0832687
0.0834379
0.0836094
0.0837827
0.0839584
0.0841386
0.0843231
0.0845127
0.0847076
0.0849077
0.0851164
0.0710755
0.0712776
0.0714943
0.0717209
0.0719542
0.0721911
0.0724287
0.0726665
0.0729031
0.0731385
0.0733725
0.0736052
0.0738373
0.0740701
0.0743054
0.0745407
0.0747794
0.0750214
0.0752672
0.0755148
0.0757657
0.0760207
0.0762784
0.0765381
0.0768
0.0770634
0.0773271
0.0775884
0.0778444
0.078093
0.0783338
0.0785665
0.0787907
0.0790058
0.0792122
0.0794116
0.0796055
0.0797953
0.0799833
0.0801721
0.0803648
0.0805613
0.0807619
0.0809691
0.0811839
0.0814082
0.0816443
0.0818913
0.0821559
0.0824331
0.0643354
0.064505
0.0646911
0.0648886
0.0650937
0.0653036
0.0655169
0.0657318
0.0659473
0.0661628
0.0663797
0.0665976
0.0668173
0.0670392
0.0672654
0.0674949
0.0677256
0.0679623
0.0682029
0.0684474
0.0686976
0.068954
0.0692153
0.0694809
0.0697512
0.0700258
0.0703013
0.0705746
0.0708448
0.0711104
0.0713692
0.0716198
0.0718601
0.0720887
0.0723067
0.0725173
0.0727237
0.0729286
0.0731337
0.0733417
0.0735539
0.073771
0.073996
0.0742314
0.0744777
0.0747372
0.0750104
0.0753009
0.0756102
0.0759412
0.0599328
0.0599914
0.0600594
0.0601355
0.0602179
0.0603049
0.0603958
0.0604913
0.0605903
0.0606926
0.0607999
0.0609109
0.061025
0.0611442
0.0612672
0.0613945
0.061525
0.0616593
0.0617962
0.0619361
0.0620798
0.062229
0.062384
0.0625454
0.0627143
0.0628901
0.0630707
0.0632551
0.0634416
0.0636282
0.0638141
0.063998
0.0641766
0.0643495
0.06452
0.0646897
0.0648584
0.0650265
0.0651971
0.0653741
0.0655586
0.0657508
0.0659516
0.066161
0.0663806
0.0666106
0.0668513
0.0671084
0.0673797
0.0676723
0.0588195
0.0587806
0.0587487
0.0587226
0.0587012
0.0586844
0.0586703
0.0586616
0.0586572
0.0586544
0.058656
0.058663
0.0586719
0.0586841
0.0587049
0.0587251
0.0587485
0.0587725
0.0587975
0.0588256
0.0588553
0.0588845
0.0589133
0.0589418
0.0589702
0.0589992
0.0590293
0.0590609
0.0590954
0.0591356
0.0591832
0.0592368
0.0592962
0.0593631
0.0594371
0.0595141
0.059593
0.0596766
0.0597676
0.0598652
0.0599678
0.0600759
0.0601906
0.0603088
0.0604308
0.0605566
0.060691
0.0608295
0.0609802
0.0611383
0.0591525
0.0590578
0.058986
0.0589265
0.0588771
0.0588407
0.0588099
0.0587819
0.0587637
0.0587465
0.0587295
0.0587155
0.0587103
0.0587065
0.058706
0.0587087
0.0587191
0.0587352
0.0587532
0.0587689
0.0587785
0.0587807
0.0587748
0.0587582
0.0587296
0.0586879
0.05863
0.0585529
0.0584611
0.0583633
0.0582646
0.0581693
0.0580853
0.0580187
0.0579697
0.0579366
0.0579171
0.0579085
0.0579114
0.0579245
0.0579479
0.0579861
0.058026
0.058065
0.0581119
0.0581596
0.0582062
0.0582573
0.0583105
0.0583628
0.0597881
0.0596237
0.0595122
0.0594044
0.0593022
0.0592518
0.0592366
0.0592066
0.0592004
0.059213
0.0592237
0.0592284
0.0592399
0.0592609
0.0592762
0.0592945
0.0593161
0.0593428
0.0593799
0.0594277
0.0594808
0.0595324
0.0595763
0.0596137
0.059648
0.059677
0.0596843
0.0596581
0.0595997
0.0595031
0.0593564
0.0591716
0.0589774
0.0587882
0.0586072
0.0584413
0.0582691
0.0581086
0.0579826
0.057871
0.0577879
0.0577521
0.0577427
0.0577241
0.0577295
0.0577716
0.0578129
0.057845
0.0578916
0.0579425
0.0604154
0.0603698
0.060307
0.0602438
0.0599912
0.059865
0.0600252
0.0599602
0.0597852
0.0597869
0.0597538
0.0596247
0.0596893
0.0596699
0.0596706
0.0597097
0.0597313
0.0597438
0.0597668
0.0597956
0.0598234
0.0598498
0.0598738
0.0599091
0.0599777
0.0600637
0.0601261
0.060159
0.0601707
0.0601465
0.0601089
0.0600934
0.0600199
0.0598549
0.0597452
0.0596817
0.0594906
0.0593363
0.0592998
0.0591622
0.0588098
0.058527
0.0586108
0.058222
0.0579044
0.0579557
0.0579071
0.0578318
0.0579325
0.0579279
0.0611548
0.0610722
0.0609798
0.0609061
0.0608421
0.060749
0.0606661
0.0605998
0.0605236
0.0604354
0.0603774
0.0603199
0.0602746
0.0602262
0.060183
0.0601499
0.0601246
0.0601109
0.0600994
0.0600855
0.0600812
0.0600858
0.0600952
0.0601182
0.0601567
0.0601959
0.060231
0.0602669
0.0602965
0.0603162
0.0603288
0.0603182
0.0602783
0.0602329
0.060173
0.0600855
0.0599959
0.0599051
0.0597922
0.0596643
0.0595374
0.0594134
0.0592688
0.0591191
0.0589992
0.0588566
0.0587172
0.0586314
0.0585693
0.0584719
0.0611907
0.0611445
0.0610991
0.0610497
0.0610025
0.0609536
0.0609074
0.0608629
0.060805
0.0607607
0.0607154
0.0606674
0.0606273
0.0605878
0.0605497
0.0605155
0.0604832
0.0604514
0.0604224
0.0603995
0.0603828
0.0603713
0.0603676
0.0603755
0.0603942
0.0604233
0.0604629
0.0605077
0.060549
0.0605823
0.0606018
0.0606031
0.060589
0.0605592
0.0605134
0.0604572
0.0603928
0.0603197
0.0602342
0.0601375
0.0600385
0.0599348
0.0598254
0.0597261
0.0596234
0.0595274
0.0594308
0.0593491
0.0592738
0.0592048
0.0612042
0.0611722
0.0611396
0.0611059
0.0610719
0.0610398
0.0610036
0.0609649
0.0609328
0.060902
0.060868
0.0608344
0.060802
0.0607706
0.0607402
0.0607122
0.0606861
0.06066
0.0606341
0.0606099
0.0605886
0.0605731
0.0605682
0.0605784
0.0606075
0.0606569
0.0607224
0.0607962
0.0608701
0.0609348
0.0609822
0.0610076
0.0610085
0.0609862
0.0609463
0.0608926
0.0608273
0.0607502
0.0606632
0.0605742
0.0604865
0.0603935
0.0603047
0.0602182
0.0601311
0.060047
0.0599649
0.0598895
0.0598199
0.0597603
0.0612123
0.0611875
0.0611621
0.061137
0.0611096
0.0610819
0.0610583
0.0610343
0.0610088
0.060981
0.0609539
0.0609271
0.060901
0.0608768
0.0608532
0.0608304
0.0608081
0.0607849
0.0607604
0.0607362
0.0607153
0.0607033
0.0607081
0.0607401
0.0608075
0.0609122
0.0610486
0.0612036
0.0613597
0.0614995
0.0616095
0.0616811
0.0617115
0.0617051
0.0616669
0.0616013
0.0615169
0.0614193
0.061313
0.061207
0.0611014
0.0609959
0.0608933
0.0607872
0.0606872
0.0605895
0.0605006
0.0604138
0.0603358
0.060262
0.0612165
0.0611971
0.0611758
0.0611567
0.0611388
0.0611183
0.0610942
0.0610713
0.0610496
0.061027
0.0610053
0.0609848
0.0609648
0.0609467
0.0609306
0.0609147
0.0608967
0.060876
0.0608533
0.0608313
0.0608168
0.0608216
0.0608626
0.0609578
0.0611203
0.0613534
0.0616461
0.0619741
0.0623057
0.0626091
0.0628573
0.0630326
0.0631297
0.0631519
0.0631084
0.0630136
0.0628808
0.062751
0.062609
0.0624584
0.0622984
0.0621395
0.0619832
0.0618302
0.0616834
0.0615387
0.0613988
0.0612633
0.0611346
0.0610099
0.0612191
0.0612025
0.0611838
0.0611643
0.0611465
0.0611275
0.0611067
0.0610842
0.0610598
0.0610345
0.0610117
0.0609952
0.0609876
0.0609904
0.0610028
0.061021
0.0610394
0.0610541
0.0610645
0.0610759
0.0611032
0.0611721
0.0613137
0.0615566
0.0619199
0.0624059
0.0629963
0.0636528
0.0643241
0.0649534
0.0654897
0.0658966
0.0661547
0.0662625
0.0662335
0.0661083
0.0659569
0.0657522
0.0655235
0.0652791
0.065029
0.0647789
0.0645243
0.0642744
0.064025
0.0637781
0.0635344
0.063298
0.0630701
0.0628527
0.0612253
0.0612032
0.0611784
0.0611463
0.0611165
0.0610842
0.0610382
0.0609843
0.0609342
0.060901
0.0608988
0.0609385
0.0610256
0.0611618
0.0613418
0.0615505
0.0617747
0.0619884
0.0621742
0.0623367
0.0625104
0.0627661
0.0631717
0.0637554
0.0645334
0.0654966
0.0666029
0.0677925
0.068994
0.0701338
0.0711437
0.0719677
0.0725686
0.0729262
0.0730327
0.0729837
0.0728049
0.0725445
0.0722288
0.071878
0.0715092
0.071129
0.0707423
0.0703492
0.0699508
0.0695498
0.0691503
0.0687608
0.0683839
0.0680188
0.0616354
0.0611707
0.0611547
0.0612453
0.0612948
0.0613523
0.0613862
0.0613545
0.0612642
0.0611693
0.0611524
0.0612578
0.0615013
0.0618786
0.0623686
0.0629383
0.0640936
0.0654194
0.0665951
0.0674879
0.0681562
0.069206
0.0709251
0.0728839
0.0748875
0.0768894
0.0788381
0.0806793
0.0823505
0.0837906
0.0849566
0.0858291
0.0864086
0.0867075
0.0867564
0.086947
0.0870997
0.0870945
0.0868899
0.086558
0.0861523
0.0857081
0.0852736
0.084876
0.0845418
0.08428
0.0840731
0.0839183
0.0838246
0.0838122
0.137047
0.128415
0.11885
0.112045
0.108381
0.107155
0.107921
0.110231
0.113741
0.11816
0.123222
0.128966
0.136094
0.145265
0.155429
0.163604
0.16638
0.165927
0.162407
0.156553
0.150602
0.14634
0.144312
0.144024
0.144222
0.144247
0.143923
0.143227
0.142178
0.140798
0.139107
0.137136
0.134903
0.1324
0.129587
0.126395
0.123585
0.12126
0.119449
0.118042
0.116989
0.116312
0.116022
0.116199
0.116854
0.117912
0.1191
0.120108
0.120619
0.120518
0.27115
0.267789
0.264581
0.261515
0.258567
0.255716
0.252948
0.250255
0.247633
0.245079
0.242588
0.240159
0.237788
0.235476
0.233222
0.231023
0.228881
0.226794
0.22476
0.222779
0.220848
0.218966
0.217129
0.215335
0.213583
0.211869
0.210194
0.208558
0.206959
0.205398
0.203874
0.202386
0.200933
0.199514
0.198128
0.196775
0.195452
0.194159
0.192895
0.191661
0.190445
0.189248
0.188068
0.186902
0.185746
0.184596
0.183447
0.182289
0.181103
0.179852
0.269193
0.262998
0.257106
0.251482
0.246111
0.24098
0.236078
0.231389
0.226897
0.222588
0.21845
0.214471
0.210644
0.206963
0.20342
0.20001
0.196727
0.193567
0.190524
0.187589
0.184758
0.182021
0.179373
0.176807
0.174318
0.171904
0.16956
0.167286
0.165079
0.162937
0.160857
0.158836
0.15687
0.154958
0.153095
0.151276
0.1495
0.147764
0.146066
0.144406
0.142791
0.141219
0.139686
0.138189
0.136726
0.135297
0.133898
0.132529
0.131187
0.129866
0.269187
0.262976
0.257043
0.25138
0.245966
0.240784
0.235819
0.231055
0.226478
0.222075
0.217835
0.213749
0.20981
0.206011
0.202346
0.198811
0.195399
0.192107
0.188929
0.185857
0.182887
0.180012
0.177225
0.174522
0.171897
0.169348
0.166871
0.164465
0.162128
0.159857
0.15765
0.155505
0.153419
0.151389
0.149413
0.147488
0.145614
0.143788
0.14201
0.140277
0.13859
0.136945
0.13534
0.133775
0.132248
0.130758
0.129306
0.12789
0.126511
0.125168
0.269188
0.263023
0.257143
0.251531
0.246163
0.24102
0.236087
0.231347
0.226787
0.222397
0.218165
0.214083
0.210146
0.206345
0.202677
0.199136
0.195717
0.192416
0.189228
0.186145
0.183162
0.180274
0.177473
0.174756
0.172118
0.169554
0.167064
0.164644
0.162293
0.160009
0.15779
0.155633
0.153535
0.151492
0.149504
0.147566
0.145679
0.14384
0.142049
0.140305
0.138605
0.136947
0.13533
0.133753
0.132214
0.130713
0.129249
0.127821
0.12643
0.125075
0.269189
0.263024
0.257142
0.251523
0.246146
0.240994
0.236051
0.231303
0.226736
0.22234
0.218105
0.214023
0.210085
0.206286
0.202619
0.199081
0.195666
0.192369
0.189183
0.186104
0.183125
0.180239
0.177442
0.174729
0.172094
0.169534
0.167048
0.164632
0.162286
0.160008
0.157795
0.155643
0.153549
0.151511
0.149525
0.147591
0.145707
0.143871
0.142083
0.14034
0.138641
0.136985
0.135369
0.133792
0.132254
0.130753
0.129288
0.127859
0.126465
0.125106
0.269189
0.263028
0.257153
0.251544
0.246179
0.241038
0.236107
0.231369
0.226813
0.222427
0.218202
0.214128
0.210197
0.206404
0.202743
0.199209
0.195797
0.192502
0.189317
0.186237
0.183256
0.180368
0.177569
0.174853
0.172215
0.169653
0.167164
0.164748
0.162402
0.160123
0.157909
0.155755
0.153659
0.151618
0.14963
0.147694
0.145807
0.143968
0.142176
0.140429
0.138726
0.137066
0.135446
0.133865
0.132322
0.130816
0.129345
0.12791
0.126509
0.125142
0.269189
0.26303
0.257158
0.25155
0.246184
0.241041
0.236106
0.231365
0.226805
0.222417
0.218189
0.214112
0.21018
0.206385
0.202722
0.199187
0.195773
0.192476
0.189288
0.186206
0.183222
0.180332
0.177531
0.174812
0.172174
0.169612
0.167124
0.16471
0.162366
0.16009
0.157877
0.155725
0.15363
0.151591
0.149605
0.14767
0.145784
0.143945
0.142153
0.140406
0.138703
0.137042
0.135423
0.133842
0.132299
0.130792
0.12932
0.127882
0.126479
0.125109
0.269189
0.263034
0.257163
0.251556
0.246191
0.241048
0.236114
0.231374
0.226818
0.222434
0.21821
0.214138
0.21021
0.206419
0.20276
0.199228
0.195817
0.192521
0.189334
0.186251
0.183266
0.180375
0.177571
0.174852
0.172213
0.169651
0.167165
0.164752
0.162408
0.160132
0.157919
0.155767
0.153672
0.151632
0.149645
0.147709
0.14582
0.143979
0.142184
0.140435
0.138729
0.137066
0.135444
0.13386
0.132313
0.130802
0.129325
0.127882
0.126473
0.125096
0.26919
0.263038
0.257169
0.251561
0.246193
0.241048
0.236112
0.231373
0.226817
0.222433
0.218209
0.214137
0.210209
0.206419
0.20276
0.199227
0.195814
0.192515
0.189326
0.186239
0.183251
0.180357
0.17755
0.174829
0.172189
0.169628
0.167142
0.164729
0.162386
0.16011
0.157897
0.155745
0.153651
0.151612
0.149625
0.147687
0.145798
0.143956
0.142161
0.14041
0.138704
0.13704
0.135417
0.133832
0.132283
0.130769
0.129289
0.127844
0.126431
0.12505
0.269192
0.263043
0.257174
0.251564
0.246194
0.241048
0.236112
0.231373
0.226818
0.222435
0.218213
0.214143
0.210217
0.206428
0.202771
0.199238
0.195825
0.192526
0.189335
0.186247
0.183257
0.180361
0.177554
0.174833
0.172193
0.169632
0.167147
0.164735
0.162392
0.160116
0.157904
0.155752
0.153657
0.151618
0.14963
0.147691
0.145801
0.143958
0.142161
0.14041
0.138702
0.137036
0.13541
0.133821
0.132269
0.130751
0.129268
0.127818
0.126401
0.125014
0.269193
0.263047
0.257178
0.251566
0.246194
0.241047
0.236111
0.231372
0.226817
0.222434
0.218213
0.214144
0.210219
0.206431
0.202774
0.199241
0.195826
0.192525
0.189333
0.186243
0.183252
0.180354
0.177547
0.174825
0.172186
0.169625
0.167139
0.164727
0.162384
0.160108
0.157896
0.155744
0.153649
0.151609
0.14962
0.147681
0.14579
0.143947
0.14215
0.140397
0.138688
0.13702
0.13539
0.133798
0.132242
0.130721
0.129234
0.127781
0.126359
0.124967
0.269195
0.263051
0.257181
0.251568
0.246195
0.241046
0.236109
0.231368
0.226813
0.222429
0.218208
0.21414
0.210216
0.206428
0.202769
0.199234
0.195818
0.192515
0.18932
0.186228
0.183235
0.180337
0.177528
0.174806
0.172167
0.169606
0.16712
0.164708
0.162365
0.160089
0.157877
0.155724
0.153628
0.151587
0.149599
0.14766
0.145769
0.143926
0.142129
0.140376
0.138664
0.136994
0.135361
0.133766
0.132207
0.130683
0.129193
0.127736
0.12631
0.124913
0.269196
0.263055
0.257185
0.25157
0.246195
0.241045
0.236106
0.231365
0.226809
0.222427
0.218208
0.214142
0.210219
0.206432
0.202774
0.19924
0.195823
0.19252
0.189325
0.186234
0.183241
0.180342
0.177534
0.174813
0.172173
0.169613
0.167128
0.164717
0.162374
0.160097
0.157883
0.155729
0.153633
0.151591
0.149602
0.147663
0.145772
0.143928
0.14213
0.140374
0.13866
0.136985
0.135349
0.133749
0.132185
0.130657
0.129162
0.127699
0.126268
0.124867
0.269197
0.263058
0.257188
0.251571
0.246193
0.241039
0.236095
0.23135
0.226791
0.222406
0.218185
0.214117
0.210191
0.206401
0.20274
0.199202
0.195783
0.192477
0.189279
0.186185
0.18319
0.18029
0.177481
0.174759
0.17212
0.16956
0.167076
0.164664
0.162321
0.160044
0.157829
0.155675
0.153579
0.151538
0.149549
0.147611
0.145721
0.143879
0.142081
0.140325
0.138609
0.136932
0.135293
0.133691
0.132125
0.130594
0.129096
0.127631
0.126197
0.124794
0.269198
0.263062
0.257191
0.251572
0.246191
0.241036
0.236094
0.23135
0.226795
0.222414
0.218197
0.214132
0.21021
0.206422
0.202763
0.199227
0.195809
0.192503
0.189305
0.18621
0.183215
0.180315
0.177507
0.174785
0.172146
0.169586
0.167101
0.164687
0.162343
0.160063
0.157847
0.155691
0.153592
0.151549
0.149559
0.14762
0.145729
0.143885
0.142084
0.140324
0.138604
0.136923
0.135278
0.133671
0.132099
0.130561
0.129058
0.127587
0.126149
0.12474
0.2692
0.263062
0.257184
0.251554
0.246161
0.240993
0.236038
0.231283
0.226717
0.222327
0.218101
0.214028
0.210099
0.206306
0.202642
0.199101
0.195679
0.192371
0.189171
0.186075
0.183079
0.180181
0.177374
0.174653
0.172016
0.169457
0.166973
0.164561
0.162218
0.15994
0.157724
0.15557
0.153473
0.151432
0.149445
0.147509
0.145621
0.143778
0.141978
0.140219
0.138499
0.136817
0.135171
0.133563
0.131989
0.130451
0.128947
0.127476
0.126037
0.124628
0.269201
0.263064
0.257188
0.251564
0.24618
0.241021
0.236075
0.231329
0.226769
0.222384
0.218161
0.214089
0.21016
0.206365
0.202699
0.199155
0.195729
0.192416
0.189211
0.186111
0.183111
0.180208
0.177397
0.174672
0.172029
0.169465
0.166976
0.164559
0.162211
0.159928
0.157708
0.155549
0.153448
0.151405
0.149414
0.147475
0.145584
0.143738
0.141935
0.140172
0.138448
0.136762
0.135114
0.133501
0.131925
0.130386
0.128882
0.127414
0.125978
0.124575
0.269201
0.26302
0.25709
0.251415
0.245984
0.240786
0.235808
0.231037
0.226459
0.222061
0.21783
0.213754
0.209823
0.20603
0.202367
0.198829
0.19541
0.192105
0.188911
0.185823
0.182837
0.179948
0.17715
0.174439
0.17181
0.16926
0.166786
0.164385
0.162053
0.159786
0.157582
0.155441
0.153359
0.151334
0.149363
0.147443
0.145572
0.143748
0.141968
0.14023
0.138532
0.136873
0.135254
0.133676
0.132138
0.130643
0.129191
0.127783
0.126421
0.125109
0.26921
0.26305
0.257161
0.251523
0.246133
0.240981
0.236063
0.231365
0.226871
0.222566
0.218437
0.21447
0.210655
0.206982
0.203445
0.200037
0.196751
0.193583
0.190527
0.187579
0.184735
0.181988
0.179333
0.176763
0.174277
0.17187
0.16954
0.167283
0.165094
0.16297
0.160911
0.158915
0.156979
0.155101
0.153278
0.151509
0.149792
0.148125
0.146504
0.14493
0.1434
0.141915
0.140477
0.13909
0.137757
0.136482
0.135272
0.134135
0.133089
0.132166
0.271151
0.267811
0.26461
0.261539
0.258582
0.255726
0.252952
0.250254
0.247628
0.24507
0.242577
0.240145
0.237773
0.23546
0.233205
0.231006
0.228862
0.226772
0.224735
0.22275
0.220813
0.218922
0.217077
0.215274
0.213515
0.211797
0.210119
0.208479
0.206876
0.20531
0.203779
0.202283
0.20082
0.199388
0.197987
0.196614
0.195267
0.193946
0.192647
0.19137
0.190114
0.188879
0.187665
0.186473
0.1853
0.184146
0.183007
0.181883
0.180768
0.179658
0.181697
0.0945823
0.0857629
0.0983507
0.11247
0.122613
0.127172
0.126279
0.121138
0.11357
0.105379
0.097509
0.0894353
0.0794616
0.0706859
0.0620794
0.0574648
0.0622341
0.0920216
0.245148
0.180399
0.0943833
0.0861889
0.0990684
0.113307
0.123462
0.127965
0.126981
0.12174
0.114093
0.105872
0.0980409
0.0897454
0.0800334
0.0714899
0.063038
0.0573728
0.06049
0.0887947
0.24294
0.17909
0.0941599
0.086618
0.0998004
0.114162
0.124329
0.128773
0.127688
0.122337
0.114601
0.106352
0.0985854
0.0906351
0.0805873
0.0719556
0.0635688
0.057493
0.0598346
0.0875318
0.242457
0.17778
0.0939176
0.087052
0.100549
0.115039
0.125217
0.129595
0.128399
0.122926
0.115089
0.106808
0.0991119
0.0913596
0.0811126
0.0724177
0.0640841
0.0576506
0.0592383
0.0863248
0.242055
0.176465
0.093656
0.0874904
0.101314
0.115936
0.126126
0.130432
0.129114
0.123504
0.115553
0.107234
0.0996217
0.0921755
0.0817702
0.0728995
0.0645904
0.0578439
0.0587
0.0851689
0.241716
0.175147
0.0933734
0.0879324
0.102095
0.116856
0.127057
0.131283
0.129832
0.124067
0.115985
0.107617
0.100092
0.0928975
0.0824933
0.0734037
0.0650918
0.0580712
0.0582181
0.0840593
0.241427
0.173827
0.0930684
0.0883783
0.102893
0.117799
0.128009
0.132148
0.130548
0.124608
0.116375
0.107945
0.100503
0.0934087
0.0832119
0.0739261
0.0655881
0.0583291
0.0577917
0.082996
0.241183
0.172505
0.0927396
0.0888276
0.103708
0.118765
0.128984
0.133027
0.131259
0.125121
0.116714
0.108204
0.100835
0.0938337
0.0839034
0.0744582
0.0660784
0.0586131
0.0574191
0.0819805
0.240988
0.17118
0.0923857
0.0892802
0.104541
0.119755
0.129982
0.133917
0.131962
0.1256
0.116993
0.108387
0.101081
0.0941216
0.0845482
0.0749927
0.0665613
0.0589184
0.0570978
0.081014
0.240843
0.169853
0.0920056
0.0897364
0.105392
0.120769
0.131001
0.134818
0.132653
0.126037
0.117202
0.108481
0.101241
0.0943892
0.0851791
0.0755267
0.0670358
0.0592408
0.056825
0.0800972
0.240746
0.168525
0.091598
0.0901967
0.106261
0.121808
0.132043
0.135726
0.133328
0.126428
0.117334
0.108477
0.101306
0.0946894
0.085798
0.0760592
0.0675014
0.0595762
0.0565977
0.0792305
0.240698
0.167198
0.0911622
0.0906606
0.107147
0.12287
0.133104
0.136641
0.133984
0.126766
0.117376
0.108362
0.101266
0.0949662
0.0863828
0.0765879
0.067958
0.059921
0.0564129
0.0784138
0.240696
0.16587
0.0906978
0.0911281
0.108049
0.123953
0.134184
0.137558
0.134614
0.127041
0.117317
0.108119
0.101102
0.0951485
0.0869125
0.0771095
0.0684058
0.0602724
0.0562676
0.077647
0.240738
0.164543
0.0902035
0.0915985
0.108967
0.125057
0.13528
0.138474
0.135213
0.127242
0.11714
0.107728
0.100791
0.0951928
0.0873694
0.0776207
0.0688458
0.0606284
0.0561591
0.0769298
0.240825
0.163216
0.0896786
0.0920714
0.109897
0.126179
0.136388
0.139384
0.135773
0.127358
0.116829
0.107166
0.100304
0.0950806
0.0877432
0.0781181
0.0692793
0.0609874
0.0560847
0.0762619
0.240953
0.161891
0.089125
0.0925466
0.110838
0.127315
0.137505
0.140284
0.136287
0.127379
0.116366
0.106411
0.0996147
0.0948077
0.0880305
0.0785979
0.0697068
0.061348
0.0560413
0.0756423
0.241124
0.160567
0.088545
0.0930235
0.111788
0.128463
0.138627
0.141168
0.136746
0.12729
0.115734
0.105441
0.0987018
0.0943699
0.0882256
0.0790541
0.0701279
0.0617082
0.0560255
0.0750696
0.241333
0.159246
0.0879416
0.0935014
0.112742
0.129617
0.139748
0.14203
0.137143
0.12708
0.114915
0.104233
0.0975456
0.0937564
0.088314
0.0794769
0.0705398
0.0620654
0.0560335
0.0745419
0.24158
0.157927
0.0873178
0.0939797
0.113698
0.130773
0.140863
0.142862
0.137468
0.126738
0.113894
0.102766
0.096124
0.092946
0.0882742
0.0798528
0.0709377
0.0624162
0.0560612
0.0740569
0.241862
0.156612
0.0866773
0.0944564
0.11465
0.131924
0.141966
0.143659
0.137715
0.126254
0.112655
0.101019
0.0944113
0.0919076
0.0880821
0.080166
0.0713149
0.0627565
0.056104
0.0736117
0.242174
0.155301
0.0860251
0.0949293
0.115592
0.133064
0.143048
0.144413
0.137877
0.12562
0.111185
0.0989742
0.0923815
0.0906118
0.0877164
0.0804002
0.0716637
0.0630821
0.0561574
0.0732041
0.242516
0.153996
0.0853668
0.0953961
0.116519
0.134185
0.144104
0.145119
0.137948
0.124829
0.109477
0.0966172
0.0900117
0.0890355
0.0871629
0.0805416
0.0719761
0.0633885
0.0562173
0.0728318
0.242885
0.152695
0.0847086
0.0958535
0.117422
0.135279
0.145124
0.145769
0.137926
0.123881
0.107528
0.0939431
0.0872869
0.0871653
0.0864167
0.08058
0.0722443
0.0636717
0.0562797
0.0724929
0.243284
0.151402
0.0840565
0.0962975
0.118295
0.136335
0.146099
0.146359
0.137809
0.12278
0.105345
0.0909597
0.0842063
0.0850045
0.0854825
0.0805102
0.0724623
0.0639279
0.0563411
0.0721861
0.243711
0.150116
0.0834163
0.096723
0.119128
0.137343
0.147023
0.146884
0.137599
0.121536
0.102946
0.0876909
0.0807882
0.0825737
0.0843735
0.0803312
0.0726248
0.0641538
0.056398
0.0719098
0.24417
0.148837
0.082794
0.0971245
0.119912
0.138295
0.147886
0.147344
0.137305
0.120166
0.100361
0.0841811
0.0770739
0.0799081
0.0831103
0.0800466
0.0727283
0.0643464
0.0564474
0.0716629
0.244661
0.147568
0.0821957
0.0974959
0.120639
0.139181
0.148684
0.147736
0.136935
0.118697
0.097634
0.0804977
0.0731347
0.077058
0.0817209
0.079664
0.0727708
0.0645033
0.0564865
0.0714439
0.245187
0.146307
0.0816275
0.0978318
0.121299
0.139993
0.149409
0.148063
0.136503
0.117161
0.0948245
0.0767338
0.069081
0.0740934
0.080243
0.0791956
0.0727524
0.0646227
0.0565131
0.0712519
0.24575
0.145055
0.0810953
0.0981266
0.121887
0.140723
0.150059
0.148328
0.136027
0.115599
0.092005
0.0730072
0.0650699
0.0711078
0.0787233
0.078658
0.0726754
0.0647042
0.0565257
0.0710859
0.246352
0.143814
0.0806034
0.0983752
0.122395
0.141364
0.150628
0.148536
0.135527
0.114056
0.0892591
0.0694559
0.0613048
0.0682174
0.0772153
0.0780705
0.0725442
0.0647484
0.0565235
0.0709453
0.246995
0.142585
0.0801544
0.0985726
0.122818
0.14191
0.151115
0.148692
0.135023
0.112579
0.0866758
0.0662254
0.0580174
0.0655468
0.0757725
0.0774532
0.0723645
0.0647567
0.0565062
0.0708298
0.247683
0.141368
0.0797497
0.0987141
0.123149
0.142358
0.15152
0.148803
0.134538
0.111215
0.0843416
0.0634501
0.0554194
0.0632047
0.0744425
0.076825
0.0721428
0.0647313
0.0564741
0.0707389
0.248417
0.140164
0.0793892
0.0987962
0.123388
0.142705
0.151843
0.148878
0.134091
0.110005
0.0823306
0.0612303
0.053632
0.0612613
0.0732615
0.0762022
0.0718858
0.0646751
0.0564279
0.0706721
0.249199
0.138972
0.0790725
0.0988166
0.123531
0.142951
0.152085
0.148923
0.133699
0.108981
0.0806962
0.0596117
0.0526331
0.0597407
0.0722535
0.0755967
0.0715997
0.0645911
0.0563684
0.0706284
0.250026
0.137794
0.0787987
0.0987748
0.12358
0.143096
0.152251
0.148944
0.133374
0.108163
0.0794648
0.0585781
0.0522742
0.0586237
0.0714246
0.0750156
0.0712902
0.0644829
0.0562972
0.070607
0.250898
0.136629
0.0785661
0.0986715
0.123536
0.143145
0.152343
0.148946
0.133123
0.107557
0.0786359
0.0580633
0.0523708
0.0578614
0.0707425
0.0744593
0.0709628
0.0643545
0.0562162
0.0706064
0.25181
0.135479
0.0783719
0.0985088
0.123404
0.143099
0.152365
0.148935
0.132948
0.107161
0.0781862
0.0579772
0.0528017
0.0572098
0.0701967
0.0739237
0.0706221
0.0642099
0.0561277
0.0706251
0.252759
0.134345
0.0782125
0.0982892
0.123185
0.142962
0.152321
0.148911
0.132848
0.106959
0.0781093
0.05816
0.0533032
0.0567307
0.0697323
0.0734054
0.0702715
0.0640532
0.056034
0.070662
0.253741
0.133227
0.0780623
0.0979891
0.122866
0.142754
0.152249
0.148919
0.132842
0.106903
0.0780923
0.0583948
0.0537815
0.0566372
0.0692511
0.0729006
0.0699119
0.0638878
0.0559373
0.0707162
0.254753
0.132159
0.0778462
0.0976014
0.122461
0.142479
0.152151
0.148948
0.132906
0.106946
0.0781645
0.0586618
0.0542711
0.0567506
0.0687716
0.0723858
0.0695562
0.0637146
0.055837
0.0707874
0.255797
0.131132
0.077591
0.0971381
0.121969
0.142135
0.152022
0.148993
0.133031
0.107074
0.078309
0.0589505
0.0547676
0.0569847
0.0682932
0.0718565
0.0691902
0.0635371
0.0557521
0.0710359
0.256832
0.130142
0.0773028
0.0966045
0.121395
0.141724
0.15186
0.14905
0.133211
0.107281
0.0785194
0.0592586
0.0552649
0.0573102
0.0678228
0.0713159
0.0688163
0.0633568
0.0556924
0.0714027
0.257873
0.129188
0.0769859
0.096006
0.120744
0.141247
0.151664
0.149117
0.133441
0.107565
0.078796
0.0595871
0.0557625
0.0577198
0.0673667
0.0707671
0.0684363
0.0631747
0.0556583
0.071894
0.258924
0.128266
0.0766446
0.0953474
0.120017
0.140705
0.151434
0.149192
0.133724
0.107926
0.0791421
0.0599371
0.0562578
0.0582018
0.0669272
0.0702123
0.0680518
0.0629917
0.0556505
0.0725079
0.259993
0.127378
0.076283
0.0946338
0.119218
0.140099
0.151169
0.149275
0.134059
0.108369
0.0795622
0.0603092
0.0567412
0.0587278
0.0665022
0.0696533
0.0676639
0.0628082
0.0556701
0.0732451
0.261084
0.126521
0.0759049
0.0938696
0.11835
0.139429
0.150869
0.149367
0.134449
0.108898
0.0800618
0.0607026
0.0571963
0.0592552
0.0660872
0.0690918
0.0672737
0.0626245
0.0557187
0.0741089
0.262202
0.125695
0.0755142
0.0930589
0.117414
0.138695
0.150533
0.149468
0.134896
0.109519
0.0806473
0.0611177
0.0576068
0.0597402
0.0656788
0.0685298
0.066882
0.0624408
0.0557983
0.0751036
0.263351
0.124899
0.0751143
0.0922055
0.116413
0.137897
0.150161
0.149578
0.135405
0.110238
0.0813273
0.0615573
0.0579622
0.06015
0.0652757
0.0679695
0.0664899
0.0622576
0.0559117
0.076233
0.264536
0.124132
0.0747087
0.0913132
0.115348
0.137034
0.14975
0.149698
0.135978
0.111063
0.0821128
0.0620277
0.0582595
0.0604673
0.0648785
0.0674135
0.0660984
0.0620755
0.056062
0.0775006
0.26576
0.123396
0.0743003
0.0903852
0.114219
0.136105
0.149299
0.149827
0.136621
0.112005
0.0830177
0.0625396
0.0585013
0.0606879
0.0644887
0.0668648
0.065709
0.0618954
0.0562534
0.0789092
0.267027
0.122688
0.0738922
0.0894252
0.113029
0.135109
0.148808
0.149968
0.137337
0.113074
0.0840579
0.0631071
0.0586928
0.0608134
0.0641067
0.0663264
0.0653232
0.0617184
0.0564907
0.0804621
0.268338
0.12201
0.0734875
0.0884367
0.111778
0.134045
0.148272
0.150118
0.138131
0.114281
0.0852515
0.0637481
0.0588413
0.0608501
0.0637334
0.0658016
0.0649421
0.061546
0.0567798
0.0821631
0.269697
0.121363
0.0730891
0.0874234
0.110466
0.13291
0.14769
0.150276
0.139006
0.115637
0.0866178
0.0644845
0.0589582
0.0608148
0.0633699
0.0652927
0.064567
0.0613803
0.0571278
0.0840146
0.271105
0.120747
0.0727003
0.0863888
0.109096
0.131701
0.147057
0.15044
0.139965
0.117152
0.0881767
0.0653425
0.0590597
0.0607315
0.0630171
0.0648014
0.0641993
0.0612238
0.057543
0.0860194
0.272563
0.120163
0.0723235
0.0853363
0.107666
0.130416
0.146367
0.150605
0.141008
0.118835
0.0899487
0.0663523
0.0591639
0.0606168
0.0626751
0.0643293
0.06384
0.0610791
0.0580351
0.0881821
0.274073
0.119613
0.071961
0.0842685
0.106176
0.129046
0.145612
0.150764
0.142134
0.120695
0.0919533
0.0675465
0.0592895
0.0604789
0.0623434
0.0638771
0.0634899
0.0609495
0.0586161
0.090509
0.275632
0.119099
0.0716143
0.0831874
0.104624
0.127587
0.144781
0.150909
0.14334
0.122735
0.0942092
0.0689586
0.0594555
0.0603218
0.0620216
0.0634446
0.0631493
0.0608398
0.0593008
0.0930084
0.277242
0.118621
0.0712846
0.0820949
0.103006
0.126029
0.143864
0.151028
0.14462
0.124962
0.0967344
0.0706242
0.0596838
0.0601428
0.0617088
0.0630315
0.0628193
0.0607565
0.0601074
0.0956928
0.278902
0.118182
0.0709728
0.0809925
0.101321
0.124362
0.142845
0.151108
0.145966
0.127379
0.099549
0.0725844
0.0600054
0.0599783
0.0614075
0.0626375
0.062502
0.0607082
0.0610583
0.098581
0.28061
0.117784
0.0706803
0.0798821
0.0995652
0.122576
0.141707
0.15113
0.147367
0.129987
0.102678
0.0748938
0.0604595
0.0598292
0.0611228
0.0622633
0.0622008
0.0607069
0.062181
0.101699
0.282364
0.117431
0.0704084
0.0787657
0.0977341
0.120655
0.140428
0.151072
0.148807
0.132791
0.10615
0.0776141
0.0611025
0.0596308
0.0608554
0.0619093
0.0619197
0.0607684
0.0635101
0.105084
0.284163
0.117126
0.0701586
0.0776456
0.0958242
0.118585
0.138984
0.150905
0.150268
0.135792
0.110005
0.0808349
0.062037
0.0594212
0.0606039
0.0615755
0.0616648
0.060914
0.0650911
0.108785
0.286003
0.116874
0.069933
0.0765245
0.0938316
0.116347
0.137342
0.150595
0.151723
0.138989
0.114289
0.0846756
0.0634217
0.0591973
0.0603645
0.061262
0.0614447
0.0611724
0.0669868
0.112868
0.287881
0.11668
0.069734
0.0754063
0.0917533
0.113922
0.135468
0.150096
0.153132
0.14237
0.11904
0.0892549
0.0654701
0.058975
0.0601262
0.0609663
0.0612706
0.0615842
0.0692903
0.117419
0.289791
0.116549
0.0695646
0.0742965
0.0895888
0.11129
0.13332
0.149355
0.154443
0.145906
0.124283
0.0946909
0.0684639
0.0588639
0.0598664
0.0606805
0.0611585
0.0622166
0.0721395
0.122534
0.291727
0.116487
0.0694288
0.0732032
0.0873408
0.108432
0.130851
0.148301
0.155582
0.149543
0.130018
0.101088
0.0727306
0.0591605
0.0595511
0.0603979
0.0611458
0.0631966
0.0757276
0.12832
0.293681
0.116499
0.0693317
0.0721375
0.0850173
0.10533
0.128008
0.146852
0.156451
0.153196
0.136209
0.108519
0.0786012
0.0604588
0.059191
0.0601553
0.0613479
0.064769
0.0802964
0.134876
0.295644
0.116593
0.0692792
0.0711146
0.0826337
0.101974
0.124737
0.144911
0.156923
0.156736
0.142768
0.117001
0.0863522
0.0636286
0.0590492
0.0601781
0.0620789
0.06735
0.0861081
0.14228
0.297602
0.116773
0.0692776
0.0701536
0.0802148
0.0983612
0.120986
0.142369
0.156845
0.159987
0.149538
0.126458
0.0961409
0.0695614
0.0599566
0.0611335
0.0639865
0.0714991
0.0933926
0.150569
0.299539
0.117045
0.0693331
0.0692775
0.0777984
0.0945044
0.116707
0.139106
0.156028
0.162716
0.156276
0.136699
0.107949
0.0788231
0.0616654
0.064219
0.0680074
0.0777759
0.102294
0.159724
0.301433
0.117414
0.0694511
0.0685119
0.0754384
0.0904396
0.111871
0.135003
0.154261
0.164634
0.162648
0.147393
0.121647
0.0928372
0.072581
0.0707236
0.0750206
0.0865508
0.112835
0.169657
0.303256
0.117883
0.0696359
0.0678825
0.0732059
0.0862353
0.106475
0.129951
0.151314
0.165397
0.168216
0.157985
0.136294
0.109189
0.0871543
0.0813267
0.0854514
0.0978846
0.124894
0.18021
0.304978
0.118454
0.0698892
0.0674113
0.0711864
0.0820045
0.100565
0.12387
0.146958
0.164623
0.172466
0.167881
0.151255
0.127218
0.105019
0.0958547
0.0991526
0.111531
0.138219
0.191164
0.30656
0.11913
0.0702104
0.0671114
0.0694689
0.0779128
0.0942557
0.116742
0.140992
0.16191
0.174806
0.176338
0.165688
0.145929
0.124882
0.113445
0.11552
0.127013
0.152453
0.202263
0.307956
0.119909
0.0705968
0.0669837
0.0681286
0.0741744
0.087766
0.108639
0.133286
0.15688
0.174599
0.182505
0.178626
0.164325
0.145527
0.132386
0.133682
0.143718
0.167186
0.213237
0.309108
0.12079
0.0710426
0.067015
0.0672067
0.0710215
0.081445
0.0997872
0.123834
0.149244
0.171227
0.185444
0.188951
0.181499
0.166897
0.153349
0.152712
0.161
0.181995
0.223825
0.309951
0.121769
0.0715401
0.0671795
0.0666949
0.0686399
0.0757633
0.0906354
0.112834
0.138884
0.164188
0.18419
0.195172
0.195421
0.186742
0.175633
0.171718
0.178223
0.196468
0.233782
0.310411
0.12284
0.0720829
0.067445
0.0665374
0.067099
0.0712073
0.0819156
0.100796
0.125952
0.153254
0.1781
0.196233
0.204627
0.202882
0.195027
0.189864
0.194793
0.210221
0.24289
0.310399
0.123994
0.0726648
0.0677803
0.0666489
0.0663267
0.0680856
0.0745697
0.088703
0.110976
0.138465
0.166724
0.191213
0.207964
0.214565
0.211915
0.206075
0.210206
0.222927
0.250986
0.309806
0.125221
0.0732794
0.0681576
0.0669365
0.0661443
0.0663779
0.0693807
0.078096
0.0951969
0.120329
0.149905
0.17927
0.203915
0.22011
0.226182
0.224611
0.224061
0.234307
0.257934
0.3085
0.126511
0.0739234
0.0685568
0.0673209
0.066338
0.0657692
0.0665052
0.0705264
0.0809571
0.100382
0.128025
0.15983
0.190843
0.21636
0.232598
0.23821
0.237159
0.244189
0.263623
0.306326
0.127852
0.0745958
0.0689682
0.0677496
0.066728
0.0658374
0.0654321
0.0664681
0.0709786
0.0822142
0.103046
0.132918
0.167539
0.201423
0.229321
0.246983
0.253173
0.253041
0.268128
0.303143
0.129229
0.0752918
0.0693862
0.068194
0.0671976
0.0662303
0.0654014
0.0650627
0.0660765
0.0703092
0.0809538
0.101523
0.132788
0.171019
0.210027
0.243375
0.265352
0.273137
0.272341
0.298896
0.130629
0.0760072
0.0698078
0.0686413
0.0676893
0.0667382
0.0658145
0.0650325
0.0646608
0.065359
0.0685448
0.0768388
0.0939776
0.123093
0.16354
0.209715
0.252758
0.282141
0.288394
0.295732
0.132037
0.0767389
0.0702326
0.0690862
0.0681816
0.0672713
0.0663607
0.0654961
0.064751
0.0643305
0.0646604
0.0665702
0.071532
0.0819156
0.101229
0.134178
0.185961
0.259211
0.348349
0.377467
0.133438
0.0774828
0.0706617
0.0695279
0.0686671
0.0678005
0.0669276
0.0660768
0.0652652
0.0645816
0.0641879
0.0643922
0.0657083
0.0687938
0.0742107
0.0821839
0.0926659
0.106317
0.127827
0.185417
0.134819
0.0782331
0.0710957
0.06997
0.0691475
0.0683216
0.0674884
0.0666685
0.0658657
0.0651203
0.0645057
0.0641919
0.0644811
0.0658949
0.0690532
0.074478
0.0821801
0.091538
0.101658
0.111724
0.136168
0.0789834
0.071532
0.0704106
0.0696232
0.0688361
0.0680398
0.0672505
0.0664783
0.0657321
0.0650447
0.0645096
0.0642952
0.0647548
0.0664707
0.0702311
0.0767783
0.0864514
0.0992496
0.115697
0.137479
0.0797338
0.0719742
0.0708508
0.0700923
0.0693408
0.0685775
0.0678182
0.0670761
0.0663477
0.0656569
0.0650338
0.0645902
0.0645313
0.0653102
0.067725
0.0729289
0.0821887
0.0966258
0.118475
0.138738
0.0804769
0.0724241
0.0712977
0.070562
0.069838
0.0691037
0.0683737
0.0676562
0.0669502
0.0662708
0.065628
0.0650805
0.0647584
0.0649788
0.0664201
0.0703776
0.0788274
0.0941356
0.120481
0.139938
0.081204
0.0728737
0.0717452
0.0710339
0.0703309
0.0696225
0.0689171
0.0682197
0.0675425
0.0668712
0.0662396
0.0656475
0.0651888
0.0650857
0.0658622
0.0687914
0.0762698
0.0919219
0.122035
0.14108
0.0819195
0.0733284
0.0721915
0.0715017
0.0708189
0.0701348
0.0694474
0.0687719
0.0681147
0.0674567
0.066839
0.066235
0.0657116
0.0654195
0.0657513
0.0678779
0.0743778
0.090031
0.123307
0.14215
0.082614
0.0737904
0.072645
0.0719695
0.0713038
0.0706412
0.069967
0.0693173
0.0686692
0.0680324
0.0674185
0.0668188
0.066265
0.065863
0.0659037
0.0674232
0.0730158
0.0884472
0.124394
0.143151
0.0832801
0.07425
0.0731004
0.0724416
0.0717911
0.071142
0.0704822
0.0698511
0.0692117
0.0686007
0.0679857
0.0673965
0.0668287
0.0663627
0.0662122
0.0672796
0.072073
0.0871429
0.125342
0.144093
0.0839288
0.0747125
0.0735551
0.072914
0.0722807
0.0716444
0.0710022
0.0703776
0.0697493
0.0691519
0.0685434
0.0679659
0.0673907
0.0668918
0.066609
0.0673434
0.0714558
0.0860992
0.126183
0.144964
0.0845585
0.0751801
0.0740169
0.0733878
0.0727667
0.0721451
0.0715207
0.0709028
0.0702899
0.0696952
0.0690943
0.0685255
0.0679456
0.0674339
0.0670588
0.0675444
0.0710819
0.085284
0.126947
0.14577
0.0851651
0.0756477
0.0744875
0.0738672
0.0732519
0.0726494
0.0720258
0.0714273
0.0708239
0.0702329
0.0696426
0.0690765
0.0684939
0.0679793
0.0675419
0.067843
0.0708968
0.0846584
0.127653
0.146522
0.0857518
0.0761148
0.0749586
0.0743539
0.0737404
0.0731637
0.072531
0.0719483
0.0713501
0.0707685
0.0701857
0.0696249
0.0690397
0.068522
0.0680406
0.0682083
0.0708637
0.0841995
0.128308
0.147222
0.086322
0.0765938
0.0754308
0.07484
0.0742377
0.0736703
0.07305
0.0724726
0.0718736
0.0713062
0.0707248
0.0701729
0.0695887
0.0690674
0.0685493
0.0686157
0.0709465
0.0838868
0.128925
0.147868
0.0868699
0.0770765
0.0759132
0.0753225
0.0747425
0.0741728
0.0735725
0.0729989
0.0724041
0.0718461
0.071262
0.0707185
0.0701363
0.0696154
0.0690697
0.0690557
0.0711173
0.0836956
0.129515
0.148472
0.0874081
0.0775561
0.0763976
0.0758184
0.0752475
0.0746823
0.0740932
0.073526
0.0729394
0.0723876
0.0718032
0.0712651
0.070681
0.0701613
0.0695978
0.0695227
0.0713598
0.0836093
0.130087
0.149033
0.0879421
0.0780502
0.0768833
0.0763239
0.0757553
0.0752035
0.0746134
0.0740573
0.0734754
0.0729283
0.0723487
0.0718155
0.0712289
0.0707098
0.0701326
0.0700107
0.0716619
0.0836178
0.13065
0.149555
0.0884616
0.0785482
0.0773789
0.0768358
0.0762704
0.0757288
0.0751403
0.0745967
0.0740145
0.0734728
0.0728975
0.0723675
0.0717803
0.0712645
0.0706777
0.0705183
0.0720157
0.0837124
0.131208
0.150055
0.088979
0.0790501
0.0778864
0.0773527
0.0767943
0.0762587
0.0756757
0.0751405
0.0745599
0.0740255
0.0734526
0.0729241
0.0723364
0.0718247
0.0712332
0.0710451
0.0724156
0.083885
0.13176
0.150535
0.089503
0.0795595
0.078405
0.0778808
0.0773227
0.0767972
0.07622
0.0756865
0.0751109
0.0745834
0.0740127
0.0734886
0.0729021
0.0723926
0.0717973
0.0715871
0.0728541
0.0841263
0.132308
0.150989
0.0900265
0.0800826
0.0789351
0.078418
0.0778577
0.0773434
0.0767694
0.0762384
0.0756693
0.0751453
0.0745765
0.0740588
0.0734764
0.0729687
0.0723688
0.0721405
0.0733234
0.0844243
0.132851
0.15143
0.0905467
0.0806141
0.0794738
0.078962
0.0784048
0.0778939
0.0773222
0.0767985
0.0762347
0.0757131
0.0751464
0.0746333
0.0740554
0.0735503
0.0729471
0.0727042
0.073817
0.084766
0.133391
0.151859
0.0910696
0.0811533
0.0800154
0.0795113
0.0789622
0.0784498
0.0778824
0.0773661
0.0768041
0.0762856
0.0757225
0.0752127
0.074638
0.0741358
0.0735324
0.0732773
0.0743298
0.0851418
0.133932
0.152276
0.0915978
0.0817008
0.080564
0.0800688
0.0795242
0.0790129
0.0784514
0.0779391
0.0773776
0.0768631
0.0763043
0.0757975
0.075225
0.0747262
0.0741249
0.0738587
0.0748592
0.085547
0.134474
0.152683
0.0921264
0.0822531
0.0811245
0.0806341
0.0800905
0.0795853
0.0790273
0.0785164
0.0779579
0.0774477
0.076893
0.0763887
0.075818
0.0753228
0.0747239
0.0744482
0.0754057
0.0859804
0.13502
0.153083
0.0926542
0.0828091
0.0816912
0.0812037
0.0806634
0.0801671
0.0796101
0.0791008
0.0785466
0.0780404
0.0774891
0.076987
0.0764196
0.0759271
0.0753296
0.0750476
0.0759706
0.0864416
0.135573
0.153475
0.0931829
0.0833721
0.0822614
0.0817791
0.0812443
0.0807552
0.0802003
0.0796944
0.0791445
0.0786411
0.0780921
0.0775939
0.0770317
0.0765406
0.0759443
0.0756585
0.0765533
0.0869309
0.136132
0.153857
0.0937103
0.0839406
0.0828373
0.0823645
0.0818331
0.0813477
0.0807976
0.0802968
0.079751
0.0792499
0.0787044
0.0782118
0.0776549
0.0771649
0.0765707
0.0762813
0.0771523
0.0874482
0.1367
0.154234
0.094233
0.084512
0.0834191
0.0829576
0.0824278
0.081946
0.0814024
0.0809073
0.0803659
0.0798688
0.079329
0.0788412
0.078288
0.0777999
0.0772089
0.0769149
0.0777665
0.0879908
0.137274
0.154605
0.0947588
0.0850886
0.0840071
0.0835542
0.0830285
0.0825528
0.082016
0.0815263
0.08099
0.080499
0.0799659
0.0794805
0.0789298
0.0784446
0.0778572
0.077559
0.0783946
0.0885532
0.137853
0.154975
0.0952787
0.085673
0.0846018
0.0841563
0.0836381
0.0831697
0.0826383
0.082154
0.081624
0.0811395
0.080612
0.0801279
0.0795799
0.0790975
0.0785142
0.0782127
0.0790344
0.0891303
0.138437
0.155344
0.0958007
0.0862655
0.0852051
0.0847681
0.0842581
0.0837958
0.0832693
0.0827905
0.0822673
0.0817881
0.0812645
0.0807826
0.0802383
0.0797581
0.0791789
0.0788745
0.0796838
0.0897183
0.139027
0.155719
0.0963263
0.0868666
0.0858191
0.0853913
0.0848872
0.08443
0.0839091
0.083436
0.082919
0.0824432
0.0819229
0.0814439
0.0809043
0.0804254
0.0798495
0.0795424
0.0803412
0.0903148
0.139622
0.156102
0.096853
0.0874785
0.086445
0.0860247
0.0855243
0.0850727
0.0845582
0.0840901
0.0835781
0.0831044
0.082587
0.0821113
0.0815765
0.0810983
0.0805251
0.0802163
0.0810064
0.0909187
0.140223
0.15649
0.0973819
0.0881028
0.0870822
0.0866673
0.0861711
0.0857253
0.0852164
0.084752
0.0842435
0.0837712
0.083257
0.0827846
0.082254
0.0817767
0.0812074
0.0808979
0.0816808
0.0915321
0.140834
0.156886
0.0979163
0.088739
0.0877288
0.0873195
0.0868291
0.0863876
0.0858827
0.0854207
0.0849149
0.0844445
0.0839349
0.083465
0.0829382
0.0824634
0.0818995
0.0815896
0.0823665
0.0921591
0.141456
0.157291
0.0984575
0.0893838
0.0883849
0.0879825
0.0874974
0.0870581
0.0865567
0.0860969
0.0855941
0.0851273
0.0846229
0.0841551
0.0836327
0.0831619
0.0826037
0.0822936
0.083066
0.0928029
0.142087
0.157706
0.0990015
0.0900361
0.0890515
0.0886555
0.088174
0.087737
0.0872398
0.0867827
0.0862847
0.0858222
0.0853226
0.0848576
0.084341
0.0838741
0.0833213
0.0830115
0.0837808
0.0934641
0.142729
0.158128
0.0995464
0.090697
0.0897288
0.0893375
0.0888595
0.0884263
0.0879341
0.0874811
0.0869891
0.0865302
0.0860353
0.0855748
0.0850643
0.0846004
0.0840534
0.0837445
0.0845112
0.0941435
0.143384
0.158553
0.100096
0.0913681
0.090416
0.090029
0.0895562
0.0891278
0.0886417
0.0881936
0.0877073
0.0872516
0.0867626
0.0863074
0.0858025
0.0853417
0.0848012
0.0844929
0.0852577
0.0948433
0.144053
0.158982
0.100653
0.0920493
0.0911128
0.090732
0.0902658
0.0898426
0.0893632
0.0889199
0.0884387
0.0879875
0.0875054
0.0870551
0.086556
0.0860992
0.085565
0.0852569
0.0860216
0.0955659
0.144737
0.159416
0.101219
0.0927398
0.0918204
0.0914474
0.0909887
0.090571
0.0900983
0.0896588
0.0891839
0.0887389
0.0882638
0.087818
0.0873256
0.086873
0.0863443
0.0860371
0.0868039
0.0963116
0.145434
0.159857
0.10179
0.0934399
0.0925398
0.0921751
0.0917244
0.0913121
0.0908458
0.090411
0.089944
0.0895058
0.0890372
0.0885963
0.0881108
0.0876617
0.0871389
0.0868339
0.0876043
0.0970785
0.146143
0.160301
0.102367
0.0941513
0.0932714
0.0929148
0.0924723
0.0920652
0.0916058
0.0911775
0.0907191
0.0902868
0.0898248
0.0893891
0.08891
0.0884645
0.0879486
0.0876469
0.0884216
0.0978641
0.146866
0.160748
0.102956
0.0948749
0.094015
0.0936661
0.0932319
0.0928303
0.0923791
0.0919581
0.0915076
0.0910809
0.0906257
0.0901951
0.0897222
0.0892812
0.0887735
0.0884753
0.0892544
0.0986661
0.147601
0.161199
0.103557
0.0956106
0.0947703
0.0944291
0.0940034
0.0936079
0.0931656
0.0927516
0.0923084
0.0918872
0.091439
0.0910136
0.0905477
0.0901124
0.0896132
0.0893186
0.0901024
0.0994832
0.148349
0.161658
0.104169
0.0963573
0.0955373
0.095204
0.0947868
0.094398
0.0939648
0.0935571
0.0931212
0.0927057
0.0922647
0.0918452
0.0913873
0.0909584
0.0904678
0.0901765
0.0909654
0.100315
0.149111
0.162125
0.104789
0.0971148
0.0963162
0.0959908
0.0955824
0.0952007
0.0947766
0.0943747
0.0939463
0.0935372
0.0931041
0.0926913
0.0922423
0.0918197
0.0913374
0.0910497
0.0918439
0.101161
0.149887
0.162596
0.105417
0.0978841
0.0971076
0.0967899
0.096391
0.0960168
0.0956014
0.0952055
0.0947855
0.0943836
0.0939589
0.0935536
0.0931134
0.0926971
0.092223
0.0919392
0.0927393
0.102024
0.150681
0.16307
0.106059
0.0986671
0.0979122
0.0976025
0.0972141
0.096847
0.0964402
0.0960515
0.0956407
0.0952463
0.0948304
0.0944327
0.0940014
0.0935911
0.0931255
0.0928465
0.0936529
0.102905
0.151492
0.16355
0.106718
0.0994646
0.0987312
0.0984301
0.0980524
0.097692
0.0972947
0.0969142
0.0965128
0.0961261
0.0957192
0.0953293
0.0949065
0.0945028
0.0940468
0.0937733
0.0945863
0.103806
0.152323
0.164038
0.107393
0.100276
0.0995651
0.0992729
0.0989057
0.0985526
0.0981661
0.097794
0.0974018
0.0970231
0.0966258
0.0962437
0.0958299
0.0954339
0.0949885
0.0947212
0.0955413
0.104732
0.153174
0.164536
0.108081
0.101102
0.100414
0.10013
0.0997741
0.0994297
0.0990543
0.0986904
0.0983079
0.097938
0.0975507
0.0971772
0.0967735
0.0963866
0.0959522
0.0956914
0.0965194
0.105683
0.154047
0.165042
0.108781
0.101941
0.101277
0.101002
0.100658
0.100323
0.0999588
0.0996035
0.0992319
0.0988717
0.098495
0.0981313
0.097739
0.0973617
0.0969384
0.0966847
0.0975211
0.10666
0.154939
0.165552
0.109495
0.102795
0.102154
0.101889
0.101559
0.101233
0.10088
0.100534
0.100175
0.0998251
0.0994601
0.0991073
0.0987267
0.0983591
0.0979472
0.0977008
0.0985458
0.107662
0.15585
0.166067
0.110225
0.103664
0.103047
0.102793
0.102476
0.102159
0.101818
0.101484
0.101137
0.100799
0.100446
0.100104
0.0997354
0.0993778
0.0989776
0.0987387
0.0995919
0.108686
0.156781
0.166588
0.110973
0.104548
0.103956
0.103713
0.103409
0.103103
0.102775
0.102452
0.102118
0.101792
0.101452
0.101121
0.100764
0.100417
0.100029
0.0997973
0.100659
0.109731
0.157732
0.167116
0.11174
0.10545
0.104883
0.10465
0.104359
0.104064
0.10375
0.103439
0.103119
0.102804
0.102476
0.102157
0.101812
0.101476
0.101099
0.100876
0.101746
0.110797
0.1587
0.167651
0.112528
0.10637
0.105827
0.105604
0.105328
0.105044
0.104744
0.104445
0.104138
0.103835
0.103519
0.103211
0.102879
0.102554
0.102189
0.101975
0.102854
0.111883
0.159686
0.168195
0.113337
0.107308
0.106788
0.106577
0.106316
0.106043
0.105757
0.10547
0.105176
0.104884
0.104581
0.104285
0.103965
0.103651
0.103299
0.103094
0.103981
0.112985
0.160689
0.168747
0.114169
0.108264
0.107769
0.107569
0.107323
0.107063
0.106791
0.106515
0.106233
0.105952
0.105662
0.105377
0.10507
0.104767
0.104429
0.104233
0.105127
0.114101
0.16171
0.169306
0.115027
0.109239
0.108769
0.108581
0.108351
0.108102
0.107844
0.107579
0.107309
0.107041
0.106763
0.10649
0.106195
0.105904
0.105579
0.105392
0.106291
0.115233
0.162751
0.169876
0.115914
0.110234
0.109789
0.109614
0.109399
0.109162
0.108917
0.108664
0.108407
0.10815
0.107885
0.107624
0.107341
0.107063
0.10675
0.106573
0.107476
0.116383
0.163812
0.170456
0.11683
0.111248
0.110829
0.110666
0.110467
0.110242
0.110011
0.109769
0.109525
0.109281
0.109029
0.10878
0.10851
0.108245
0.107945
0.107777
0.108684
0.117551
0.164896
0.171049
0.117775
0.112282
0.111888
0.111738
0.111555
0.111342
0.111125
0.110896
0.110667
0.110435
0.110195
0.109959
0.109703
0.109451
0.109165
0.109008
0.109917
0.118739
0.166002
0.171662
0.11874
0.113335
0.112966
0.11283
0.112664
0.112463
0.112261
0.112046
0.111831
0.111612
0.111386
0.111164
0.110923
0.110685
0.110414
0.110268
0.111177
0.119948
0.167134
0.172297
0.119725
0.114406
0.114065
0.113942
0.113793
0.113607
0.113421
0.11322
0.113019
0.112814
0.112604
0.112397
0.112171
0.111949
0.111694
0.11156
0.112464
0.121179
0.168293
0.172956
0.120732
0.115499
0.115184
0.115077
0.114945
0.114774
0.114606
0.114419
0.114234
0.114044
0.11385
0.11366
0.11345
0.113245
0.113006
0.112883
0.113781
0.122432
0.169476
0.173643
0.121762
0.116613
0.116327
0.116234
0.116123
0.115968
0.115816
0.115644
0.115476
0.115304
0.115127
0.114953
0.11476
0.114573
0.114351
0.11424
0.115127
0.123703
0.170682
0.174363
0.12282
0.117752
0.117493
0.117417
0.117325
0.117186
0.117053
0.116898
0.116748
0.116592
0.116433
0.116277
0.116102
0.115933
0.115728
0.115628
0.116498
0.124984
0.17191
0.175124
0.123906
0.118915
0.118684
0.118626
0.118555
0.118432
0.118317
0.11818
0.118049
0.11791
0.117768
0.117631
0.117474
0.117324
0.117135
0.117046
0.117892
0.126268
0.173156
0.175932
0.125022
0.120104
0.119903
0.119862
0.119811
0.119706
0.119611
0.119491
0.119379
0.119258
0.119135
0.119016
0.118877
0.118746
0.118573
0.118493
0.119307
0.127543
0.174418
0.176797
0.126171
0.121323
0.121149
0.121126
0.121096
0.121009
0.120935
0.120833
0.12074
0.120637
0.120532
0.120431
0.12031
0.120197
0.12004
0.119969
0.120739
0.128795
0.175694
0.177734
0.127359
0.122571
0.122425
0.122421
0.122412
0.122344
0.12229
0.122207
0.122133
0.122049
0.121961
0.121878
0.121772
0.121679
0.121537
0.121474
0.122187
0.130008
0.17698
0.178764
0.128588
0.123853
0.123733
0.123748
0.123762
0.123711
0.123679
0.123614
0.123558
0.123492
0.123421
0.123355
0.123266
0.123193
0.123066
0.123008
0.123645
0.131156
0.178273
0.120113
0.083944
0.0676885
0.0626475
0.060907
0.0601985
0.0597092
0.0591549
0.0584257
0.0579723
0.0579873
0.0584195
0.0613075
0.0679914
0.076301
0.0827341
0.0853314
0.084263
0.0812202
0.119984
0.119848
0.0840516
0.0674458
0.062477
0.0608212
0.0601427
0.0596615
0.0591202
0.0584416
0.0580465
0.0580242
0.0584773
0.0615039
0.0683573
0.0767151
0.0830761
0.085564
0.0844337
0.0813964
0.119694
0.119588
0.0840981
0.0672371
0.062344
0.0607587
0.0601023
0.0596189
0.0590894
0.0584939
0.0581067
0.0580632
0.0585268
0.0616931
0.0687036
0.0771011
0.0833887
0.0857835
0.0846104
0.0815858
0.119312
0.118911
0.0840587
0.067027
0.0622361
0.0607094
0.0600616
0.0595887
0.0590796
0.0585108
0.0581669
0.0581215
0.0585839
0.0618782
0.0690347
0.0774597
0.08368
0.0859976
0.0847878
0.0817813
0.118877
0.117579
0.0838381
0.066817
0.0621608
0.0606747
0.0600371
0.0595705
0.0590777
0.0585343
0.0582314
0.058161
0.058641
0.0620598
0.0693528
0.0778023
0.0839587
0.0862016
0.0849695
0.0819798
0.118408
0.115569
0.0835773
0.0666525
0.0621226
0.0606606
0.0600261
0.0595614
0.0590698
0.058567
0.0583059
0.0581957
0.0586871
0.0622455
0.0696662
0.0781287
0.0842242
0.0864056
0.0851521
0.0821787
0.117916
0.113658
0.0833427
0.0665809
0.0621286
0.0606679
0.0600209
0.0595591
0.0591002
0.0586207
0.0583562
0.0582286
0.0587477
0.0624286
0.0699698
0.0784509
0.0844872
0.0866059
0.085333
0.0823791
0.117407
0.112257
0.0830811
0.066641
0.0621913
0.0606949
0.0600356
0.0595713
0.0591126
0.0586623
0.058476
0.0582654
0.0587915
0.0626165
0.0702819
0.0787718
0.0847447
0.0868026
0.0855142
0.0825783
0.116886
0.111001
0.082815
0.066827
0.0623097
0.0607512
0.0600589
0.0595896
0.0591498
0.0587447
0.0585041
0.0582712
0.0588491
0.0628189
0.0705988
0.0790926
0.0850005
0.0869987
0.0856938
0.082775
0.116353
0.109584
0.0825566
0.0671
0.0624721
0.060834
0.0601019
0.0596181
0.0591836
0.058797
0.0585428
0.058284
0.0589079
0.0630334
0.0709281
0.0794185
0.0852571
0.0871935
0.0858708
0.0829681
0.115812
0.107901
0.0824384
0.0674191
0.0626703
0.0609354
0.0601521
0.0596559
0.0592364
0.0588572
0.0585646
0.058293
0.0589743
0.0632658
0.0712732
0.0797521
0.0855162
0.0873866
0.0860437
0.083157
0.115264
0.106365
0.0823103
0.0677541
0.0628855
0.0610502
0.0602179
0.0597019
0.0592782
0.0588847
0.058631
0.0583081
0.0590533
0.0635201
0.0716355
0.0800974
0.0857801
0.087579
0.0862128
0.0833425
0.114712
0.105049
0.0820651
0.0680865
0.0631116
0.0611752
0.0602887
0.0597493
0.0593214
0.058947
0.058676
0.0583126
0.0591458
0.0637988
0.0720198
0.0804557
0.0860488
0.0877705
0.0863798
0.0835251
0.114154
0.10384
0.0817724
0.0683955
0.0633318
0.0613017
0.0603606
0.0598025
0.0593728
0.0590105
0.0586896
0.0583108
0.0592542
0.0641045
0.0724271
0.0808267
0.0863211
0.0879613
0.0865439
0.0837036
0.113592
0.10265
0.0815485
0.0686556
0.0635324
0.0614224
0.0604331
0.0598534
0.0594219
0.0590436
0.0587101
0.0583146
0.0593823
0.0644358
0.0728558
0.0812106
0.0865996
0.0881519
0.0867038
0.0838771
0.113025
0.101647
0.0814605
0.0688615
0.0637037
0.0615315
0.0605003
0.0599011
0.0594554
0.0590753
0.0587289
0.0583164
0.0595273
0.0647924
0.0733059
0.0816085
0.0868852
0.0883417
0.0868608
0.0840464
0.112453
0.1012
0.0814492
0.0690218
0.0638394
0.0616235
0.0605592
0.0599407
0.0594882
0.0591149
0.058725
0.0583086
0.0596905
0.0651763
0.0737786
0.0820203
0.0871752
0.088531
0.0870149
0.0842119
0.111877
0.101426
0.0814689
0.0691404
0.0639366
0.0616941
0.0606071
0.0599746
0.0595163
0.0591374
0.0587025
0.0583037
0.0598763
0.0655879
0.0742724
0.082444
0.0874695
0.0887197
0.0871651
0.0843729
0.111296
0.102052
0.0815547
0.0691522
0.0639912
0.0617441
0.060643
0.0599998
0.0595255
0.0591451
0.0586754
0.0583095
0.060086
0.0660239
0.0747829
0.0828781
0.0877676
0.0889073
0.087312
0.084529
0.110707
0.102653
0.0816124
0.0691262
0.0640038
0.0617707
0.0606655
0.0600105
0.0595269
0.059136
0.0586443
0.0583248
0.060318
0.0664804
0.0753078
0.0833193
0.0880661
0.0890935
0.0874559
0.0846794
0.110111
0.102964
0.0816175
0.0690607
0.0639734
0.061773
0.0606709
0.0600118
0.0595198
0.0591178
0.058597
0.0583505
0.060571
0.0669559
0.0758445
0.0837643
0.0883641
0.0892774
0.0875947
0.0848233
0.109506
0.102864
0.0815554
0.068955
0.0639037
0.0617522
0.0606607
0.0600018
0.0595035
0.059085
0.0585383
0.0583902
0.0608442
0.0674476
0.076389
0.0842127
0.0886624
0.0894572
0.0877268
0.0849607
0.108894
0.102265
0.081423
0.0688101
0.0638016
0.0617111
0.0606379
0.0599802
0.0594782
0.0590336
0.0584907
0.0584462
0.0611364
0.0679522
0.0769404
0.0846639
0.0889591
0.089632
0.0878531
0.0850932
0.108275
0.1011
0.0812242
0.0686295
0.0636725
0.0616557
0.0606043
0.0599493
0.0594415
0.0589877
0.0584573
0.0585171
0.0614463
0.0684704
0.0774986
0.0851153
0.089252
0.0898021
0.0879752
0.0852215
0.107648
0.0993875
0.080968
0.0684178
0.0635261
0.061588
0.060561
0.0599091
0.0593991
0.0589529
0.0584245
0.0585999
0.0617744
0.0690031
0.0780635
0.0855661
0.0895406
0.0899676
0.088093
0.0853444
0.107012
0.0972735
0.0806641
0.0681818
0.0633684
0.0615104
0.0605089
0.0598626
0.0593565
0.0589134
0.0583844
0.0586955
0.0621215
0.0695509
0.0786362
0.0860175
0.0898252
0.0901274
0.0882045
0.0854598
0.106366
0.0950078
0.0803235
0.0679262
0.0632057
0.0614259
0.0604508
0.059814
0.0593114
0.058858
0.0583461
0.0588104
0.0624899
0.0701165
0.0792195
0.0864706
0.090105
0.090279
0.0883068
0.0855668
0.105711
0.092878
0.0799815
0.0676282
0.0630453
0.0613386
0.0603908
0.0597625
0.0592601
0.0587895
0.0583279
0.0589518
0.0628844
0.0707049
0.0798163
0.0869261
0.090379
0.0904205
0.0883986
0.0856655
0.105048
0.0910963
0.0796593
0.0672994
0.0628938
0.0612541
0.0603301
0.0597089
0.0592061
0.0587241
0.0583373
0.0591212
0.0633104
0.0713218
0.08043
0.0873849
0.0906459
0.0905508
0.0884803
0.0857565
0.104379
0.0897318
0.0793418
0.0669582
0.0627565
0.0611746
0.0602712
0.0596586
0.059158
0.0586819
0.0583658
0.0593143
0.0637722
0.0719735
0.081065
0.0878481
0.0909042
0.0906692
0.0885519
0.0858399
0.103704
0.0887709
0.079034
0.06663
0.0626353
0.0611016
0.0602181
0.059614
0.0591214
0.0586766
0.058405
0.0595304
0.0642746
0.0726659
0.0817247
0.088316
0.0911534
0.0907744
0.0886119
0.0859147
0.103027
0.0883734
0.0787552
0.0663325
0.0625312
0.0610383
0.0601711
0.0595732
0.0590958
0.0586985
0.0584522
0.0597757
0.0648241
0.0734041
0.0824107
0.0887883
0.0913935
0.0908663
0.0886596
0.0859807
0.102347
0.0886684
0.0785577
0.0660277
0.062445
0.0609849
0.0601296
0.0595378
0.0590757
0.058707
0.0585012
0.060057
0.0654275
0.0741921
0.0831239
0.089264
0.0916223
0.090943
0.0886949
0.086038
0.101668
0.0895702
0.0784096
0.065729
0.0623758
0.060941
0.0600964
0.0595113
0.0590582
0.0586775
0.0585508
0.0603764
0.066089
0.0750338
0.0838667
0.0897433
0.0918371
0.0910017
0.0887162
0.0860858
0.100988
0.0907892
0.0782401
0.0655067
0.0623237
0.0609082
0.0600738
0.0594943
0.0590469
0.0585807
0.0586075
0.0607337
0.0668126
0.0759328
0.0846398
0.0902235
0.0920354
0.0910418
0.0887235
0.0861247
0.100311
0.0921427
0.0780168
0.0653939
0.0622914
0.060889
0.0600621
0.0594866
0.0590466
0.0585994
0.05874
0.0611474
0.0676094
0.0768946
0.0854416
0.0906995
0.0922149
0.0910625
0.0887173
0.0861566
0.0996357
0.093466
0.0777598
0.0653628
0.0622821
0.0608857
0.0600628
0.0594906
0.0590614
0.0586501
0.0589104
0.061618
0.0684897
0.0779247
0.0862716
0.0911703
0.092375
0.0910628
0.0886978
0.0861813
0.0989623
0.0945836
0.0775085
0.0653623
0.0622979
0.0609018
0.0600808
0.0595141
0.0591011
0.0587333
0.0591112
0.0621538
0.0694668
0.0790286
0.08713
0.0916358
0.0925147
0.0910414
0.0886647
0.086196
0.0982896
0.0953221
0.0772573
0.0654033
0.0623428
0.0609415
0.0601225
0.0595649
0.0591733
0.0588487
0.0593436
0.0627733
0.0705604
0.0802141
0.0880173
0.0920914
0.0926288
0.0909975
0.0886159
0.0861965
0.0976185
0.0955345
0.0770056
0.0654951
0.0624236
0.0610109
0.0601937
0.0596483
0.0592807
0.0589977
0.0596143
0.0635015
0.0717921
0.0814905
0.0889319
0.0925289
0.0927119
0.0909306
0.0885553
0.0861842
0.0969499
0.0951484
0.076751
0.0656426
0.0625499
0.0611185
0.060301
0.0597684
0.05943
0.0591926
0.0599345
0.0643681
0.0731822
0.0828637
0.0898692
0.0929416
0.0927601
0.0908375
0.0884813
0.0861649
0.0962816
0.0941893
0.0764897
0.0658428
0.062728
0.0612734
0.0604535
0.0599357
0.0596353
0.0594255
0.0603117
0.0654115
0.0747526
0.0843328
0.0908186
0.093324
0.0927683
0.0907179
0.0883887
0.0861387
0.0956178
0.0927482
0.0762242
0.0660859
0.0629588
0.0614823
0.060663
0.0601667
0.0599042
0.0596555
0.060757
0.0666795
0.0765258
0.0858906
0.0917617
0.0936624
0.092731
0.0905722
0.0882821
0.086104
0.0949635
0.0909462
0.0759607
0.0663609
0.0632423
0.0617513
0.0609406
0.0604746
0.0602275
0.0598362
0.061306
0.0682229
0.0785155
0.0875245
0.0926812
0.0939362
0.0926425
0.0903977
0.0881602
0.086058
0.0943119
0.0889698
0.0756992
0.0666588
0.0635791
0.0620845
0.0612893
0.0608593
0.0605587
0.0599323
0.0620452
0.0701037
0.0807239
0.0892126
0.0935507
0.0941251
0.0924905
0.0901918
0.0880317
0.0860086
0.0936646
0.0870791
0.0754352
0.0669714
0.0639682
0.0624837
0.0617058
0.0613074
0.0607323
0.0598974
0.063081
0.0723842
0.0831402
0.090917
0.0943294
0.094209
0.0922688
0.0899493
0.0878966
0.0859588
0.0930324
0.0855052
0.0751643
0.0672901
0.0644028
0.0629473
0.0621888
0.0618053
0.0609436
0.0599257
0.0646125
0.0751296
0.0857446
0.0925843
0.0949747
0.0941718
0.0919756
0.0896815
0.087751
0.0859022
0.0924135
0.0843723
0.0748891
0.0676076
0.0648677
0.0634605
0.0627227
0.0623131
0.0608967
0.0601039
0.0668221
0.0783605
0.0884875
0.0941523
0.0954389
0.093996
0.0916076
0.0893984
0.0875997
0.0858395
0.0918054
0.0837021
0.0746176
0.0679213
0.065346
0.0639942
0.0632621
0.0626985
0.0603309
0.0607195
0.0698859
0.082058
0.0912756
0.0955374
0.0956825
0.0936652
0.0911765
0.0891031
0.0874522
0.0857751
0.091205
0.0834796
0.0743437
0.0682218
0.0658154
0.0645048
0.0637207
0.0626404
0.059267
0.0623216
0.07395
0.0861572
0.0939905
0.0966391
0.0956669
0.0931767
0.0906983
0.0888038
0.0873116
0.0857151
0.090612
0.0836572
0.0740493
0.0684838
0.0662293
0.0649129
0.0639234
0.0613804
0.0581478
0.0654612
0.0790454
0.0905126
0.0964717
0.0973618
0.095353
0.0925502
0.0901865
0.0885084
0.0871759
0.0856569
0.0900221
0.0840698
0.073709
0.0686588
0.0664965
0.0650519
0.0634989
0.0584383
0.0583889
0.0705505
0.0850399
0.0948704
0.0985025
0.0976039
0.0947282
0.0918205
0.0896764
0.0882366
0.08705
0.0855929
0.0894259
0.0844658
0.0732765
0.0686571
0.0664492
0.0645978
0.061793
0.0562354
0.0622275
0.0779159
0.0916947
0.0988729
0.0998365
0.0972618
0.0938115
0.0910207
0.0891911
0.0880012
0.0869386
0.0855131
0.0888067
0.0845692
0.0726547
0.0682927
0.0657372
0.062963
0.0577639
0.0558898
0.0696587
0.0870263
0.0983999
0.102034
0.100236
0.0963139
0.092674
0.0902091
0.088754
0.0878071
0.0868448
0.0854252
0.0881622
0.0840688
0.0716258
0.0671495
0.0636496
0.059274
0.051666
0.0601709
0.0806029
0.0969651
0.104226
0.10378
0.0995094
0.094829
0.0914299
0.089457
0.0883874
0.0876453
0.0867495
0.0853249
0.087501
0.082929
0.0697043
0.0644468
0.0593718
0.05348
0.0543795
0.0741798
0.0953977
0.106907
0.108324
0.103729
0.0977122
0.0930054
0.0902234
0.088835
0.0881196
0.0875224
0.0866462
0.0852029
0.0868223
0.0878823
0.0659858
0.0595252
0.0532476
0.0471525
0.0651812
0.0926815
0.109948
0.114089
0.109303
0.101583
0.0950814
0.0911033
0.0891826
0.0883799
0.0879549
0.0874427
0.0865522
0.0850833
0.086138
0.0937457
0.0594198
0.0521454
0.046478
0.0604982
0.0924271
0.115444
0.12233
0.117031
0.106877
0.0978468
0.0921757
0.0894367
0.0884235
0.0881083
0.0878743
0.0873856
0.0864654
0.084977
0.08546
0.0788552
0.0503065
0.0448397
0.0521167
0.0911312
0.12249
0.13307
0.127187
0.113887
0.101436
0.0934509
0.0895936
0.0882458
0.0880121
0.0880245
0.0878662
0.087347
0.0863935
0.0848924
0.0848179
0.0556726
0.042059
0.0427837
0.0935822
0.134402
0.148065
0.140676
0.123081
0.106066
0.0949755
0.089619
0.0878126
0.0876413
0.0879354
0.0880968
0.0879116
0.0873214
0.0863332
0.0848419
0.0843237
0.0862249
0.0391865
0.109202
0.156097
0.168657
0.157521
0.134544
0.111931
0.0968836
0.0895614
0.0871197
0.086981
0.0875749
0.088109
0.0882631
0.0879843
0.0873041
0.0862869
0.0849017
0.0839019
0.117179
0.146187
0.186779
0.191104
0.174605
0.146946
0.118968
0.0994081
0.0895822
0.0862475
0.0860604
0.0869616
0.0878978
0.0884282
0.0884605
0.0880478
0.0872762
0.086257
0.0851223
0.0825868
0.116705
0.193701
0.202868
0.187063
0.158812
0.127579
0.103322
0.0901551
0.0853751
0.084935
0.0860931
0.0874625
0.0884165
0.0887866
0.0886313
0.08807
0.0872175
0.0863162
0.0851886
0.0826641
0.214963
0.222784
0.203416
0.173744
0.139927
0.110436
0.0923422
0.0849585
0.0837175
0.08498
0.0867612
0.0882002
0.0889723
0.0891029
0.0887343
0.0880151
0.0871251
0.0862125
0.0849147
0.0828359
0.235981
0.222066
0.191784
0.156476
0.122307
0.0976107
0.0857144
0.0826495
0.0836162
0.0857475
0.0876932
0.0889662
0.0894617
0.0893261
0.0887499
0.0878826
0.0870669
0.0859769
0.0845982
0.0831446
0.24542
0.215992
0.178367
0.14024
0.108157
0.0890619
0.0822527
0.0821052
0.0843411
0.0868166
0.0886604
0.0896469
0.0898315
0.0894246
0.088631
0.0876865
0.0866825
0.0856133
0.0842552
0.0835481
0.250623
0.208155
0.165111
0.126077
0.0975409
0.0838092
0.080824
0.0825421
0.085434
0.087935
0.0895362
0.0901921
0.0900652
0.0893991
0.0883996
0.0874709
0.086386
0.0852468
0.0838976
0.0840187
0.253849
0.199905
0.152829
0.114262
0.0899522
0.0808508
0.0806169
0.0834808
0.0866369
0.088979
0.0902636
0.0905688
0.0901373
0.0892294
0.0880987
0.0869914
0.0859479
0.0848306
0.0835238
0.0845439
0.25589
0.191864
0.141857
0.104713
0.0847358
0.0793997
0.0810946
0.0846286
0.0878135
0.0899047
0.0908363
0.0907852
0.090051
0.0889239
0.087725
0.0865769
0.0855011
0.0843838
0.0831365
0.0851176
0.257201
0.184265
0.132232
0.0971606
0.0812846
0.0789116
0.0819305
0.085821
0.0888948
0.0906788
0.0912348
0.0908395
0.0898236
0.0885107
0.087372
0.086152
0.0850046
0.0839099
0.0827457
0.0857361
0.258077
0.177188
0.123867
0.0912681
0.0790883
0.0790162
0.0829376
0.0869893
0.0898671
0.0913031
0.0914759
0.0907399
0.0894622
0.0879878
0.0866239
0.0854833
0.0844159
0.0834166
0.0823575
0.0863937
0.258659
0.170671
0.116651
0.0867174
0.0777581
0.0794634
0.083999
0.0880875
0.0907205
0.0917923
0.0915911
0.0905213
0.0890004
0.0873896
0.0859321
0.0847855
0.0837985
0.082913
0.0819657
0.0870819
0.25901
0.164708
0.110451
0.0832339
0.0770284
0.0801054
0.0850543
0.0890957
0.0914521
0.0921598
0.0915912
0.0902055
0.0884609
0.0867346
0.085221
0.0840908
0.0831805
0.0824014
0.0815672
0.087795
0.259189
0.159245
0.105114
0.0805818
0.0767079
0.0808453
0.0860687
0.0900138
0.0920804
0.0924266
0.0914926
0.0898034
0.0878509
0.0860532
0.0845189
0.083404
0.0825562
0.0818792
0.081163
0.0885297
0.259242
0.154245
0.100522
0.0785723
0.0766604
0.0816196
0.0870241
0.0908387
0.0926164
0.0926032
0.0913088
0.0893252
0.0871813
0.0853427
0.0838196
0.0827116
0.0819194
0.0813485
0.0807533
0.0892829
0.259179
0.149691
0.0965765
0.0770552
0.0767951
0.0823976
0.087916
0.0915777
0.0930667
0.0926965
0.0910492
0.0887797
0.0864517
0.0846113
0.0831125
0.082006
0.0812739
0.0808137
0.0803397
0.0900517
0.259014
0.145544
0.0931939
0.0759185
0.0770434
0.0831597
0.0887433
0.0922457
0.0934464
0.0927235
0.0907308
0.0881863
0.085677
0.0838693
0.0823594
0.0812671
0.0806173
0.0802768
0.0799237
0.0908323
0.258767
0.141758
0.0902945
0.0750784
0.0773605
0.0838927
0.0895101
0.0928512
0.0937674
0.0927055
0.0903782
0.087563
0.0848716
0.0828879
0.0814726
0.0804809
0.079947
0.0797377
0.0795039
0.0916191
0.258458
0.138303
0.0878067
0.0744639
0.0777215
0.0845929
0.0902221
0.0934003
0.094043
0.0926598
0.0900061
0.0869182
0.0840438
0.0819433
0.080546
0.0796627
0.079264
0.0791941
0.079076
0.0924067
0.258105
0.135147
0.0856637
0.074019
0.078106
0.0852582
0.0908843
0.0939036
0.0942857
0.0925922
0.0896168
0.0862581
0.0832063
0.080983
0.0796002
0.0788253
0.0785696
0.0786436
0.0786373
0.0931924
0.257706
0.132268
0.0838162
0.0737046
0.0784986
0.0858865
0.0915014
0.0943687
0.0945006
0.0925045
0.089215
0.0855892
0.0823642
0.0800181
0.0786523
0.0779794
0.0778684
0.0780882
0.0781886
0.0939753
0.25726
0.129642
0.0822276
0.0734918
0.0788918
0.0864803
0.0920776
0.0947979
0.0946893
0.0924041
0.0888115
0.0849193
0.0815217
0.0790545
0.0777136
0.0771369
0.0771702
0.0775336
0.0777319
0.0947545
0.256782
0.127241
0.0808603
0.0733588
0.0792832
0.0870427
0.0926167
0.0951952
0.0948585
0.0923
0.0884147
0.0842577
0.0806879
0.0781061
0.0767938
0.0763095
0.0764839
0.0769827
0.0772669
0.0955281
0.256279
0.125044
0.0796834
0.0732901
0.0796699
0.0875751
0.0931234
0.0955681
0.0950168
0.0921985
0.0880311
0.0836137
0.0798723
0.07718
0.0758963
0.0755025
0.0758108
0.0764333
0.0767909
0.0962937
0.25575
0.123045
0.0786728
0.0732718
0.0800479
0.0880791
0.0936027
0.0959228
0.0951687
0.0921028
0.0876656
0.0829924
0.0790774
0.0762739
0.0750194
0.0747114
0.0751455
0.0758814
0.0763007
0.0970495
0.2552
0.121224
0.0778035
0.0732904
0.0804146
0.088557
0.0940576
0.0962613
0.0953151
0.0920154
0.0873198
0.0823913
0.078302
0.0753911
0.0741616
0.0739291
0.0744832
0.0753239
0.075793
0.0977946
0.254633
0.119551
0.077053
0.0733364
0.080769
0.0890103
0.0944897
0.096584
0.0954576
0.091938
0.0869927
0.0818083
0.0775619
0.0745492
0.0733258
0.0731535
0.0738223
0.0747579
0.0752636
0.0985293
0.254043
0.118012
0.0764037
0.0734031
0.0811106
0.0894415
0.0949013
0.0968931
0.0955983
0.0918718
0.0866856
0.08125
0.0768828
0.0737722
0.072519
0.072386
0.0731605
0.0741791
0.0747083
0.0992562
0.25343
0.116602
0.0758417
0.0734858
0.08144
0.0898535
0.0952954
0.0971916
0.0957398
0.0918186
0.0864031
0.0807222
0.0762708
0.073069
0.0717429
0.0716245
0.0724932
0.0735828
0.0741232
0.0999807
0.252801
0.11531
0.0753555
0.0735823
0.0817596
0.0902492
0.0956754
0.0974836
0.0958848
0.0917811
0.0861488
0.0802216
0.0757083
0.0724222
0.0709863
0.0708624
0.0718146
0.0729643
0.0735036
0.100711
0.252157
0.114123
0.0749366
0.0736913
0.0820708
0.0906312
0.096045
0.0977724
0.0960354
0.091761
0.0859213
0.079737
0.0751653
0.0717941
0.0702317
0.0700909
0.0711185
0.0723184
0.0728443
0.101462
0.251499
0.113032
0.074577
0.0738102
0.0823741
0.0910017
0.096407
0.0980592
0.0961926
0.0917573
0.0857149
0.0792552
0.0746111
0.0711482
0.0694639
0.0693016
0.0703979
0.0716395
0.0721398
0.102251
0.250826
0.112027
0.074269
0.0739367
0.0826705
0.0913628
0.0967617
0.0983439
0.096356
0.0917668
0.0855235
0.0787664
0.0740323
0.0704676
0.0686738
0.0684865
0.0696465
0.0709225
0.0713846
0.103108
0.250135
0.1111
0.0740064
0.0740698
0.0829611
0.0917145
0.0971082
0.0986257
0.0965235
0.0917856
0.0853436
0.0782684
0.0734373
0.0697508
0.0678541
0.0676391
0.0688582
0.0701617
0.0705724
0.104067
0.249425
0.110249
0.0737846
0.074209
0.0832459
0.0920561
0.0974461
0.0989036
0.0966929
0.0918124
0.0851764
0.077765
0.0728319
0.0689927
0.0669954
0.0667522
0.0680254
0.0693499
0.0696971
0.10517
0.248697
0.109474
0.0735993
0.0743534
0.0835246
0.092388
0.097776
0.0991778
0.0968647
0.0918491
0.0850255
0.0772572
0.0721975
0.0681744
0.0660805
0.0658155
0.0671395
0.0684803
0.0687544
0.10647
0.247956
0.10877
0.0734459
0.074502
0.0837975
0.0927114
0.0980998
0.0994507
0.097042
0.0918984
0.0848918
0.0767403
0.0714865
0.0672572
0.0650863
0.0648181
0.0661938
0.0675492
0.0677439
0.108028
0.247205
0.10813
0.0733201
0.0746538
0.0840654
0.0930284
0.0984204
0.0997255
0.0972268
0.0919604
0.0847733
0.0762084
0.0706335
0.0662018
0.0639939
0.0637528
0.0651862
0.066558
0.0666728
0.10991
0.246445
0.107544
0.0732192
0.0748089
0.0843301
0.093342
0.0987405
0.100003
0.0974183
0.0920329
0.0846688
0.0756623
0.0695854
0.0649956
0.062799
0.0626182
0.0641194
0.0655115
0.065553
0.112189
0.245673
0.10701
0.0731423
0.074968
0.0845938
0.093654
0.0990601
0.100282
0.0976139
0.0921143
0.0845805
0.0751118
0.0683161
0.0636571
0.0615097
0.0614163
0.062999
0.0644202
0.0644242
0.114931
0.244887
0.106528
0.0730894
0.0751322
0.0848572
0.0939637
0.0993766
0.100559
0.0978127
0.0922064
0.0845123
0.0745711
0.06683
0.0622196
0.0601321
0.060146
0.0618366
0.0632991
0.0633048
0.118214
0.244086
0.106101
0.0730597
0.0753013
0.0851197
0.0942691
0.0996878
0.100834
0.098017
0.0923119
0.0844678
0.0740558
0.0651504
0.0607173
0.0586587
0.0588097
0.0606501
0.062173
0.0622939
0.122076
0.243273
0.105725
0.0730511
0.0754744
0.0853797
0.0945688
0.0999941
0.101109
0.0982298
0.0924333
0.0844509
0.0735794
0.0632808
0.0591577
0.0570779
0.0574154
0.0594735
0.0610817
0.0614194
0.126549
0.24245
0.105391
0.0730614
0.0756504
0.0856366
0.0948638
0.100299
0.101389
0.0984529
0.0925728
0.0844652
0.0731509
0.0611759
0.0574965
0.0553715
0.0560001
0.0583527
0.0600605
0.0613415
0.131361
0.241615
0.105095
0.0730894
0.0758292
0.0858915
0.0951568
0.100605
0.101674
0.0986867
0.0927319
0.0845122
0.0727805
0.0588238
0.0556519
0.0535405
0.0546226
0.0573439
0.0592139
0.0625554
0.136249
0.240769
0.104833
0.0731352
0.076012
0.0861469
0.0954505
0.100914
0.101964
0.0989308
0.0929098
0.0845925
0.0724874
0.0563211
0.0534877
0.0516188
0.0533778
0.0565205
0.0588787
0.0648252
0.141189
0.23991
0.104606
0.0731989
0.0762001
0.0864048
0.0957454
0.101224
0.102258
0.0991838
0.0931044
0.0847061
0.0722904
0.0539504
0.0508991
0.0497258
0.0523821
0.0560994
0.0592085
0.0679129
0.146156
0.239043
0.104411
0.0732801
0.0763951
0.0866662
0.0960411
0.101535
0.102554
0.0994429
0.0933143
0.084854
0.0722625
0.0518429
0.0476347
0.0481192
0.0519011
0.0561902
0.0601808
0.0716221
0.151125
0.23817
0.104243
0.0733784
0.0765985
0.0869313
0.0963369
0.101843
0.10285
0.0997104
0.0935484
0.0850592
0.0721879
0.0503337
0.0440431
0.0472868
0.0520418
0.0567577
0.061737
0.0757731
0.156073
0.237293
0.104099
0.0734935
0.0768099
0.0871993
0.0966309
0.10215
0.103151
0.0999872
0.0937852
0.0852415
0.0720991
0.0498596
0.0418599
0.0473907
0.0526829
0.0577651
0.0637808
0.0802059
0.16098
0.236415
0.10397
0.0736227
0.077027
0.087469
0.0969236
0.102459
0.103454
0.100264
0.0940239
0.0854036
0.072192
0.0501115
0.0417667
0.0481828
0.0537323
0.0591421
0.0661973
0.0847836
0.165828
0.235537
0.103852
0.073762
0.0772494
0.0877417
0.0972195
0.102767
0.103754
0.100538
0.0942693
0.0856482
0.0724122
0.0505509
0.0431042
0.0494514
0.0550821
0.0608011
0.0688693
0.0893915
0.170598
0.234657
0.103741
0.0739072
0.0774798
0.0880177
0.0975165
0.103075
0.104051
0.100818
0.0945461
0.0859315
0.0727285
0.0511637
0.0451244
0.0510045
0.0566261
0.0626491
0.0716858
0.0939357
0.175274
0.233771
0.103637
0.0740547
0.0777168
0.0882975
0.0978157
0.103382
0.104348
0.101108
0.0948381
0.0862549
0.0731522
0.0518988
0.0473393
0.0526864
0.0582688
0.0645973
0.0745478
0.0983408
0.179842
0.232879
0.103538
0.0742009
0.0779586
0.0885815
0.0981179
0.103687
0.104648
0.101405
0.0951454
0.0866156
0.073682
0.0526919
0.0494652
0.0543779
0.0599292
0.0665667
0.077372
0.10255
0.184292
0.231979
0.103439
0.0743449
0.0782029
0.0888699
0.0984244
0.103992
0.104951
0.101711
0.0954664
0.0870064
0.0743063
0.0534834
0.0513584
0.0559932
0.0615422
0.0684917
0.0800927
0.106523
0.188615
0.23107
0.103338
0.0744894
0.0784456
0.0891622
0.0987376
0.104301
0.105259
0.102024
0.0957976
0.0874179
0.0750095
0.0542294
0.0529649
0.0574742
0.0630591
0.0703223
0.0826611
0.110234
0.192801
0.230148
0.103236
0.0746366
0.0786917
0.0894564
0.0990544
0.104618
0.105571
0.102342
0.0961352
0.0878437
0.0757785
0.054901
0.0542777
0.0587868
0.0644466
0.0720218
0.0850416
0.113667
0.196842
0.229216
0.103133
0.0747865
0.0789429
0.089756
0.0993736
0.104942
0.105888
0.102664
0.0964771
0.0882806
0.0766026
0.0554809
0.0553063
0.0599139
0.0656834
0.0735643
0.0872088
0.11681
0.200734
0.228275
0.103027
0.0749377
0.0791994
0.0900621
0.0996992
0.105271
0.106208
0.102985
0.0968234
0.0887265
0.0774692
0.0559751
0.0560648
0.0608503
0.0667571
0.0749323
0.0891454
0.119658
0.204472
0.227328
0.102912
0.0750888
0.0794616
0.0903754
0.100032
0.105605
0.106531
0.103303
0.0971763
0.0891777
0.0783596
0.056432
0.0565734
0.0615987
0.0676618
0.0761154
0.0908417
0.122212
0.208056
0.226373
0.102783
0.0752394
0.0797296
0.0906963
0.100371
0.105944
0.10686
0.103625
0.0975272
0.0896238
0.0792414
0.0569797
0.0568523
0.0621662
0.068397
0.0771101
0.0922945
0.124477
0.211483
0.225408
0.102639
0.0753901
0.0800041
0.0910254
0.100718
0.106291
0.107196
0.103953
0.0978652
0.0900685
0.080052
0.0578623
0.0569049
0.0625627
0.0689655
0.0779173
0.0935038
0.12646
0.214755
0.224432
0.102483
0.0755413
0.0802853
0.0913633
0.101075
0.106647
0.10754
0.104284
0.098202
0.0904614
0.0807969
0.0594371
0.056639
0.0627989
0.0693727
0.0785411
0.0944719
0.12817
0.217874
0.223445
0.102314
0.0756929
0.0805736
0.0917109
0.101443
0.107013
0.10789
0.104619
0.0985363
0.0908456
0.0814531
0.0618
0.0557938
0.0628871
0.0696252
0.0789886
0.0952028
0.129619
0.220845
0.222448
0.102133
0.0758451
0.0808697
0.0920692
0.101821
0.107389
0.108246
0.104954
0.0988678
0.0912217
0.0820371
0.0642931
0.0543803
0.0628586
0.0697319
0.0792702
0.0957015
0.130822
0.223673
0.221441
0.101939
0.0759984
0.0811744
0.0924387
0.102211
0.107774
0.108607
0.105291
0.0991967
0.0915892
0.0825968
0.066127
0.053072
0.0627233
0.0697084
0.0794003
0.095973
0.131794
0.226362
0.220424
0.101735
0.0761535
0.0814882
0.0928197
0.102612
0.108167
0.108974
0.10563
0.0995228
0.0919462
0.0831281
0.0678135
0.0522559
0.0623049
0.069587
0.0794014
0.0960213
0.132549
0.228919
0.219397
0.101521
0.0763107
0.0818115
0.0932124
0.103023
0.108569
0.109348
0.105972
0.0998457
0.0922916
0.0836294
0.0693604
0.0519894
0.0617034
0.0693017
0.0792773
0.0958564
0.133093
0.231352
0.218363
0.101297
0.0764704
0.0821442
0.0936166
0.103446
0.108981
0.109727
0.106316
0.100166
0.0926264
0.0841001
0.0707622
0.0522332
0.0609858
0.0689333
0.078935
0.0954542
0.133445
0.233675
0.217321
0.101063
0.0766325
0.0824864
0.0940325
0.103881
0.109403
0.110115
0.106662
0.100484
0.092952
0.0845405
0.0719939
0.0529108
0.0601765
0.0684718
0.0784976
0.0948876
0.133485
0.235912
0.216271
0.100816
0.0767974
0.0828377
0.0944599
0.104327
0.109835
0.11051
0.107013
0.100801
0.0932696
0.0849509
0.0730371
0.0539311
0.0593164
0.067916
0.0779862
0.0942345
0.133091
0.238099
0.215212
0.100557
0.0769655
0.0831982
0.094899
0.104785
0.110278
0.110913
0.107368
0.101118
0.0935795
0.0853335
0.0739033
0.0552091
0.0584566
0.0672683
0.0774019
0.0934954
0.132177
0.24027
0.214142
0.100289
0.0771379
0.0835682
0.09535
0.105256
0.110732
0.111324
0.107727
0.101434
0.0938826
0.0856943
0.074645
0.0566755
0.0576538
0.0665353
0.076748
0.0926766
0.131105
0.242254
0.213059
0.100014
0.0773162
0.0839485
0.095813
0.105738
0.111195
0.111741
0.108089
0.10175
0.0941812
0.0860431
0.0753355
0.0582753
0.0569634
0.0657276
0.0760279
0.0917839
0.129967
0.244019
0.211964
0.0997382
0.0775016
0.0843393
0.0962873
0.106229
0.111665
0.112162
0.108453
0.102066
0.0944796
0.0863904
0.0760308
0.0599574
0.0564336
0.0648598
0.0752456
0.0908235
0.128765
0.245571
0.210858
0.099463
0.0776942
0.0847402
0.0967713
0.106729
0.11214
0.112587
0.10882
0.102387
0.0947822
0.0867417
0.0767516
0.061671
0.0560986
0.0639508
0.0744058
0.0898027
0.127506
0.246921
0.209744
0.0991859
0.0778931
0.0851496
0.0972632
0.107234
0.112621
0.113018
0.109195
0.102716
0.0950913
0.0870932
0.077464
0.0633891
0.0559763
0.0630241
0.0735149
0.0887289
0.126197
0.24808
0.208623
0.0989034
0.0780973
0.0855663
0.0977622
0.107747
0.113109
0.113457
0.10958
0.103055
0.0954065
0.0874341
0.0780636
0.0650719
0.0560661
0.0621068
0.0725813
0.0876104
0.124844
0.24906
0.207491
0.0986152
0.0783072
0.0859903
0.0982694
0.108269
0.113607
0.113907
0.109975
0.103403
0.0957264
0.087763
0.0785237
0.0665606
0.0563365
0.061224
0.0716136
0.0864545
0.123453
0.249871
0.206346
0.0983268
0.0785249
0.0864232
0.0987866
0.108802
0.114117
0.114369
0.110382
0.103759
0.0960503
0.0880866
0.0789784
0.0677804
0.056743
0.0603967
0.0706201
0.085267
0.12203
0.250523
0.205186
0.0980462
0.078753
0.086867
0.0993159
0.109347
0.114639
0.114842
0.110798
0.104123
0.0963782
0.088403
0.0793721
0.0687707
0.0572546
0.0596423
0.0696081
0.0840524
0.120577
0.251023
0.204015
0.0977792
0.0789934
0.0873231
0.0998579
0.109905
0.115171
0.115324
0.111223
0.104495
0.0967155
0.088726
0.0797457
0.0696152
0.0578567
0.0589752
0.0685844
0.082814
0.119096
0.25138
0.202835
0.097527
0.0792462
0.0877917
0.100412
0.110474
0.115714
0.115816
0.111657
0.104879
0.0970657
0.0890636
0.0801393
0.0703696
0.058538
0.058407
0.0675567
0.0815555
0.117591
0.251603
0.20165
0.0972868
0.0795111
0.0882726
0.100978
0.111053
0.116266
0.116318
0.112103
0.105276
0.0974306
0.0894157
0.0805404
0.0710627
0.0592858
0.0579476
0.0665343
0.0802819
0.116065
0.251704
0.200459
0.0970561
0.0797877
0.0887656
0.101557
0.111644
0.11683
0.116832
0.112564
0.105689
0.0978118
0.0897829
0.0809408
0.0717163
0.0600863
0.0576052
0.0655285
0.0789998
0.114523
0.251696
0.19926
0.0968343
0.0800761
0.0892713
0.102147
0.112248
0.117405
0.117359
0.113039
0.106118
0.0982088
0.0901652
0.0813392
0.0723471
0.0609264
0.0573839
0.0645514
0.0777159
0.112971
0.251592
0.198054
0.0966227
0.0803768
0.0897904
0.102752
0.112865
0.117994
0.1179
0.113528
0.10656
0.0986198
0.0905604
0.0817473
0.0729602
0.0617926
0.0572826
0.0636147
0.0764365
0.111415
0.251403
0.196841
0.0964218
0.0806903
0.0903233
0.103371
0.113495
0.118596
0.118454
0.114029
0.107014
0.0990425
0.0909676
0.0821646
0.0735585
0.0626696
0.0572958
0.0627287
0.0751666
0.109856
0.251138
0.19562
0.0962297
0.0810162
0.0908703
0.104004
0.11414
0.119211
0.119019
0.11454
0.107477
0.0994747
0.0913927
0.0825881
0.0741343
0.06354
0.0574127
0.0619004
0.0739108
0.108298
0.250806
0.194394
0.0960431
0.0813533
0.0914309
0.104651
0.114798
0.119837
0.119594
0.115061
0.10795
0.0999179
0.0918279
0.0830435
0.0746799
0.0643875
0.0576191
0.0611353
0.072673
0.106743
0.250413
0.19316
0.0958595
0.0817008
0.092005
0.105313
0.115469
0.120476
0.120178
0.115591
0.108433
0.100373
0.0922697
0.0835198
0.0751905
0.0651992
0.0578992
0.0604376
0.0714568
0.105192
0.249971
0.191918
0.0956771
0.082058
0.0925925
0.105989
0.116155
0.121126
0.120774
0.116131
0.108927
0.10084
0.0927246
0.0839922
0.0756685
0.0659661
0.0582393
0.0598109
0.0702674
0.103651
0.24949
0.190667
0.0954952
0.0824244
0.0931934
0.106681
0.116856
0.121791
0.121382
0.116682
0.109433
0.10132
0.0932017
0.0844538
0.0761209
0.0666842
0.0586285
0.0592581
0.0691105
0.102122
0.24898
0.189408
0.0953132
0.0827995
0.0938081
0.107388
0.117573
0.12247
0.122003
0.117245
0.10995
0.101815
0.0937018
0.0849494
0.0765555
0.0673551
0.0590572
0.0587811
0.0679909
0.100611
0.24845
0.18814
0.0951299
0.0831827
0.0944366
0.108112
0.118305
0.123163
0.122637
0.11782
0.110476
0.102323
0.0942231
0.0854962
0.0769658
0.0679815
0.0595162
0.0583801
0.0669125
0.0991203
0.247907
0.186864
0.0949443
0.0835733
0.095078
0.108851
0.119054
0.123871
0.123283
0.118404
0.111011
0.102842
0.0947734
0.0861152
0.077357
0.0685657
0.0599987
0.0580541
0.0658783
0.0976507
0.247355
0.185582
0.0947566
0.0839708
0.0957324
0.109605
0.119818
0.124594
0.123942
0.118997
0.111555
0.103371
0.09536
0.08676
0.0777471
0.0691146
0.0604988
0.0578011
0.0648906
0.0962029
0.246793
0.184292
0.0945688
0.0843759
0.096399
0.110375
0.120598
0.125331
0.124612
0.1196
0.112106
0.103912
0.095976
0.0875359
0.0781985
0.0696426
0.0610141
0.0576188
0.0639515
0.0947752
0.246213
0.182994
0.0943848
0.0847888
0.0970773
0.111158
0.121393
0.126082
0.125293
0.120213
0.112666
0.104468
0.0966101
0.088457
0.0788082
0.0701738
0.0615428
0.0575064
0.0630626
0.0933643
0.245596
)
;

boundaryField
{
    wall
    {
        type            compressible::alphatJayatillekeWallFunction;
        Prt             0.85;
        value           uniform 0;
    }
    inlet
    {
        type            calculated;
        value           uniform 9.47574;
    }
    outlet
    {
        type            calculated;
        value           nonuniform List<scalar> 
20
(
0.138435
0.073579
0.0768814
0.0762312
0.0710756
0.0643353
0.0599326
0.0588194
0.0591525
0.0597881
0.0604155
8.06525
8.06525
8.06525
8.06525
8.06525
8.06525
8.06525
8.06525
0.137053
)
;
    }
    heatWall
    {
        type            compressible::alphatJayatillekeWallFunction;
        Prt             0.85;
        value           nonuniform List<scalar> 
840
(
0.0115111
0.0113732
0.0112409
0.0111139
0.0109916
0.0108732
0.0107581
0.010646
0.0105369
0.0104306
0.010327
0.010226
0.0101275
0.0100316
0.00993801
0.00984681
0.00975789
0.00967118
0.0095866
0.00950407
0.00942353
0.00934491
0.00926816
0.00919322
0.00912002
0.00904851
0.00897862
0.00891032
0.00884354
0.00877823
0.00871434
0.00865181
0.0085906
0.00853066
0.00847194
0.00841439
0.00835797
0.00830264
0.00824836
0.0081951
0.00814283
0.0080915
0.00804106
0.00799145
0.00794259
0.00789439
0.00784677
0.0077996
0.00775275
0.00770603
0.01018
0.0101095
0.0101031
0.0100992
0.0100977
0.010098
0.0101
0.0101036
0.0101087
0.0101151
0.0101228
0.0101315
0.0101412
0.0101517
0.0101629
0.0101747
0.0101869
0.0101996
0.0102125
0.0102259
0.0102396
0.0102537
0.0102685
0.010284
0.0103005
0.0103181
0.0103372
0.010358
0.0103808
0.0104059
0.0104334
0.0104637
0.0104968
0.0105328
0.0105717
0.0106135
0.0106579
0.0107049
0.0107544
0.0108062
0.0108601
0.0109154
0.0109724
0.0110312
0.0110918
0.0111544
0.0112192
0.011286
0.0113551
0.0114265
0.0115002
0.0115761
0.0116544
0.011735
0.0118178
0.0119028
0.01199
0.0120793
0.0121705
0.0122635
0.0123582
0.0124542
0.0125513
0.0126491
0.0127471
0.0128448
0.0129413
0.0130358
0.0131273
0.0132146
0.013296
0.01337
0.0134345
0.0134871
0.0135248
0.0135443
0.0135413
0.0135106
0.0134456
0.0133374
0.0131728
0.0129301
0.0125685
0.0119853
0.0106393
0.00556586
0.00496316
0.00509552
0.0051891
0.00525971
0.00531636
0.0053637
0.00540456
0.00544073
0.0054734
0.00550342
0.00553141
0.00555781
0.00558297
0.00560714
0.00563057
0.00565348
0.00567605
0.00569841
0.00572067
0.00574293
0.00576524
0.00578764
0.0058102
0.00583294
0.00585591
0.00587912
0.00590264
0.0059265
0.00595073
0.00597534
0.00600033
0.00602569
0.00605142
0.00607751
0.00610397
0.00613082
0.00615807
0.00618576
0.00621393
0.00624259
0.00627177
0.00630149
0.00633177
0.00636261
0.00639405
0.00642609
0.00645875
0.00649205
0.00652602
0.00656067
0.00659604
0.00663217
0.00666909
0.00670682
0.00674539
0.0067848
0.00682507
0.00686619
0.00690817
0.00695099
0.00699465
0.00703917
0.00708455
0.00713082
0.00717799
0.00722608
0.0072751
0.00732506
0.00737592
0.00742766
0.00748018
0.00753339
0.00758713
0.00764112
0.00522354
0.00520299
0.00518046
0.00515666
0.00513213
0.00510714
0.00508184
0.00505633
0.00503063
0.00500477
0.00497876
0.0049526
0.00492628
0.00489978
0.00487312
0.0048463
0.00481934
0.00479225
0.00476502
0.00473767
0.00471018
0.00468257
0.00465482
0.00462689
0.00459875
0.00457036
0.0045417
0.00451277
0.0044836
0.00445422
0.00442468
0.00439503
0.00436531
0.00433555
0.00430578
0.004276
0.00424619
0.00421635
0.00418646
0.00415651
0.00412658
0.00409677
0.00406715
0.00403779
0.00400875
0.00398017
0.00395209
0.00392445
0.0038972
0.00387025
0.00384353
0.00381699
0.00379061
0.00376455
0.00373918
0.00371493
0.00369246
0.00367257
0.0036559
0.00364307
0.0036341
0.00362913
0.00364171
0.00365766
0.00367668
0.00369787
0.0037208
0.00374522
0.00377099
0.00379798
0.00382604
0.00385505
0.00388497
0.00391577
0.00394745
0.00398001
0.00401347
0.00404784
0.00408321
0.00411972
0.00415753
0.00419685
0.00423794
0.00428107
0.00432661
0.00437496
0.00442665
0.00448228
0.00454255
0.00460827
0.00468035
0.00475981
0.00484774
0.00494527
0.00505355
0.00517362
0.00530636
0.00545235
0.00561169
0.00578394
0.00596783
0.0061613
0.00636113
0.00656327
0.00676386
0.0069621
0.00715723
0.00734858
0.00753558
0.00771773
0.0078946
0.00806584
0.0082312
0.00839047
0.00854351
0.00869022
0.00883054
0.00896449
0.00909211
0.00921347
0.00932869
0.00943792
0.00954132
0.00963908
0.00973138
0.00981842
0.00990038
0.00997742
0.0100497
0.0101173
0.0101801
0.0102379
0.0102899
0.0103348
0.0103724
0.0104031
0.0104274
0.0104458
0.0104587
0.0104665
0.0104697
0.0104687
0.010464
0.010456
0.0104453
0.0104322
0.0104171
0.0104005
0.0103827
0.0103641
0.0103451
0.0103259
0.0103069
0.0102883
0.0102703
0.010253
0.0102365
0.0102205
0.0102047
0.0101882
0.00652044
0.00647758
0.00643847
0.00640008
0.00636258
0.00632592
0.00629006
0.00625495
0.00622057
0.00618692
0.00615396
0.00612171
0.00609014
0.00605923
0.00602896
0.00599932
0.00597026
0.00594175
0.00591376
0.0058863
0.00585935
0.00583295
0.0058071
0.00578182
0.00575712
0.00573301
0.00570947
0.00568648
0.00566398
0.00564192
0.00562023
0.0055988
0.00557756
0.00555644
0.00553542
0.00551446
0.00549356
0.00547273
0.005452
0.0054314
0.00541097
0.00539079
0.0053709
0.00535136
0.00533218
0.00531345
0.00529528
0.00527776
0.00526075
0.00524425
0.00782846
0.00777569
0.00772266
0.0076694
0.00761592
0.00756224
0.00750836
0.0074543
0.00740008
0.00734571
0.0072912
0.00723657
0.00718184
0.00712701
0.00707211
0.00701716
0.00696217
0.00690716
0.00685214
0.00679714
0.00674218
0.00668729
0.00663247
0.00657777
0.0065232
0.00646878
0.00641455
0.00636052
0.00630671
0.00625315
0.00619987
0.00614688
0.00609423
0.00604194
0.00599003
0.00593853
0.00588748
0.00583688
0.00578678
0.00573785
0.00569058
0.00564494
0.00560086
0.00555829
0.0055172
0.00547755
0.00543934
0.00540257
0.00536723
0.00533335
0.00530094
0.00527003
0.00524067
0.0052129
0.0051868
0.00516244
0.00513992
0.00511933
0.00510081
0.0050845
0.00507054
0.00505911
0.0050504
0.00504463
0.005042
0.00504274
0.00504707
0.0050552
0.00506733
0.00508361
0.00510418
0.0051291
0.0051584
0.00519203
0.00522988
0.00527177
0.00531746
0.00536661
0.00541883
0.00547365
0.00553055
0.00558896
0.00564829
0.00570791
0.00576724
0.00582571
0.00588279
0.00593805
0.00599113
0.00604172
0.00608965
0.00613485
0.00617717
0.0062167
0.00625356
0.00628778
0.00631954
0.00634906
0.0063765
0.006402
0.00642591
0.0064483
0.00646925
0.00648918
0.00650817
0.00652629
0.00654376
0.00656077
0.00657739
0.0065937
0.00660977
0.00662564
0.00664136
0.00665697
0.00667259
0.0066884
0.00670434
0.00672045
0.00673672
0.00675314
0.0067697
0.00678648
0.00680351
0.00682081
0.00683834
0.00685611
0.00687413
0.00689238
0.00691085
0.00692951
0.00694839
0.00696751
0.00698687
0.00700645
0.00702625
0.00704628
0.00706656
0.00708712
0.00710796
0.00712905
0.00715041
0.00717206
0.00719401
0.00721628
0.00723885
0.00726173
0.00728494
0.00730852
0.00733251
0.00735698
0.00738229
0.00740851
0.00743578
0.00746424
0.00749411
0.00752562
0.00755914
0.00759512
0.00763417
0.0076772
0.0115111
0.0113733
0.0112412
0.0111143
0.010992
0.0108737
0.0107586
0.0106466
0.0105375
0.0104312
0.0103276
0.0102267
0.0101284
0.0100325
0.00993913
0.00984811
0.00975938
0.00967288
0.0095885
0.00950617
0.00942581
0.00934735
0.00927071
0.00919584
0.0091227
0.00905126
0.00898147
0.0089133
0.00884672
0.00878168
0.00871813
0.00865605
0.00859538
0.00853611
0.00847819
0.00842159
0.0083663
0.00831228
0.00825952
0.00820779
0.00815691
0.00810681
0.00805742
0.00800862
0.00796031
0.0079123
0.00786433
0.00781595
0.00776638
0.00771404
0.00633406
0.00620942
0.00604002
0.00587192
0.00573137
0.00561696
0.00552588
0.0054546
0.00539986
0.00536363
0.0053512
0.00536924
0.00542351
0.00551569
0.005636
0.00576071
0.00586273
0.00595695
0.00603316
0.00607736
0.00608131
0.00605754
0.00602722
0.00600386
0.00599195
0.00598712
0.00598422
0.00597949
0.00597039
0.00595517
0.00593245
0.00590124
0.00586104
0.00581161
0.00575253
0.00568298
0.00561179
0.00554061
0.00547145
0.00540567
0.00534301
0.00528402
0.0052293
0.00518018
0.00513777
0.00510319
0.00507626
0.00505573
0.00503886
0.00502356
0.00501786
0.0050022
0.00498717
0.00497294
0.00495499
0.00492851
0.00489621
0.00486487
0.00483155
0.00479171
0.00474374
0.00469194
0.00463902
0.00458742
0.00453608
0.00448671
0.00444278
0.00440832
0.00438526
0.00437181
0.00436409
0.00435813
0.00435023
0.00433688
0.00431509
0.00428315
0.00424111
0.00419088
0.00413593
0.00408013
0.00402664
0.00397764
0.00393649
0.00390604
0.00388679
0.0038769
0.00387467
0.00387788
0.00388383
0.00388942
0.0038916
0.00388788
0.00387671
0.00385756
0.00383125
0.00380029
0.00376842
0.00373934
0.0037163
0.00370242
0.00370068
0.00371345
0.00374285
0.00379126
0.00386211
0.00396226
0.0041219
0.00433911
0.00451882
0.00488168
0.00615007
0.00749694
0.00861283
0.0102588
0.0106322
0.0108152
0.0109222
0.0109903
0.0110335
0.0110607
0.0110773
0.011086
0.0110885
0.0110859
0.0110791
0.0110691
0.0110563
0.0110412
0.011024
0.0110051
0.0109846
0.0109629
0.01094
0.0109161
0.0108913
0.0108658
0.0108394
0.0108124
0.0107849
0.0107567
0.0107281
0.010699
0.0106694
0.0106393
0.0106088
0.0105778
0.0105465
0.0105148
0.0104827
0.0104502
0.0104173
0.0103841
0.0103505
0.0103164
0.010282
0.0102472
0.010212
0.0101766
0.0101409
0.0101048
0.0100685
0.0100319
0.00999513
0.0099581
0.00992087
0.00988341
0.00984569
0.00980769
0.00976938
0.00973077
0.00969186
0.00965267
0.00961319
0.0095734
0.00953325
0.00949273
0.00945184
0.00941057
0.00936894
0.00932693
0.00928455
0.00924177
0.00919859
0.009155
0.00911099
0.00906653
0.00902163
0.00897628
0.00893051
0.00888431
0.00883769
0.00879064
0.00874314
0.00869521
0.00864686
0.00859812
0.00854901
0.00849953
0.00844969
0.00839948
0.00834892
0.00829802
0.00824679
0.00819525
0.00814338
0.00809119
0.0080387
0.00798592
0.00793289
0.00787945
)
;
    }
}


// ************************************************************************* //
