/*--------------------------------*- C++ -*----------------------------------*\
  =========                 |
  \\      /  F ield         | OpenFOAM: The Open Source CFD Toolbox
   \\    /   O peration     | Website:  https://openfoam.org
    \\  /    A nd           | Version:  8
     \\/     M anipulation  |
\*---------------------------------------------------------------------------*/
FoamFile
{
    version     2.0;
    format      ascii;
    class       volScalarField;
    location    "400";
    object      alphat;
}
// * * * * * * * * * * * * * * * * * * * * * * * * * * * * * * * * * * * * * //

dimensions      [1 -1 -1 0 0 0 0];

internalField   nonuniform List<scalar> 
8400
(
0.347525
0.347199
0.34687
0.346539
0.346206
0.345869
0.34553
0.345188
0.344843
0.344494
0.344141
0.343784
0.343423
0.343058
0.342688
0.342313
0.341933
0.341548
0.341158
0.340763
0.340361
0.339955
0.339542
0.339124
0.3387
0.33827
0.337836
0.337401
0.336967
0.336536
0.336108
0.335685
0.33527
0.334864
0.33447
0.334091
0.33373
0.333392
0.333081
0.332803
0.332564
0.332372
0.332237
0.332171
0.332187
0.332306
0.332552
0.332959
0.333572
0.334448
0.147543
0.147606
0.147661
0.147712
0.147762
0.147809
0.147855
0.1479
0.147943
0.147985
0.148025
0.148065
0.148104
0.148142
0.148181
0.148219
0.148257
0.148297
0.148338
0.148381
0.148426
0.148475
0.148528
0.148586
0.14865
0.148722
0.148802
0.148885
0.148972
0.149063
0.149159
0.149261
0.149369
0.149485
0.14961
0.149745
0.149892
0.150052
0.150227
0.15042
0.150633
0.150869
0.151133
0.151428
0.151761
0.152138
0.152569
0.153064
0.15364
0.154318
0.0929696
0.0931438
0.0933179
0.0934912
0.0936638
0.0938357
0.0940067
0.0941771
0.0943467
0.0945157
0.0946841
0.094852
0.0950194
0.0951864
0.0953532
0.0955198
0.0956865
0.0958533
0.0960206
0.0961885
0.0963572
0.096527
0.0966983
0.0968716
0.0970474
0.0972262
0.0974067
0.0975876
0.097769
0.097951
0.0981338
0.0983174
0.0985022
0.0986882
0.0988757
0.099065
0.0992565
0.0994503
0.099647
0.0998471
0.100051
0.100259
0.100473
0.100693
0.10092
0.101156
0.101403
0.101661
0.101935
0.102228
0.0874026
0.0875672
0.0877321
0.0878973
0.0880628
0.0882286
0.0883949
0.0885615
0.0887286
0.088896
0.0890639
0.0892323
0.0894011
0.0895705
0.0897403
0.0899107
0.0900817
0.0902533
0.0904255
0.0905984
0.090772
0.0909464
0.0911215
0.0912973
0.0914737
0.0916507
0.0918283
0.0920065
0.0921854
0.092365
0.0925452
0.0927261
0.0929077
0.09309
0.0932731
0.093457
0.0936416
0.093827
0.0940133
0.0942004
0.0943884
0.0945774
0.0947674
0.0949584
0.0951507
0.0953442
0.0955392
0.0957357
0.0959342
0.096135
0.0875265
0.0876876
0.0878494
0.0880117
0.0881745
0.0883379
0.0885018
0.0886664
0.0888315
0.0889973
0.0891637
0.0893308
0.0894985
0.0896669
0.0898361
0.0900059
0.0901765
0.0903479
0.0905199
0.0906927
0.0908662
0.0910405
0.0912154
0.0913911
0.0915674
0.0917445
0.0919222
0.0921006
0.0922796
0.0924592
0.0926393
0.09282
0.0930012
0.0931828
0.0933647
0.0935468
0.0937292
0.0939115
0.0940938
0.0942758
0.0944574
0.0946383
0.0948182
0.0949969
0.0951739
0.0953489
0.0955211
0.0956901
0.0958549
0.0960147
0.0890362
0.0892038
0.0893721
0.089541
0.0897103
0.0898802
0.0900506
0.0902215
0.090393
0.0905651
0.0907379
0.0909112
0.0910851
0.0912597
0.091435
0.0916109
0.0917875
0.0919648
0.0921427
0.0923213
0.0925006
0.0926807
0.0928615
0.093043
0.0932252
0.0934082
0.0935918
0.0937762
0.0939613
0.094147
0.0943335
0.0945205
0.0947081
0.0948964
0.0950851
0.0952743
0.0954639
0.0956538
0.095844
0.0960343
0.0962246
0.0964148
0.0966047
0.0967941
0.0969828
0.0971707
0.0973573
0.0975425
0.0977258
0.097907
0.0900346
0.090206
0.0903781
0.0905506
0.0907237
0.0908972
0.0910714
0.0912461
0.0914214
0.0915974
0.091774
0.0919512
0.0921292
0.0923078
0.0924871
0.092667
0.0928477
0.0930291
0.0932112
0.0933941
0.0935777
0.093762
0.0939471
0.0941328
0.0943194
0.0945066
0.0946945
0.0948831
0.0950724
0.0952623
0.0954527
0.0956437
0.0958352
0.096027
0.0962192
0.0964117
0.0966042
0.0967967
0.0969891
0.0971811
0.0973725
0.0975631
0.0977526
0.0979406
0.0981268
0.0983107
0.0984918
0.0986694
0.0988429
0.0990114
0.0913893
0.0915668
0.091745
0.0919237
0.0921029
0.0922827
0.092463
0.0926439
0.0928253
0.0930074
0.09319
0.0933734
0.0935573
0.0937419
0.0939271
0.0941131
0.0942998
0.0944871
0.0946752
0.094864
0.0950536
0.0952439
0.095435
0.0956268
0.0958193
0.0960125
0.0962065
0.0964012
0.0965966
0.0967926
0.0969892
0.0971865
0.0973843
0.0975825
0.0977812
0.0979802
0.0981795
0.0983789
0.0985783
0.0987775
0.0989764
0.0991747
0.0993723
0.0995689
0.099764
0.0999575
0.100149
0.100338
0.100524
0.100706
0.0925088
0.0926914
0.0928746
0.0930583
0.0932425
0.0934272
0.0936125
0.0937984
0.0939848
0.0941719
0.0943595
0.0945478
0.0947368
0.0949264
0.0951167
0.0953078
0.0954995
0.095692
0.0958852
0.0960792
0.0962739
0.0964693
0.0966655
0.0968625
0.0970602
0.0972587
0.0974578
0.0976577
0.0978582
0.0980594
0.0982611
0.0984634
0.0986663
0.0988695
0.0990731
0.0992769
0.0994808
0.0996848
0.0998885
0.100092
0.100295
0.100497
0.100698
0.100897
0.101094
0.10129
0.101482
0.101671
0.101857
0.102037
0.093753
0.0939414
0.0941305
0.09432
0.0945101
0.0947007
0.0948918
0.0950834
0.0952757
0.0954685
0.095662
0.0958561
0.0960508
0.0962463
0.0964424
0.0966393
0.0968369
0.0970352
0.0972342
0.097434
0.0976346
0.0978359
0.098038
0.0982409
0.0984445
0.0986488
0.0988539
0.0990597
0.0992662
0.0994733
0.0996811
0.0998894
0.100098
0.100307
0.100517
0.100727
0.100937
0.101147
0.101357
0.101566
0.101775
0.101983
0.10219
0.102395
0.102599
0.1028
0.102998
0.103193
0.103384
0.103569
0.0949622
0.0951568
0.095352
0.0955477
0.0957439
0.0959406
0.0961379
0.0963357
0.096534
0.096733
0.0969326
0.0971328
0.0973337
0.0975353
0.0977375
0.0979405
0.0981442
0.0983486
0.0985538
0.0987597
0.0989664
0.0991739
0.0993822
0.0995912
0.099801
0.100012
0.100223
0.100435
0.100648
0.100861
0.101075
0.10129
0.101505
0.101721
0.101937
0.102154
0.10237
0.102587
0.102804
0.10302
0.103236
0.103451
0.103665
0.103878
0.104089
0.104298
0.104505
0.104709
0.104909
0.105105
0.096116
0.0963164
0.0965174
0.0967188
0.0969207
0.097123
0.0973259
0.0975293
0.0977333
0.0979379
0.0981431
0.0983489
0.0985554
0.0987625
0.0989703
0.0991789
0.0993882
0.0995982
0.0998089
0.10002
0.100233
0.100446
0.10066
0.100874
0.10109
0.101306
0.101523
0.10174
0.101959
0.102178
0.102398
0.102618
0.102838
0.10306
0.103281
0.103503
0.103725
0.103947
0.104168
0.104389
0.104609
0.104829
0.105047
0.105263
0.105476
0.105687
0.105895
0.106098
0.106296
0.106489
0.0974179
0.0976254
0.0978337
0.0980424
0.0982516
0.0984613
0.0986714
0.0988821
0.0990933
0.0993051
0.0995175
0.0997306
0.0999442
0.100159
0.100374
0.100589
0.100806
0.101023
0.101241
0.10146
0.101679
0.101899
0.10212
0.102342
0.102565
0.102788
0.103013
0.103238
0.103463
0.10369
0.103917
0.104145
0.104374
0.104603
0.104833
0.105063
0.105293
0.105524
0.105755
0.105986
0.106216
0.106446
0.106676
0.106904
0.107131
0.107357
0.10758
0.107801
0.108019
0.108234
0.098475
0.0986889
0.0989032
0.0991179
0.099333
0.0995485
0.0997644
0.0999809
0.100198
0.100415
0.100633
0.100852
0.101071
0.101291
0.101512
0.101733
0.101955
0.102177
0.102401
0.102625
0.10285
0.103075
0.103302
0.103529
0.103757
0.103985
0.104215
0.104445
0.104676
0.104907
0.105139
0.105372
0.105605
0.105839
0.106073
0.106307
0.106541
0.106774
0.107008
0.107241
0.107473
0.107704
0.107933
0.10816
0.108385
0.108606
0.108823
0.109035
0.109241
0.10944
0.100098
0.100321
0.100544
0.100768
0.100993
0.101217
0.101442
0.101668
0.101894
0.10212
0.102347
0.102574
0.102802
0.103031
0.10326
0.103489
0.103719
0.10395
0.104182
0.104414
0.104647
0.104881
0.105115
0.10535
0.105586
0.105822
0.10606
0.106297
0.106536
0.106775
0.107015
0.107256
0.107497
0.107738
0.10798
0.108221
0.108464
0.108706
0.108947
0.109189
0.10943
0.10967
0.109909
0.110147
0.110383
0.110617
0.110848
0.111078
0.111304
0.111528
0.101958
0.102197
0.102435
0.102672
0.10291
0.103147
0.103384
0.103621
0.103858
0.104095
0.104331
0.104568
0.104805
0.105042
0.105279
0.105517
0.105754
0.105992
0.10623
0.106468
0.106707
0.106946
0.107185
0.107424
0.107664
0.107903
0.108143
0.108383
0.108623
0.108862
0.109101
0.10934
0.109577
0.109814
0.110049
0.110283
0.110514
0.110743
0.110969
0.111191
0.111408
0.111619
0.111825
0.112022
0.112211
0.11239
0.112557
0.11271
0.112848
0.112968
0.109005
0.109283
0.10956
0.109836
0.11011
0.110383
0.110653
0.110923
0.111191
0.111457
0.111722
0.111986
0.112248
0.11251
0.11277
0.113029
0.113288
0.113545
0.113801
0.114057
0.114311
0.114565
0.114817
0.115068
0.115318
0.115567
0.115814
0.11606
0.116303
0.116543
0.116781
0.117015
0.117245
0.117471
0.11769
0.117903
0.118108
0.118304
0.118489
0.118662
0.118819
0.11896
0.119081
0.119178
0.119249
0.119288
0.119291
0.119253
0.119167
0.119027
0.131418
0.131821
0.132216
0.132605
0.132989
0.133369
0.133743
0.134113
0.134478
0.134839
0.135195
0.135548
0.135896
0.13624
0.136581
0.136918
0.137251
0.137581
0.137908
0.13823
0.13855
0.138865
0.139177
0.139485
0.139788
0.140086
0.140378
0.140665
0.140944
0.141215
0.141478
0.141729
0.141968
0.142192
0.1424
0.142588
0.142753
0.14289
0.142996
0.143065
0.14309
0.143064
0.142976
0.142816
0.14257
0.142219
0.141742
0.141108
0.140281
0.139206
0.197699
0.198235
0.19878
0.199328
0.199875
0.200423
0.200971
0.20152
0.202068
0.202617
0.203165
0.203715
0.204264
0.204815
0.205365
0.205917
0.206469
0.207021
0.207574
0.208127
0.208681
0.209234
0.209786
0.210337
0.210887
0.211433
0.211977
0.212516
0.213049
0.213574
0.21409
0.214594
0.215085
0.215558
0.21601
0.216437
0.216834
0.217195
0.217513
0.217779
0.217983
0.218113
0.218153
0.218084
0.217882
0.217513
0.216933
0.21608
0.214872
0.21319
0.377244
0.377669
0.3781
0.378534
0.378973
0.379417
0.379866
0.38032
0.38078
0.381246
0.381718
0.382197
0.382681
0.383173
0.38367
0.384175
0.384686
0.385205
0.38573
0.386262
0.386801
0.387348
0.387901
0.388461
0.389029
0.389603
0.390185
0.390774
0.391369
0.391972
0.392581
0.393196
0.393818
0.394446
0.395079
0.395717
0.396359
0.397005
0.397654
0.398304
0.398955
0.399604
0.400251
0.400892
0.401525
0.402147
0.402754
0.40334
0.4039
0.404423
1.08355
1.06874
1.05457
1.04097
1.02789
1.01526
1.00302
0.991132
0.979585
0.968364
0.957455
0.946845
0.936524
0.926481
0.916706
0.907189
0.897922
0.888895
0.880102
0.871533
0.863182
0.855041
0.847103
0.839362
0.831811
0.824445
0.817258
0.810244
0.803398
0.796715
0.79019
0.783819
0.777598
0.771523
0.765589
0.759794
0.754135
0.748608
0.7432
0.737895
0.732686
0.727568
0.722532
0.717569
0.712668
0.707813
0.702982
0.698138
0.693212
0.688076
1.07683
1.05216
1.02859
1.00603
0.984429
0.963764
0.944006
0.9251
0.906993
0.889635
0.872982
0.85699
0.841621
0.826839
0.812612
0.798907
0.785698
0.772956
0.760658
0.74878
0.737301
0.726201
0.715461
0.705064
0.694992
0.68523
0.675764
0.66658
0.657664
0.649004
0.640587
0.632403
0.624441
0.616687
0.609132
0.601765
0.594575
0.587552
0.580699
0.574021
0.567513
0.561168
0.554979
0.54894
0.543044
0.537284
0.531653
0.526142
0.52074
0.51543
1.0768
1.05207
1.02836
1.00568
0.983955
0.963152
0.943214
0.924088
0.905725
0.88808
0.871111
0.854779
0.839049
0.823888
0.809265
0.795152
0.781522
0.768352
0.755619
0.743301
0.731379
0.719833
0.708648
0.697805
0.68729
0.677088
0.667186
0.65757
0.648229
0.639152
0.630326
0.621743
0.613393
0.605267
0.597357
0.589656
0.582155
0.574848
0.567728
0.560788
0.554024
0.547429
0.541
0.53473
0.528616
0.522654
0.516841
0.511174
0.505649
0.500263
1.0768
1.05225
1.02876
1.00628
0.984746
0.964102
0.944292
0.925267
0.906979
0.889389
0.872456
0.856145
0.840423
0.825259
0.810625
0.796494
0.782841
0.769642
0.756875
0.744521
0.732559
0.720972
0.709742
0.698854
0.688293
0.678044
0.668095
0.658432
0.649043
0.639918
0.631046
0.622417
0.614021
0.60585
0.597895
0.590148
0.582602
0.57525
0.568085
0.561101
0.554293
0.547654
0.541181
0.534867
0.52871
0.522704
0.516847
0.511135
0.505565
0.500131
1.0768
1.05225
1.02875
1.00625
0.984678
0.963996
0.944148
0.92509
0.906775
0.889164
0.872218
0.8559
0.840176
0.825016
0.810389
0.796268
0.782628
0.769444
0.756694
0.744358
0.732415
0.720847
0.709637
0.698769
0.688227
0.677997
0.668066
0.658422
0.649051
0.639943
0.631087
0.622474
0.614093
0.605936
0.597994
0.59026
0.582725
0.575384
0.568229
0.561254
0.554453
0.54782
0.541351
0.535041
0.528885
0.522878
0.517018
0.511299
0.505718
0.500271
1.0768
1.05226
1.02879
1.00633
0.984802
0.964168
0.944369
0.925358
0.907088
0.889517
0.872607
0.85632
0.840623
0.825485
0.810876
0.79677
0.783141
0.769965
0.757221
0.744888
0.732947
0.721378
0.710167
0.699295
0.688749
0.678514
0.668577
0.658925
0.649546
0.64043
0.631565
0.622942
0.614551
0.606383
0.59843
0.590684
0.583138
0.575783
0.568614
0.561625
0.554809
0.54816
0.541674
0.535345
0.529169
0.523141
0.517256
0.511511
0.505902
0.500422
1.0768
1.05227
1.0288
1.00634
0.984815
0.964177
0.944371
0.925349
0.907066
0.889482
0.872558
0.856258
0.840548
0.825399
0.81078
0.796665
0.783029
0.769847
0.757099
0.744762
0.732819
0.721249
0.710037
0.699166
0.688621
0.678388
0.668453
0.658804
0.649428
0.640315
0.631454
0.622834
0.614447
0.606283
0.598333
0.59059
0.583047
0.575695
0.568528
0.561541
0.554725
0.548077
0.54159
0.535259
0.529079
0.523046
0.517155
0.511401
0.50578
0.500288
1.0768
1.05227
1.02881
1.00635
0.984836
0.964207
0.944411
0.925401
0.907131
0.889559
0.872648
0.856361
0.840664
0.825526
0.810918
0.796814
0.783187
0.770013
0.757272
0.744942
0.733003
0.721438
0.710229
0.699361
0.688818
0.678585
0.66865
0.659
0.649623
0.640508
0.631643
0.62302
0.614628
0.606459
0.598504
0.590755
0.583204
0.575845
0.568669
0.561672
0.554846
0.548185
0.541685
0.53534
0.529144
0.523093
0.517182
0.511406
0.505762
0.500243
1.0768
1.05227
1.02881
1.00636
0.984842
0.964215
0.94442
0.925409
0.907137
0.889563
0.872648
0.856357
0.840655
0.825512
0.8109
0.79679
0.783158
0.76998
0.757234
0.744899
0.732957
0.721388
0.710176
0.699305
0.688759
0.678524
0.668587
0.658935
0.649556
0.640439
0.631574
0.622949
0.614556
0.606385
0.598429
0.590678
0.583125
0.575762
0.568584
0.561583
0.554753
0.548087
0.541581
0.535229
0.529025
0.522964
0.517042
0.511254
0.505595
0.50006
1.0768
1.05227
1.02881
1.00636
0.984846
0.96422
0.944427
0.925418
0.907148
0.889576
0.872664
0.856375
0.840676
0.825536
0.810926
0.796819
0.78319
0.770014
0.757271
0.744938
0.732998
0.72143
0.71022
0.699349
0.688804
0.678569
0.668632
0.65898
0.6496
0.640482
0.631615
0.622988
0.614593
0.606419
0.598459
0.590704
0.583147
0.575779
0.568595
0.561587
0.554748
0.548074
0.541558
0.535194
0.528978
0.522903
0.516965
0.51116
0.505481
0.499925
1.0768
1.05227
1.02881
1.00636
0.984846
0.96422
0.944426
0.925417
0.907148
0.889576
0.872664
0.856374
0.840675
0.825535
0.810925
0.796818
0.783188
0.770012
0.757268
0.744935
0.732994
0.721426
0.710215
0.699344
0.688797
0.678562
0.668623
0.65897
0.649589
0.640469
0.6316
0.622971
0.614573
0.606396
0.598433
0.590674
0.583112
0.57574
0.56855
0.561535
0.55469
0.548008
0.541482
0.535108
0.52888
0.522793
0.51684
0.511019
0.505323
0.499747
1.0768
1.05227
1.02881
1.00636
0.984842
0.964215
0.944419
0.925408
0.907136
0.889562
0.872647
0.856355
0.840653
0.82551
0.810896
0.796786
0.783153
0.769974
0.757227
0.744891
0.732947
0.721377
0.710163
0.69929
0.688741
0.678504
0.668564
0.658908
0.649525
0.640404
0.631533
0.622902
0.614502
0.606323
0.598357
0.590596
0.583031
0.575655
0.568461
0.561442
0.554591
0.547903
0.54137
0.534988
0.528751
0.522653
0.516689
0.510854
0.505143
0.49955
1.0768
1.05227
1.02881
1.00635
0.984836
0.964206
0.944411
0.9254
0.90713
0.889558
0.872646
0.856358
0.84066
0.825521
0.810913
0.796807
0.783178
0.770004
0.75726
0.744928
0.732987
0.721419
0.710207
0.699334
0.688787
0.678549
0.668609
0.658953
0.649568
0.640445
0.631571
0.622937
0.614534
0.606351
0.59838
0.590613
0.583042
0.575659
0.568458
0.56143
0.55457
0.547871
0.541327
0.534932
0.52868
0.522566
0.516585
0.510731
0.504999
0.499384
1.0768
1.05227
1.0288
1.00634
0.984815
0.964176
0.94437
0.925347
0.907065
0.88948
0.872555
0.856254
0.840544
0.825393
0.810773
0.796656
0.783018
0.769835
0.757084
0.744745
0.732798
0.721225
0.710008
0.699133
0.688582
0.678343
0.668401
0.658743
0.649359
0.640235
0.631361
0.622727
0.614324
0.606141
0.598171
0.590404
0.582833
0.57545
0.568248
0.561219
0.554357
0.547656
0.541109
0.534709
0.528452
0.522332
0.516343
0.510479
0.504736
0.499108
1.0768
1.05226
1.02879
1.00633
0.984802
0.964167
0.944368
0.925357
0.907086
0.889515
0.872603
0.856315
0.840617
0.825477
0.810867
0.796758
0.783127
0.769948
0.757201
0.744864
0.732918
0.721345
0.710127
0.699249
0.688696
0.678453
0.668506
0.658843
0.649452
0.640322
0.631441
0.622799
0.614388
0.606196
0.598217
0.59044
0.582859
0.575465
0.568251
0.56121
0.554335
0.547619
0.541057
0.534641
0.528367
0.522227
0.516217
0.510331
0.504563
0.498909
1.0768
1.05225
1.02875
1.00625
0.984678
0.963995
0.944147
0.925088
0.906773
0.889161
0.872214
0.855895
0.84017
0.825007
0.810379
0.796255
0.782612
0.769425
0.756672
0.744332
0.732384
0.720811
0.709594
0.698719
0.688169
0.67793
0.667989
0.658332
0.648947
0.639823
0.630949
0.622314
0.613909
0.605725
0.597751
0.589981
0.582406
0.575017
0.567808
0.560772
0.553901
0.547188
0.540628
0.534214
0.52794
0.521799
0.515786
0.509896
0.504123
0.498461
1.0768
1.05225
1.02876
1.00628
0.984745
0.964101
0.944291
0.925265
0.906977
0.889385
0.872451
0.856138
0.840415
0.825249
0.810613
0.796478
0.782822
0.769619
0.756848
0.744489
0.732521
0.720928
0.709691
0.698794
0.688224
0.677964
0.668002
0.658325
0.64892
0.639777
0.630884
0.622231
0.613808
0.605606
0.597616
0.58983
0.582239
0.574835
0.567612
0.560562
0.553678
0.546953
0.540382
0.533957
0.527674
0.521526
0.515509
0.509617
0.503847
0.498196
1.0768
1.05207
1.02836
1.00567
0.983955
0.963151
0.943212
0.924086
0.905722
0.888076
0.871106
0.854773
0.839041
0.823878
0.809253
0.795137
0.781505
0.768332
0.755595
0.743273
0.731346
0.719795
0.708604
0.697755
0.687233
0.677024
0.667114
0.657489
0.648139
0.639051
0.630215
0.62162
0.613256
0.605116
0.597189
0.589468
0.581945
0.574613
0.567465
0.560495
0.553696
0.547065
0.540595
0.534282
0.528125
0.52212
0.516267
0.51057
0.505037
0.499683
1.07683
1.05216
1.02859
1.00602
0.984428
0.963763
0.944005
0.925099
0.906992
0.889635
0.872982
0.856991
0.841623
0.826843
0.812617
0.798914
0.785707
0.772969
0.760675
0.748803
0.737331
0.726239
0.71551
0.705125
0.69507
0.685328
0.675886
0.666731
0.65785
0.649233
0.640869
0.632747
0.62486
0.617199
0.609756
0.602525
0.5955
0.588676
0.582047
0.575612
0.569367
0.563312
0.557447
0.551775
0.5463
0.541034
0.535992
0.531206
0.526732
0.522687
1.08355
1.06874
1.05457
1.04097
1.02789
1.01526
1.00302
0.99113
0.979583
0.96836
0.957449
0.946838
0.936515
0.926468
0.91669
0.907169
0.897897
0.888865
0.880065
0.871489
0.863129
0.854978
0.847029
0.839274
0.831708
0.824324
0.817115
0.810077
0.803202
0.796486
0.789924
0.783509
0.777238
0.771104
0.765102
0.759229
0.753479
0.747847
0.742328
0.736918
0.731612
0.726403
0.721288
0.71626
0.711314
0.706442
0.701637
0.69689
0.69219
0.68752
0.463726
0.251407
0.194342
0.186906
0.183043
0.181783
0.179049
0.177365
0.17502
0.173053
0.171035
0.168829
0.167126
0.164658
0.163282
0.160455
0.160173
0.163109
0.207944
0.388744
0.464298
0.252014
0.195036
0.187621
0.183767
0.182497
0.179765
0.178073
0.175728
0.173754
0.171734
0.169523
0.167816
0.165344
0.163963
0.161133
0.160844
0.16378
0.208615
0.389296
0.464875
0.252602
0.195731
0.18834
0.184497
0.183218
0.180488
0.178788
0.176442
0.174461
0.172439
0.170222
0.168512
0.166036
0.164649
0.161816
0.161521
0.164457
0.209282
0.389797
0.465457
0.253183
0.19643
0.189066
0.185233
0.183944
0.181216
0.179508
0.177162
0.175175
0.17315
0.170928
0.169215
0.166735
0.165342
0.162507
0.162205
0.165137
0.209903
0.390305
0.466044
0.253764
0.197133
0.189797
0.185976
0.184676
0.181951
0.180234
0.177888
0.175894
0.173868
0.171641
0.169923
0.167439
0.166041
0.163203
0.162894
0.165817
0.210508
0.39082
0.466636
0.254348
0.197842
0.190535
0.186724
0.185415
0.182692
0.180966
0.178621
0.17662
0.174592
0.172359
0.170638
0.168151
0.166747
0.163907
0.163589
0.166498
0.211106
0.391341
0.467233
0.254936
0.198557
0.191278
0.187479
0.18616
0.183439
0.181705
0.17936
0.177352
0.175322
0.173084
0.171359
0.168868
0.167459
0.164617
0.16429
0.167183
0.211703
0.39187
0.467835
0.255529
0.199277
0.192028
0.18824
0.186911
0.184193
0.18245
0.180105
0.17809
0.176059
0.173816
0.172087
0.169592
0.168177
0.165333
0.164997
0.167872
0.2123
0.392404
0.468442
0.256127
0.200005
0.192784
0.189008
0.187668
0.184953
0.183202
0.180857
0.178835
0.176802
0.174554
0.172821
0.170323
0.168903
0.166056
0.165711
0.168567
0.212901
0.392945
0.469054
0.256731
0.200738
0.193546
0.189782
0.188432
0.18572
0.18396
0.181615
0.179587
0.177551
0.175298
0.173562
0.171061
0.169634
0.166785
0.166431
0.169266
0.213505
0.393493
0.469671
0.25734
0.201479
0.194315
0.190563
0.189202
0.186493
0.184724
0.18238
0.180345
0.178308
0.176049
0.174309
0.171805
0.170373
0.167521
0.167158
0.169972
0.214114
0.394047
0.470294
0.257955
0.202226
0.195091
0.19135
0.189979
0.187273
0.185495
0.183152
0.18111
0.179071
0.176807
0.175064
0.172556
0.171118
0.168264
0.167891
0.170684
0.214727
0.394608
0.470921
0.258576
0.20298
0.195873
0.192144
0.190763
0.18806
0.186273
0.18393
0.181881
0.179841
0.177572
0.175825
0.173314
0.17187
0.169014
0.168631
0.171403
0.215347
0.395175
0.471555
0.259202
0.203741
0.196661
0.192945
0.191553
0.188854
0.187058
0.184715
0.18266
0.180617
0.178344
0.176593
0.174079
0.172629
0.16977
0.169378
0.172128
0.215972
0.395749
0.472193
0.259835
0.204509
0.197457
0.193753
0.192351
0.189654
0.18785
0.185508
0.183445
0.181401
0.179123
0.177368
0.174851
0.173395
0.170534
0.170132
0.17286
0.216603
0.39633
0.472837
0.260474
0.205284
0.19826
0.194568
0.193155
0.190462
0.188648
0.186307
0.184238
0.182192
0.179909
0.17815
0.17563
0.174168
0.171305
0.170893
0.173599
0.217241
0.396918
0.473487
0.261119
0.206066
0.199069
0.19539
0.193966
0.191277
0.189454
0.187113
0.185037
0.18299
0.180702
0.178939
0.176416
0.174948
0.172083
0.171661
0.174344
0.217885
0.397512
0.474142
0.261769
0.206856
0.199885
0.196219
0.194784
0.192098
0.190267
0.187927
0.185844
0.183795
0.181502
0.179735
0.177209
0.175736
0.172868
0.172436
0.175097
0.218536
0.398114
0.474803
0.262426
0.207652
0.200709
0.197056
0.19561
0.192928
0.191087
0.188748
0.186658
0.184607
0.18231
0.180539
0.17801
0.17653
0.17366
0.173219
0.175858
0.219193
0.398722
0.475469
0.263089
0.208456
0.20154
0.197899
0.196442
0.193764
0.191914
0.189576
0.18748
0.185427
0.183125
0.18135
0.178818
0.177333
0.17446
0.174008
0.176626
0.219858
0.399338
0.476141
0.263758
0.209268
0.202378
0.198751
0.197282
0.194608
0.192749
0.190412
0.188309
0.186254
0.183947
0.182169
0.179634
0.178142
0.175268
0.174806
0.177401
0.22053
0.399961
0.47682
0.264434
0.210087
0.203223
0.199609
0.19813
0.19546
0.193592
0.191255
0.189145
0.187089
0.184778
0.182995
0.180457
0.17896
0.176083
0.175611
0.178184
0.22121
0.400591
0.477503
0.265115
0.210913
0.204076
0.200475
0.198985
0.196319
0.194441
0.192106
0.189989
0.187932
0.185616
0.18383
0.181288
0.179785
0.176907
0.176424
0.178975
0.221897
0.401229
0.478193
0.265803
0.211747
0.204937
0.201349
0.199848
0.197185
0.195299
0.192965
0.190841
0.188782
0.186461
0.184671
0.182127
0.180618
0.177738
0.177244
0.179774
0.222591
0.401874
0.478889
0.266497
0.212589
0.205805
0.202231
0.200718
0.19806
0.196165
0.193831
0.191701
0.18964
0.187315
0.185521
0.182974
0.181458
0.178577
0.178073
0.180581
0.223293
0.402527
0.479591
0.267198
0.213438
0.206681
0.203121
0.201596
0.198943
0.197038
0.194706
0.192569
0.190507
0.188177
0.186379
0.18383
0.182307
0.179424
0.178909
0.181396
0.224003
0.403188
0.480299
0.267905
0.214296
0.207564
0.204019
0.202482
0.199833
0.19792
0.195589
0.193445
0.191381
0.189047
0.187245
0.184693
0.183164
0.180279
0.179754
0.182219
0.224721
0.403857
0.481012
0.268618
0.215161
0.208456
0.204924
0.203377
0.200732
0.198809
0.196479
0.194329
0.192263
0.189925
0.188119
0.185564
0.184029
0.181143
0.180607
0.183051
0.225447
0.404533
0.481733
0.269339
0.216034
0.209356
0.205838
0.204279
0.201639
0.199707
0.197378
0.195221
0.193154
0.190812
0.189001
0.186444
0.184903
0.182015
0.181468
0.183891
0.226181
0.405218
0.482459
0.270066
0.216916
0.210263
0.20676
0.20519
0.202554
0.200613
0.198286
0.196122
0.194053
0.191707
0.189892
0.187333
0.185785
0.182896
0.182338
0.18474
0.226924
0.405911
0.483192
0.270799
0.217806
0.21118
0.207691
0.206109
0.203478
0.201528
0.199202
0.197032
0.194961
0.19261
0.190792
0.18823
0.186676
0.183785
0.183217
0.185598
0.227674
0.406612
0.483931
0.27154
0.218704
0.212104
0.20863
0.207036
0.20441
0.202451
0.200126
0.19795
0.195878
0.193522
0.1917
0.189136
0.187575
0.184683
0.184104
0.186464
0.228434
0.407321
0.484676
0.272287
0.219611
0.213037
0.209578
0.207972
0.205351
0.203383
0.201059
0.198876
0.196803
0.194444
0.192617
0.190051
0.188484
0.185591
0.185
0.18734
0.229202
0.408039
0.485428
0.273041
0.220527
0.213978
0.210534
0.208917
0.206301
0.204323
0.202001
0.199812
0.197737
0.195374
0.193543
0.190974
0.189401
0.186507
0.185905
0.188225
0.229979
0.408766
0.486187
0.273803
0.221451
0.214928
0.2115
0.20987
0.207259
0.205273
0.202952
0.200757
0.19868
0.196313
0.194478
0.191907
0.190327
0.187432
0.186819
0.189119
0.230765
0.409501
0.486952
0.274571
0.222384
0.215887
0.212474
0.210833
0.208227
0.206231
0.203913
0.20171
0.199632
0.197261
0.195423
0.19285
0.191263
0.188367
0.187743
0.190022
0.23156
0.410246
0.487723
0.275347
0.223325
0.216855
0.213457
0.211804
0.209204
0.207199
0.204882
0.202673
0.200594
0.198219
0.196376
0.193801
0.192208
0.189311
0.188676
0.190935
0.232365
0.410999
0.488502
0.27613
0.224276
0.217832
0.21445
0.212785
0.21019
0.208176
0.205861
0.203646
0.201565
0.199186
0.197339
0.194763
0.193163
0.190265
0.189618
0.191858
0.233178
0.411762
0.489287
0.276921
0.225237
0.218819
0.215452
0.213775
0.211185
0.209163
0.206849
0.204628
0.202545
0.200163
0.198312
0.195733
0.194127
0.191229
0.19057
0.192791
0.234001
0.412533
0.490079
0.277719
0.226206
0.219814
0.216463
0.214774
0.212191
0.210159
0.207847
0.20562
0.203536
0.20115
0.199294
0.196714
0.195101
0.192202
0.191532
0.193733
0.234834
0.413315
0.490878
0.278525
0.227185
0.220819
0.217484
0.215783
0.213205
0.211164
0.208854
0.206621
0.204536
0.202146
0.200287
0.197705
0.196085
0.193186
0.192505
0.194686
0.235677
0.414106
0.491685
0.279338
0.228173
0.221833
0.218515
0.216802
0.21423
0.21218
0.209871
0.207632
0.205546
0.203153
0.201289
0.198706
0.197079
0.19418
0.193487
0.195649
0.23653
0.414906
0.492498
0.28016
0.229171
0.222858
0.219555
0.217831
0.215264
0.213205
0.210899
0.208654
0.206566
0.20417
0.202302
0.199717
0.198083
0.195184
0.194479
0.196623
0.237393
0.415717
0.493318
0.280989
0.230179
0.223892
0.220606
0.218869
0.216309
0.214241
0.211937
0.209686
0.207596
0.205197
0.203325
0.200738
0.199098
0.196198
0.195482
0.197607
0.238266
0.416537
0.494146
0.281827
0.231197
0.224936
0.221666
0.219918
0.217363
0.215287
0.212985
0.210728
0.208637
0.206235
0.204358
0.201771
0.200123
0.197224
0.196496
0.198602
0.23915
0.417368
0.494981
0.282673
0.232225
0.22599
0.222737
0.220977
0.218429
0.216344
0.214043
0.211781
0.209688
0.207283
0.205402
0.202813
0.201159
0.19826
0.19752
0.199608
0.240044
0.418209
0.495823
0.283527
0.233263
0.227054
0.223819
0.222047
0.219504
0.217411
0.215112
0.212844
0.21075
0.208342
0.206457
0.203867
0.202206
0.199307
0.198556
0.200626
0.240949
0.419061
0.496673
0.284389
0.234312
0.228129
0.22491
0.223127
0.220591
0.218488
0.216192
0.213918
0.211823
0.209412
0.207523
0.204932
0.203265
0.200366
0.199602
0.201654
0.241865
0.419923
0.49753
0.28526
0.235371
0.229215
0.226013
0.224218
0.221688
0.219577
0.217283
0.215004
0.212907
0.210494
0.2086
0.206009
0.204334
0.201436
0.20066
0.202694
0.242792
0.420796
0.498395
0.28614
0.236441
0.230311
0.227127
0.22532
0.222796
0.220677
0.218385
0.2161
0.214003
0.211586
0.209689
0.207096
0.205415
0.202517
0.20173
0.203746
0.243731
0.42168
0.499268
0.287029
0.237521
0.231418
0.228251
0.226432
0.223915
0.221788
0.219498
0.217208
0.21511
0.21269
0.210789
0.208196
0.206507
0.20361
0.202811
0.20481
0.244681
0.422575
0.500149
0.287927
0.238613
0.232536
0.229387
0.227556
0.225046
0.22291
0.220623
0.218328
0.216228
0.213806
0.211901
0.209307
0.207611
0.204715
0.203904
0.205886
0.245643
0.423482
0.501037
0.288833
0.239716
0.233665
0.230534
0.228692
0.226188
0.224044
0.221759
0.219459
0.217358
0.214934
0.213024
0.21043
0.208728
0.205832
0.205009
0.206974
0.246617
0.4244
0.501934
0.289749
0.24083
0.234806
0.231693
0.229839
0.227342
0.22519
0.222907
0.220602
0.2185
0.216074
0.21416
0.211565
0.209856
0.206962
0.206126
0.208075
0.247603
0.42533
0.502838
0.290675
0.241956
0.235958
0.232863
0.230998
0.228508
0.226348
0.224067
0.221757
0.219654
0.217226
0.215308
0.212713
0.210997
0.208104
0.207256
0.209188
0.248602
0.426272
0.503751
0.29161
0.243093
0.237122
0.234046
0.232169
0.229686
0.227518
0.22524
0.222925
0.220821
0.21839
0.216468
0.213873
0.21215
0.209259
0.208398
0.210315
0.249613
0.427226
0.504672
0.292555
0.244242
0.238298
0.23524
0.233352
0.230876
0.2287
0.226425
0.224105
0.222
0.219568
0.217642
0.215046
0.213316
0.210426
0.209554
0.211454
0.250636
0.428193
0.505601
0.293509
0.245403
0.239486
0.236447
0.234547
0.232078
0.229895
0.227622
0.225298
0.223192
0.220758
0.218828
0.216233
0.214496
0.211607
0.210723
0.212607
0.251673
0.429172
0.506539
0.294474
0.246577
0.240687
0.237666
0.235755
0.233293
0.231102
0.228832
0.226504
0.224397
0.221961
0.220027
0.217432
0.215688
0.212801
0.211904
0.213773
0.252723
0.430164
0.507486
0.295449
0.247762
0.2419
0.238898
0.236975
0.234521
0.232323
0.230055
0.227723
0.225615
0.223177
0.221239
0.218645
0.216894
0.214009
0.2131
0.214954
0.253787
0.431168
0.508441
0.296434
0.248961
0.243125
0.240142
0.238209
0.235762
0.233556
0.231291
0.228955
0.226846
0.224407
0.222465
0.219871
0.218114
0.215231
0.214309
0.216148
0.254864
0.432186
0.509405
0.297429
0.250172
0.244363
0.2414
0.239455
0.237016
0.234803
0.232541
0.230201
0.228091
0.225651
0.223705
0.221112
0.219347
0.216467
0.215533
0.217356
0.255955
0.433218
0.510378
0.298436
0.251396
0.245615
0.24267
0.240715
0.238283
0.236063
0.233804
0.23146
0.22935
0.226909
0.224959
0.222366
0.220595
0.217717
0.216771
0.21858
0.257061
0.434263
0.511359
0.299453
0.252633
0.24688
0.243954
0.241989
0.239565
0.237338
0.235082
0.232734
0.230622
0.22818
0.226227
0.223635
0.221857
0.218981
0.218023
0.219818
0.258181
0.435322
0.51235
0.300481
0.253884
0.248158
0.245252
0.243276
0.240859
0.238626
0.236373
0.234021
0.23191
0.229467
0.227509
0.224919
0.223134
0.220261
0.21929
0.221071
0.259315
0.436395
0.51335
0.30152
0.255148
0.24945
0.246564
0.244577
0.242168
0.239928
0.237678
0.235323
0.233211
0.230768
0.228807
0.226217
0.224425
0.221555
0.220572
0.222339
0.260465
0.437482
0.51436
0.302571
0.256426
0.250756
0.24789
0.245893
0.243492
0.241245
0.238998
0.23664
0.234527
0.232083
0.230119
0.227531
0.225732
0.222865
0.221869
0.223623
0.26163
0.438585
0.515379
0.303633
0.257718
0.252076
0.24923
0.247222
0.24483
0.242577
0.240333
0.237972
0.235859
0.233414
0.231446
0.22886
0.227055
0.224191
0.223183
0.224923
0.26281
0.439702
0.516407
0.304708
0.259024
0.25341
0.250584
0.248567
0.246182
0.243923
0.241683
0.239319
0.237206
0.234761
0.232789
0.230204
0.228393
0.225532
0.224512
0.226239
0.264007
0.440834
0.517446
0.305794
0.260345
0.254759
0.251954
0.249926
0.24755
0.245285
0.243048
0.240682
0.238568
0.236123
0.234148
0.231565
0.229747
0.226889
0.225857
0.227572
0.265219
0.441982
0.518494
0.306892
0.26168
0.256123
0.253338
0.251301
0.248933
0.246663
0.244429
0.24206
0.239946
0.237501
0.235523
0.232942
0.231117
0.228263
0.227218
0.228921
0.266448
0.443146
0.519552
0.308003
0.26303
0.257502
0.254737
0.252691
0.250331
0.248056
0.245826
0.243454
0.24134
0.238896
0.236914
0.234335
0.232504
0.229654
0.228597
0.230287
0.267694
0.444325
0.52062
0.309127
0.264395
0.258896
0.256152
0.254097
0.251745
0.249465
0.247238
0.244865
0.24275
0.240307
0.238321
0.235745
0.233907
0.231062
0.229992
0.231671
0.268957
0.445521
0.521698
0.310263
0.265776
0.260306
0.257583
0.255518
0.253176
0.25089
0.248667
0.246292
0.244177
0.241735
0.239746
0.237172
0.235328
0.232487
0.231405
0.233073
0.270237
0.446734
0.522787
0.311412
0.267173
0.261732
0.25903
0.256956
0.254622
0.252332
0.250113
0.247736
0.245621
0.243179
0.241188
0.238617
0.236767
0.23393
0.232836
0.234492
0.271536
0.447963
0.523886
0.312575
0.268585
0.263174
0.260493
0.258411
0.256085
0.25379
0.251575
0.249197
0.247083
0.244642
0.242647
0.240079
0.238223
0.23539
0.234285
0.23593
0.272852
0.44921
0.524995
0.313751
0.270014
0.264633
0.261973
0.259882
0.257566
0.255266
0.253055
0.250676
0.248561
0.246122
0.244125
0.24156
0.239697
0.23687
0.235752
0.237387
0.274186
0.450475
0.526116
0.314941
0.271459
0.266108
0.263469
0.26137
0.259063
0.256759
0.254552
0.252172
0.250058
0.24762
0.24562
0.243058
0.24119
0.238367
0.237238
0.238863
0.27554
0.451757
0.527247
0.316145
0.27292
0.2676
0.264982
0.262876
0.260577
0.25827
0.256067
0.253686
0.251573
0.249137
0.247134
0.244576
0.242702
0.239884
0.238743
0.240358
0.276913
0.453058
0.52839
0.317364
0.274399
0.269109
0.266513
0.264399
0.26211
0.259799
0.2576
0.255219
0.253106
0.250672
0.248667
0.246113
0.244232
0.241421
0.240267
0.241873
0.278305
0.454377
0.529543
0.318597
0.275895
0.270636
0.268062
0.265941
0.263661
0.261347
0.259152
0.256771
0.254659
0.252227
0.250219
0.247669
0.245783
0.242977
0.241811
0.243409
0.279718
0.455715
0.530709
0.319844
0.277409
0.272181
0.269629
0.2675
0.26523
0.262913
0.260722
0.258342
0.25623
0.253801
0.251791
0.249245
0.247353
0.244553
0.243376
0.244965
0.28115
0.457073
0.531885
0.321107
0.27894
0.273744
0.271214
0.269078
0.266817
0.264498
0.262312
0.259932
0.257821
0.255395
0.253382
0.250841
0.248944
0.24615
0.244961
0.246542
0.282604
0.45845
0.533073
0.322385
0.28049
0.275326
0.272817
0.270676
0.268424
0.266103
0.263921
0.261542
0.259432
0.257009
0.254994
0.252457
0.250555
0.247767
0.246567
0.24814
0.284079
0.459848
0.534273
0.323679
0.282058
0.276926
0.27444
0.272292
0.27005
0.267727
0.26555
0.263172
0.261064
0.258643
0.256627
0.254095
0.252187
0.249407
0.248195
0.249761
0.285576
0.461266
0.535485
0.324989
0.283645
0.278546
0.276082
0.273928
0.271696
0.269372
0.2672
0.264823
0.262716
0.260299
0.258281
0.255754
0.253841
0.251067
0.249845
0.251403
0.287094
0.462705
0.53671
0.326315
0.285251
0.280185
0.277743
0.275585
0.273362
0.271037
0.26887
0.266494
0.264389
0.261976
0.259956
0.257435
0.255517
0.252751
0.251517
0.253069
0.288636
0.464165
0.537946
0.327658
0.286877
0.281844
0.279425
0.277261
0.275049
0.272723
0.27056
0.268187
0.266083
0.263675
0.261653
0.259138
0.257216
0.254456
0.253212
0.254758
0.2902
0.465647
0.539196
0.329018
0.288522
0.283523
0.281126
0.278959
0.276756
0.27443
0.272273
0.269902
0.2678
0.265395
0.263373
0.260863
0.258937
0.256185
0.25493
0.25647
0.291789
0.467152
0.540457
0.330394
0.290188
0.285223
0.282849
0.280677
0.278485
0.276158
0.274007
0.271639
0.269539
0.267139
0.265116
0.262612
0.260681
0.257938
0.256672
0.258206
0.293401
0.468679
0.541732
0.331789
0.291874
0.286943
0.284593
0.282417
0.280236
0.277909
0.275763
0.273398
0.2713
0.268906
0.266882
0.264384
0.26245
0.259714
0.258438
0.259968
0.295038
0.470229
0.54302
0.333201
0.293581
0.288686
0.286358
0.284179
0.282008
0.279683
0.277542
0.275181
0.273085
0.270696
0.268671
0.266181
0.264242
0.261515
0.260228
0.261754
0.2967
0.471803
0.544321
0.334631
0.29531
0.29045
0.288145
0.285963
0.283803
0.281479
0.279344
0.276987
0.274894
0.27251
0.270485
0.268001
0.266059
0.263341
0.262044
0.263566
0.298387
0.473402
0.545636
0.33608
0.29706
0.292236
0.289954
0.287771
0.285621
0.283298
0.28117
0.278816
0.276726
0.274348
0.272323
0.269847
0.267902
0.265193
0.263886
0.265405
0.300101
0.475025
0.546964
0.337548
0.298832
0.294044
0.291786
0.289601
0.287462
0.285142
0.283019
0.280671
0.278584
0.276212
0.274187
0.271719
0.26977
0.267071
0.265754
0.26727
0.301842
0.476673
0.548307
0.339036
0.300627
0.295876
0.293641
0.291455
0.289327
0.28701
0.284893
0.28255
0.280466
0.278101
0.276077
0.273616
0.271665
0.268975
0.26765
0.269163
0.303611
0.478347
0.549663
0.340543
0.302444
0.297731
0.29552
0.293333
0.291216
0.288902
0.286792
0.284454
0.282374
0.280016
0.277993
0.275541
0.273587
0.270907
0.269572
0.271084
0.305407
0.480047
0.551034
0.34207
0.304285
0.299611
0.297423
0.295236
0.29313
0.29082
0.288717
0.286385
0.284308
0.281958
0.279935
0.277492
0.275536
0.272867
0.271523
0.273034
0.307232
0.481774
0.552419
0.343618
0.30615
0.301514
0.29935
0.297164
0.29507
0.292763
0.290667
0.288342
0.286269
0.283927
0.281905
0.279471
0.277513
0.274855
0.273502
0.275012
0.309087
0.483528
0.553819
0.345187
0.308039
0.303442
0.301302
0.299117
0.297035
0.294733
0.292644
0.290326
0.288258
0.285923
0.283903
0.281479
0.279518
0.276872
0.275511
0.277021
0.310972
0.485311
0.555234
0.346777
0.309953
0.305396
0.30328
0.301096
0.299026
0.29673
0.294648
0.292337
0.290274
0.287948
0.28593
0.283515
0.281554
0.278918
0.277549
0.27906
0.312887
0.487122
0.556664
0.348389
0.311891
0.307375
0.305283
0.303102
0.301044
0.298754
0.29668
0.294377
0.292318
0.290001
0.287986
0.285581
0.283619
0.280995
0.279619
0.281131
0.314834
0.488963
0.55811
0.350023
0.313856
0.309381
0.307313
0.305135
0.303089
0.300806
0.29874
0.296445
0.294391
0.292084
0.290071
0.287677
0.285714
0.283103
0.28172
0.283233
0.316813
0.490834
0.559571
0.351681
0.315846
0.311414
0.30937
0.307196
0.305162
0.302886
0.300828
0.298542
0.296495
0.294197
0.292187
0.289804
0.287841
0.285243
0.283852
0.285368
0.318826
0.492735
0.561049
0.353361
0.317864
0.313474
0.311455
0.309285
0.307264
0.304995
0.302946
0.30067
0.298628
0.296341
0.294335
0.291963
0.29
0.287415
0.286018
0.287537
0.320872
0.494668
0.562542
0.355065
0.319908
0.315562
0.313567
0.311403
0.309394
0.307134
0.305094
0.302827
0.300792
0.298516
0.296514
0.294154
0.292191
0.289621
0.288217
0.28974
0.322952
0.496632
0.564052
0.356794
0.32198
0.317679
0.315708
0.31355
0.311555
0.309304
0.307272
0.305017
0.302988
0.300724
0.298725
0.296378
0.294416
0.29186
0.29045
0.291978
0.325069
0.49863
0.565579
0.358547
0.324081
0.319824
0.317878
0.315727
0.313745
0.311504
0.309482
0.307238
0.305216
0.302964
0.30097
0.298636
0.296676
0.294134
0.292719
0.294251
0.327221
0.500661
0.567123
0.360325
0.32621
0.321999
0.320079
0.317935
0.315966
0.313736
0.311724
0.309491
0.307478
0.305237
0.303249
0.300928
0.29897
0.296443
0.295023
0.296562
0.329411
0.502727
0.568684
0.36213
0.328368
0.324205
0.322309
0.320174
0.318219
0.316
0.313998
0.311778
0.309772
0.307545
0.305562
0.303256
0.3013
0.298788
0.297364
0.29891
0.331639
0.504828
0.570263
0.363961
0.330557
0.326442
0.324571
0.322446
0.320504
0.318298
0.316306
0.314099
0.312102
0.309888
0.307912
0.305619
0.303666
0.301171
0.299743
0.301296
0.333906
0.506965
0.57186
0.365819
0.332776
0.32871
0.326864
0.324749
0.322823
0.320629
0.318648
0.316455
0.314467
0.312267
0.310297
0.30802
0.30607
0.303592
0.302161
0.303722
0.336213
0.509139
0.573475
0.367705
0.335027
0.33101
0.32919
0.327086
0.325174
0.322994
0.321025
0.318846
0.316867
0.314682
0.31272
0.310458
0.308513
0.306052
0.304618
0.306188
0.338561
0.511351
0.575108
0.369619
0.337309
0.333343
0.331549
0.329458
0.32756
0.325395
0.323437
0.321273
0.319305
0.317135
0.315181
0.312935
0.310995
0.308552
0.307116
0.308696
0.340951
0.513601
0.576761
0.371562
0.339624
0.33571
0.333941
0.331863
0.329981
0.327831
0.325886
0.323738
0.32178
0.319627
0.317681
0.315452
0.313517
0.311092
0.309655
0.311246
0.343385
0.515891
0.578432
0.373535
0.341973
0.338112
0.336368
0.334305
0.332439
0.330304
0.328372
0.326241
0.324295
0.322158
0.320221
0.318009
0.31608
0.313675
0.312236
0.31384
0.345863
0.518222
0.580123
0.375538
0.344355
0.340548
0.33883
0.336783
0.334932
0.332815
0.330896
0.328783
0.326848
0.324729
0.322802
0.320608
0.318686
0.3163
0.314862
0.316477
0.348387
0.520595
0.581834
0.377572
0.346772
0.34302
0.341329
0.339298
0.337464
0.335365
0.33346
0.331364
0.329442
0.327341
0.325425
0.32325
0.321335
0.31897
0.317532
0.319161
0.350957
0.52301
0.583565
0.379638
0.349224
0.345529
0.343864
0.34185
0.340033
0.337954
0.336063
0.333987
0.332078
0.329995
0.328091
0.325935
0.324028
0.321684
0.320247
0.321892
0.353575
0.525469
0.585317
0.381737
0.351713
0.348075
0.346437
0.344442
0.342642
0.340583
0.338707
0.336651
0.334756
0.332693
0.330801
0.328664
0.326767
0.324445
0.32301
0.32467
0.356243
0.527973
0.587089
0.383869
0.354239
0.35066
0.349048
0.347074
0.345292
0.343253
0.341393
0.339358
0.337477
0.335434
0.333555
0.33144
0.329553
0.327253
0.325821
0.327498
0.358961
0.530523
0.588883
0.386036
0.356803
0.353284
0.351699
0.349746
0.347982
0.345965
0.344122
0.342108
0.340244
0.338222
0.336356
0.334263
0.332386
0.33011
0.328682
0.330376
0.361731
0.53312
0.590699
0.388238
0.359405
0.355948
0.35439
0.352459
0.350714
0.348721
0.346894
0.344903
0.343055
0.341055
0.339205
0.337133
0.335269
0.333016
0.331593
0.333306
0.364555
0.535766
0.592536
0.390476
0.362047
0.358652
0.357122
0.355215
0.35349
0.351521
0.349712
0.347745
0.345914
0.343936
0.342102
0.340054
0.338202
0.335974
0.334557
0.33629
0.367433
0.538462
0.594397
0.392751
0.36473
0.361399
0.359897
0.358015
0.35631
0.354366
0.352576
0.350633
0.34882
0.346867
0.345049
0.343024
0.341186
0.338984
0.337574
0.339328
0.370368
0.541208
0.59628
0.395064
0.367454
0.364189
0.362714
0.360859
0.359175
0.357257
0.355487
0.35357
0.351776
0.349847
0.348046
0.346047
0.344224
0.342049
0.340646
0.342422
0.37336
0.544007
0.598187
0.397416
0.37022
0.367022
0.365576
0.363749
0.362086
0.360196
0.358446
0.356556
0.354781
0.352878
0.351097
0.349123
0.347316
0.345168
0.343774
0.345574
0.376412
0.54686
0.600117
0.399808
0.37303
0.3699
0.368483
0.366686
0.365044
0.363183
0.361455
0.359592
0.357839
0.355963
0.354201
0.352254
0.350463
0.348345
0.346961
0.348785
0.379525
0.549768
0.602072
0.402242
0.375885
0.372825
0.371437
0.36967
0.368052
0.36622
0.364515
0.362681
0.36095
0.359101
0.35736
0.355442
0.353669
0.35158
0.350207
0.352057
0.382701
0.552733
0.604052
0.404719
0.378785
0.375796
0.374438
0.372703
0.371109
0.369309
0.367627
0.365822
0.364115
0.362295
0.360576
0.358687
0.356933
0.354875
0.353515
0.355391
0.385941
0.555755
0.606057
0.40724
0.381732
0.378815
0.377487
0.375787
0.374217
0.37245
0.370793
0.369019
0.367336
0.365546
0.36385
0.361991
0.360258
0.358232
0.356885
0.358789
0.389247
0.558838
0.608088
0.409806
0.384727
0.381884
0.380587
0.378922
0.377378
0.375645
0.374013
0.372271
0.370614
0.368855
0.367185
0.365356
0.363645
0.361652
0.36032
0.362254
0.392622
0.561982
0.610146
0.412419
0.387771
0.385004
0.383737
0.38211
0.380592
0.378895
0.37729
0.375581
0.373951
0.372224
0.37058
0.368784
0.367097
0.365138
0.363822
0.365786
0.396066
0.565189
0.61223
0.41508
0.390865
0.388175
0.386941
0.385352
0.383862
0.382201
0.380625
0.378951
0.377349
0.375655
0.374039
0.372276
0.370614
0.36869
0.367392
0.369388
0.399582
0.568461
0.614343
0.417792
0.394012
0.3914
0.390197
0.388649
0.387188
0.385566
0.384019
0.382381
0.380809
0.37915
0.377562
0.375835
0.374199
0.372312
0.371033
0.373061
0.403171
0.571799
0.616484
0.420556
0.397211
0.394679
0.39351
0.392004
0.390573
0.38899
0.387474
0.385873
0.384333
0.38271
0.381153
0.379461
0.377853
0.376004
0.374746
0.376809
0.406836
0.575206
0.618654
0.423374
0.400465
0.398014
0.396879
0.395417
0.394017
0.392475
0.390992
0.38943
0.387922
0.386336
0.384811
0.383158
0.38158
0.37977
0.378534
0.380631
0.410578
0.578683
0.620853
0.426248
0.403775
0.401407
0.400306
0.39889
0.397523
0.396023
0.394574
0.393052
0.391579
0.390032
0.388541
0.386926
0.38538
0.38361
0.382399
0.384531
0.414399
0.582232
0.623084
0.429181
0.407143
0.404858
0.403793
0.402425
0.401092
0.399636
0.398222
0.396742
0.395305
0.393799
0.392343
0.390769
0.389255
0.387528
0.386343
0.388511
0.418301
0.585855
0.625346
0.432175
0.410571
0.408371
0.407342
0.406023
0.404726
0.403316
0.401939
0.400502
0.399102
0.397638
0.39622
0.394687
0.393209
0.391525
0.390368
0.392573
0.422286
0.589553
0.62764
0.435234
0.414059
0.411945
0.410954
0.409687
0.408426
0.407064
0.405726
0.404333
0.402973
0.401552
0.400173
0.398685
0.397244
0.395605
0.394477
0.396719
0.426355
0.59333
0.629967
0.438359
0.417611
0.415583
0.414631
0.413417
0.412195
0.410882
0.409584
0.408238
0.406919
0.405544
0.404206
0.402762
0.401361
0.399769
0.398672
0.400952
0.430511
0.597187
0.632329
0.441556
0.421229
0.419287
0.418376
0.417216
0.416035
0.414772
0.413517
0.412219
0.410943
0.409615
0.40832
0.406923
0.405563
0.404019
0.402955
0.405273
0.434754
0.601125
0.634727
0.444828
0.424914
0.423059
0.422189
0.421087
0.419948
0.418737
0.417526
0.416278
0.415048
0.413768
0.412518
0.41117
0.409853
0.408359
0.40733
0.409684
0.439086
0.605147
0.637162
0.448182
0.428666
0.4269
0.426074
0.42503
0.423935
0.422779
0.421614
0.420418
0.419234
0.418005
0.416802
0.415504
0.414233
0.412791
0.411799
0.414188
0.443508
0.609255
0.639635
0.451623
0.432487
0.430813
0.430032
0.429049
0.428
0.4269
0.425783
0.424641
0.423506
0.422329
0.421175
0.419929
0.418707
0.417318
0.416365
0.418788
0.448021
0.613451
0.642147
0.455157
0.436381
0.4348
0.434065
0.433145
0.432145
0.431103
0.430036
0.428949
0.427865
0.426742
0.425639
0.424448
0.423276
0.421942
0.42103
0.423484
0.452624
0.617735
0.644702
0.458791
0.440349
0.438863
0.438178
0.437322
0.436372
0.43539
0.434375
0.433345
0.432314
0.431247
0.430198
0.429062
0.427944
0.426666
0.425797
0.42828
0.457319
0.622112
0.6473
0.462534
0.444394
0.443005
0.442371
0.441582
0.440684
0.439763
0.438803
0.437832
0.436856
0.435847
0.434853
0.433776
0.432713
0.431493
0.430668
0.433176
0.462102
0.62658
0.649966
0.466363
0.448518
0.447229
0.446648
0.445927
0.445084
0.444227
0.443322
0.442412
0.441493
0.440544
0.439609
0.438591
0.437587
0.436426
0.435648
0.438174
0.466974
0.631143
0.65271
0.470278
0.452725
0.451537
0.451012
0.450361
0.449575
0.448783
0.447937
0.44709
0.44623
0.445342
0.444467
0.44351
0.442567
0.441468
0.440738
0.443276
0.47193
0.6358
0.655541
0.474282
0.457018
0.455933
0.455466
0.454888
0.45416
0.453436
0.452649
0.451867
0.451068
0.450244
0.449431
0.448537
0.447658
0.446622
0.44594
0.448482
0.476966
0.640553
0.658471
0.478381
0.461401
0.46042
0.460013
0.45951
0.458843
0.458188
0.457463
0.456747
0.456011
0.455252
0.454504
0.453675
0.452862
0.45189
0.451258
0.453793
0.482076
0.645401
0.661513
0.482579
0.465877
0.465002
0.464658
0.464231
0.463627
0.463042
0.462381
0.461733
0.461062
0.46037
0.459688
0.458926
0.458182
0.457275
0.456694
0.459208
0.487251
0.650345
0.664683
0.486883
0.470451
0.469683
0.469405
0.469055
0.468515
0.468004
0.467407
0.46683
0.466225
0.465601
0.464988
0.464293
0.463621
0.46278
0.46225
0.464726
0.492476
0.655381
0.668005
0.491299
0.475128
0.474468
0.474256
0.473987
0.473513
0.473076
0.472546
0.472039
0.471503
0.470948
0.470405
0.46978
0.469181
0.468407
0.467928
0.470344
0.497732
0.660507
0.671507
0.495835
0.479913
0.479361
0.479219
0.47903
0.478623
0.478262
0.4778
0.477366
0.476899
0.476415
0.475944
0.475389
0.474866
0.474159
0.473729
0.476058
0.502989
0.665719
0.67523
0.500502
0.484812
0.484368
0.484296
0.484191
0.483852
0.483568
0.483175
0.482814
0.482418
0.482005
0.481608
0.481123
0.480678
0.480038
0.479655
0.481861
0.508203
0.67101
0.679228
0.505311
0.489833
0.489495
0.489494
0.489473
0.489202
0.488997
0.488673
0.488387
0.488063
0.487722
0.4874
0.486985
0.48662
0.486046
0.485708
0.487745
0.513315
0.676367
0.683577
0.510279
0.49498
0.494747
0.494817
0.494882
0.494679
0.494554
0.4943
0.49409
0.493838
0.493569
0.493324
0.492979
0.492696
0.492186
0.491887
0.493695
0.51823
0.681769
0.405125
0.21077
0.137793
0.118823
0.113069
0.111749
0.109629
0.108445
0.106674
0.105296
0.10375
0.102213
0.100884
0.0991741
0.0980858
0.0961681
0.0963386
0.102545
0.155133
0.335567
0.405558
0.208304
0.136394
0.11865
0.113183
0.111983
0.109828
0.10867
0.106871
0.105504
0.103946
0.102406
0.101083
0.0993561
0.0982887
0.0963425
0.0965747
0.102917
0.156121
0.337165
0.40595
0.20645
0.135333
0.11858
0.113328
0.112226
0.110036
0.108902
0.107077
0.105719
0.104151
0.102608
0.101289
0.0995476
0.0984992
0.0965271
0.0968135
0.103268
0.156946
0.338407
0.406309
0.204992
0.134521
0.118585
0.113498
0.112476
0.110252
0.10914
0.10729
0.105942
0.104363
0.102818
0.101503
0.0997475
0.0987162
0.0967208
0.0970543
0.103601
0.157653
0.339411
0.406644
0.203821
0.133901
0.118647
0.113688
0.112733
0.110476
0.109384
0.107511
0.106171
0.104583
0.103035
0.101723
0.0999552
0.098939
0.0969226
0.0972968
0.103919
0.158271
0.340249
0.406958
0.202871
0.13343
0.118751
0.113893
0.112994
0.110707
0.109633
0.107739
0.106405
0.104809
0.103258
0.101949
0.10017
0.0991667
0.0971315
0.0975409
0.104226
0.15882
0.340963
0.407255
0.2021
0.133078
0.118889
0.114112
0.113259
0.110944
0.109886
0.107973
0.106645
0.10504
0.103487
0.10218
0.100391
0.099399
0.0973468
0.0977862
0.104523
0.159312
0.341579
0.407539
0.201477
0.132824
0.119053
0.114341
0.113527
0.111188
0.110143
0.108212
0.10689
0.105277
0.103722
0.102416
0.100617
0.0996352
0.0975677
0.0980329
0.104813
0.15976
0.342118
0.407811
0.200979
0.132651
0.119239
0.114579
0.113798
0.111436
0.110403
0.108456
0.107139
0.105518
0.103961
0.102657
0.100848
0.0998749
0.0977937
0.0982808
0.105097
0.16017
0.342594
0.408075
0.200586
0.132545
0.119442
0.114824
0.114072
0.111689
0.110667
0.108705
0.107392
0.105764
0.104205
0.102901
0.101085
0.100118
0.0980242
0.0985299
0.105375
0.16055
0.343016
0.408331
0.200282
0.132495
0.119659
0.115077
0.114348
0.111947
0.110933
0.108958
0.107648
0.106014
0.104452
0.103148
0.101325
0.100364
0.0982589
0.0987803
0.105649
0.160903
0.343394
0.408581
0.200054
0.132492
0.119889
0.115335
0.114627
0.112209
0.111202
0.109215
0.107908
0.106268
0.104703
0.103399
0.101569
0.100612
0.0984973
0.0990319
0.10592
0.161236
0.343735
0.408826
0.199893
0.13253
0.120129
0.115598
0.114907
0.112474
0.111474
0.109476
0.108171
0.106525
0.104958
0.103653
0.101816
0.100864
0.0987392
0.0992847
0.106189
0.16155
0.344044
0.409068
0.199787
0.132603
0.120377
0.115866
0.11519
0.112743
0.111748
0.10974
0.108436
0.106785
0.105215
0.10391
0.102067
0.101117
0.0989842
0.0995388
0.106455
0.16185
0.344327
0.409306
0.19973
0.132705
0.120633
0.116138
0.115475
0.113015
0.112024
0.110007
0.108704
0.107048
0.105476
0.104169
0.102321
0.101373
0.0992322
0.0997941
0.10672
0.162137
0.344587
0.409542
0.199715
0.132831
0.120895
0.116414
0.115761
0.11329
0.112302
0.110277
0.108974
0.107313
0.105739
0.104431
0.102577
0.101631
0.099483
0.100051
0.106984
0.162415
0.344827
0.409777
0.199735
0.13298
0.121163
0.116693
0.116049
0.113568
0.112583
0.11055
0.109247
0.107581
0.106004
0.104695
0.102836
0.101891
0.0997363
0.100309
0.107247
0.162684
0.345051
0.410011
0.199787
0.133147
0.121436
0.116976
0.116339
0.113849
0.112865
0.110826
0.109522
0.107852
0.106272
0.104961
0.103097
0.102153
0.099992
0.100568
0.10751
0.162947
0.34526
0.410244
0.199865
0.133331
0.121714
0.117261
0.116631
0.114132
0.11315
0.111103
0.109799
0.108125
0.106542
0.10523
0.103361
0.102417
0.10025
0.100829
0.107774
0.163204
0.345458
0.410477
0.199967
0.133528
0.121996
0.117549
0.116924
0.114417
0.113436
0.111383
0.110078
0.1084
0.106814
0.1055
0.103627
0.102682
0.10051
0.101091
0.108037
0.163458
0.345645
0.41071
0.200088
0.133737
0.122281
0.11784
0.117219
0.114705
0.113724
0.111666
0.110359
0.108677
0.107089
0.105773
0.103895
0.10295
0.100773
0.101355
0.108301
0.163708
0.345824
0.410944
0.200228
0.133958
0.12257
0.118133
0.117516
0.114994
0.114014
0.11195
0.110642
0.108957
0.107365
0.106047
0.104166
0.103219
0.101037
0.10162
0.108565
0.163956
0.345995
0.411178
0.200382
0.134187
0.122861
0.118429
0.117814
0.115286
0.114306
0.112237
0.110927
0.109238
0.107644
0.106324
0.104438
0.10349
0.101303
0.101887
0.108831
0.164204
0.34616
0.411413
0.20055
0.134425
0.123156
0.118727
0.118115
0.11558
0.114599
0.112525
0.111214
0.109522
0.107924
0.106602
0.104712
0.103763
0.101572
0.102155
0.109097
0.164442
0.346325
0.411649
0.200729
0.13467
0.123454
0.119027
0.118416
0.115876
0.114895
0.112816
0.111503
0.109807
0.108206
0.106882
0.104988
0.104038
0.101842
0.102424
0.109363
0.164671
0.346493
0.411886
0.200918
0.134922
0.123753
0.119329
0.11872
0.116175
0.115192
0.113109
0.111793
0.110094
0.10849
0.107164
0.105266
0.104314
0.102114
0.102695
0.109626
0.164894
0.346663
0.412125
0.201117
0.135179
0.124056
0.119633
0.119025
0.116475
0.11549
0.113403
0.112086
0.110383
0.108776
0.107447
0.105546
0.104592
0.102388
0.102968
0.109887
0.165112
0.346835
0.412365
0.201323
0.135442
0.124361
0.11994
0.119332
0.116776
0.115791
0.113699
0.11238
0.110674
0.109063
0.107732
0.105827
0.104872
0.102663
0.103241
0.110146
0.165326
0.34701
0.412606
0.201536
0.135709
0.124668
0.120248
0.119641
0.11708
0.116093
0.113998
0.112675
0.110966
0.109353
0.108019
0.10611
0.105153
0.102941
0.103516
0.110405
0.165538
0.347187
0.41285
0.201756
0.13598
0.124977
0.120558
0.119951
0.117386
0.116397
0.114298
0.112973
0.111261
0.109644
0.108308
0.106396
0.105436
0.10322
0.103792
0.110663
0.165747
0.347366
0.413094
0.201981
0.136256
0.125288
0.12087
0.120263
0.117693
0.116703
0.1146
0.113272
0.111557
0.109937
0.108599
0.106682
0.105721
0.103501
0.10407
0.110922
0.165955
0.347548
0.413341
0.202211
0.136534
0.125601
0.121184
0.120577
0.118003
0.117011
0.114903
0.113573
0.111855
0.110232
0.108891
0.106971
0.106007
0.103783
0.104349
0.11118
0.166161
0.347731
0.413589
0.202445
0.136817
0.125916
0.1215
0.120893
0.118314
0.11732
0.115209
0.113876
0.112155
0.110528
0.109185
0.107261
0.106295
0.104067
0.104629
0.111439
0.166366
0.347917
0.41384
0.202684
0.137102
0.126234
0.121818
0.12121
0.118627
0.117631
0.115516
0.114181
0.112456
0.110826
0.109481
0.107553
0.106585
0.104353
0.104911
0.111698
0.166572
0.348104
0.414092
0.202926
0.13739
0.126553
0.122138
0.121529
0.118942
0.117944
0.115825
0.114487
0.11276
0.111126
0.109779
0.107847
0.106877
0.10464
0.105195
0.111958
0.166777
0.348294
0.414346
0.203172
0.137681
0.126874
0.12246
0.12185
0.119259
0.118258
0.116136
0.114795
0.113065
0.111428
0.110078
0.108143
0.107171
0.10493
0.10548
0.112219
0.166982
0.348485
0.414602
0.203422
0.137975
0.127197
0.122783
0.122173
0.119578
0.118574
0.116449
0.115105
0.113372
0.111732
0.110379
0.10844
0.107466
0.10522
0.105766
0.112481
0.167188
0.348678
0.41486
0.203674
0.138271
0.127522
0.123109
0.122497
0.119898
0.118892
0.116764
0.115417
0.11368
0.112037
0.110682
0.108739
0.107763
0.105513
0.106055
0.112744
0.167394
0.348873
0.415119
0.203929
0.13857
0.127849
0.123436
0.122823
0.12022
0.119212
0.11708
0.11573
0.113991
0.112344
0.110986
0.10904
0.108061
0.105807
0.106344
0.113008
0.167601
0.34907
0.415381
0.204187
0.138871
0.128178
0.123766
0.123151
0.120545
0.119534
0.117398
0.116045
0.114303
0.112653
0.111293
0.109343
0.108362
0.106103
0.106636
0.113274
0.167808
0.349269
0.415645
0.204447
0.139174
0.128509
0.124097
0.123481
0.120871
0.119857
0.117719
0.116362
0.114617
0.112964
0.111601
0.109647
0.108664
0.1064
0.106929
0.113541
0.168017
0.349469
0.415911
0.20471
0.139479
0.128842
0.12443
0.123813
0.121199
0.120183
0.118041
0.116681
0.114933
0.113276
0.111911
0.109954
0.108968
0.1067
0.107224
0.113809
0.168227
0.349672
0.416179
0.204975
0.139787
0.129176
0.124765
0.124147
0.121529
0.12051
0.118364
0.117002
0.115251
0.11359
0.112223
0.110262
0.109274
0.107001
0.10752
0.114079
0.168438
0.349876
0.416449
0.205243
0.140096
0.129513
0.125102
0.124482
0.12186
0.120839
0.11869
0.117324
0.115571
0.113906
0.112536
0.110571
0.109581
0.107304
0.107819
0.11435
0.16865
0.350082
0.416721
0.205512
0.140408
0.129851
0.125441
0.124819
0.122194
0.12117
0.119018
0.117649
0.115892
0.114224
0.112852
0.110883
0.109891
0.107608
0.108119
0.114623
0.168864
0.35029
0.416995
0.205784
0.140722
0.130191
0.125781
0.125158
0.122529
0.121502
0.119347
0.117975
0.116216
0.114544
0.113169
0.111196
0.110202
0.107915
0.108421
0.114898
0.169079
0.350499
0.417272
0.206058
0.141038
0.130534
0.126124
0.125499
0.122867
0.121837
0.119679
0.118303
0.116541
0.114866
0.113488
0.111512
0.110515
0.108223
0.108724
0.115174
0.169296
0.350711
0.41755
0.206334
0.141356
0.130878
0.126469
0.125842
0.123206
0.122173
0.120012
0.118633
0.116868
0.115189
0.113809
0.111829
0.11083
0.108533
0.109029
0.115452
0.169514
0.350924
0.41783
0.206613
0.141676
0.131224
0.126815
0.126187
0.123548
0.122512
0.120347
0.118965
0.117197
0.115515
0.114132
0.112148
0.111146
0.108845
0.109337
0.115732
0.169733
0.351139
0.418113
0.206893
0.141999
0.131572
0.127164
0.126534
0.123891
0.122852
0.120684
0.119299
0.117528
0.115842
0.114457
0.112469
0.111465
0.109159
0.109646
0.116013
0.169954
0.351356
0.418398
0.207175
0.142323
0.131922
0.127515
0.126882
0.124236
0.123194
0.121023
0.119634
0.117861
0.116171
0.114784
0.112791
0.111785
0.109475
0.109956
0.116296
0.170177
0.351575
0.418685
0.20746
0.142649
0.132274
0.127868
0.127233
0.124584
0.123539
0.121365
0.119972
0.118196
0.116502
0.115113
0.113116
0.112108
0.109792
0.110269
0.116581
0.170402
0.351796
0.418974
0.207746
0.142977
0.132628
0.128222
0.127586
0.124933
0.123885
0.121708
0.120312
0.118533
0.116835
0.115443
0.113443
0.112432
0.110111
0.110584
0.116868
0.170628
0.352018
0.419265
0.208035
0.143308
0.132984
0.128579
0.12794
0.125284
0.124233
0.122053
0.120653
0.118872
0.117171
0.115776
0.113771
0.112758
0.110433
0.1109
0.117157
0.170856
0.352242
0.419558
0.208325
0.14364
0.133342
0.128938
0.128297
0.125638
0.124583
0.1224
0.120997
0.119212
0.117508
0.11611
0.114101
0.113086
0.110756
0.111218
0.117447
0.171085
0.352469
0.419854
0.208617
0.143975
0.133702
0.129299
0.128656
0.125993
0.124935
0.122749
0.121342
0.119555
0.117847
0.116447
0.114434
0.113416
0.111081
0.111539
0.11774
0.171316
0.352697
0.420152
0.208912
0.144312
0.134065
0.129662
0.129017
0.126351
0.125289
0.1231
0.12169
0.1199
0.118188
0.116785
0.114768
0.113748
0.111408
0.111861
0.118034
0.17155
0.352927
0.420452
0.209208
0.14465
0.134429
0.130027
0.129379
0.12671
0.125646
0.123453
0.122039
0.120247
0.118531
0.117126
0.115105
0.114082
0.111738
0.112185
0.11833
0.171784
0.353159
0.420754
0.209507
0.144991
0.134795
0.130394
0.129744
0.127072
0.126004
0.123809
0.122391
0.120596
0.118876
0.117468
0.115443
0.114418
0.112069
0.112511
0.118628
0.172021
0.353392
0.421059
0.209807
0.145334
0.135164
0.130764
0.130111
0.127436
0.126364
0.124166
0.122745
0.120947
0.119223
0.117813
0.115784
0.114756
0.112402
0.112839
0.118929
0.17226
0.353628
0.421365
0.21011
0.14568
0.135534
0.131135
0.13048
0.127802
0.126727
0.124526
0.123101
0.1213
0.119572
0.118159
0.116126
0.115096
0.112737
0.113169
0.119231
0.1725
0.353866
0.421674
0.210414
0.146027
0.135907
0.131509
0.130851
0.12817
0.127091
0.124888
0.123458
0.121655
0.119923
0.118508
0.116471
0.115438
0.113074
0.113501
0.119535
0.172742
0.354105
0.421986
0.210721
0.146376
0.136282
0.131885
0.131225
0.12854
0.127458
0.125251
0.123818
0.122013
0.120277
0.118859
0.116817
0.115783
0.113414
0.113836
0.119841
0.172986
0.354347
0.422299
0.211029
0.146728
0.136659
0.132263
0.1316
0.128913
0.127827
0.125617
0.124181
0.122372
0.120632
0.119212
0.117166
0.116129
0.113755
0.114172
0.120149
0.173232
0.35459
0.422615
0.21134
0.147082
0.137038
0.132644
0.131978
0.129288
0.128198
0.125986
0.124545
0.122734
0.12099
0.119567
0.117517
0.116477
0.114099
0.11451
0.12046
0.17348
0.354836
0.422933
0.211652
0.147438
0.137419
0.133027
0.132358
0.129665
0.128571
0.126356
0.124911
0.123097
0.12135
0.119924
0.11787
0.116828
0.114444
0.114851
0.120772
0.17373
0.355083
0.423254
0.211967
0.147796
0.137803
0.133412
0.13274
0.130044
0.128947
0.126729
0.12528
0.123464
0.121711
0.120284
0.118225
0.117181
0.114792
0.115193
0.121086
0.173982
0.355333
0.423576
0.212284
0.148157
0.138188
0.133799
0.133124
0.130425
0.129324
0.127104
0.125651
0.123832
0.122076
0.120645
0.118583
0.117535
0.115142
0.115538
0.121403
0.174236
0.355584
0.423901
0.212602
0.14852
0.138577
0.134188
0.133511
0.130809
0.129704
0.127481
0.126024
0.124202
0.122442
0.121009
0.118942
0.117892
0.115494
0.115885
0.121722
0.174492
0.355837
0.424229
0.212923
0.148885
0.138967
0.13458
0.133899
0.131195
0.130086
0.12786
0.126399
0.124575
0.122811
0.121375
0.119304
0.118252
0.115848
0.116234
0.122042
0.17475
0.356093
0.424559
0.213246
0.149252
0.139359
0.134975
0.134291
0.131584
0.130471
0.128242
0.126777
0.12495
0.123181
0.121743
0.119668
0.118613
0.116205
0.116585
0.122366
0.17501
0.356351
0.424891
0.21357
0.149622
0.139754
0.135371
0.134684
0.131974
0.130857
0.128626
0.127157
0.125327
0.123555
0.122114
0.120034
0.118977
0.116564
0.116938
0.122691
0.175271
0.35661
0.425225
0.213897
0.149994
0.140152
0.13577
0.13508
0.132367
0.131246
0.129012
0.127539
0.125707
0.12393
0.122487
0.120403
0.119343
0.116925
0.117294
0.123018
0.175535
0.356872
0.425562
0.214226
0.150368
0.140551
0.136171
0.135478
0.132763
0.131638
0.129401
0.127923
0.126089
0.124308
0.122862
0.120774
0.119711
0.117288
0.117652
0.123348
0.175801
0.357136
0.425901
0.214557
0.150745
0.140953
0.136575
0.135878
0.133161
0.132031
0.129792
0.12831
0.126473
0.124688
0.123239
0.121147
0.120081
0.117653
0.118012
0.12368
0.17607
0.357402
0.426243
0.21489
0.151124
0.141357
0.136982
0.136281
0.133561
0.132427
0.130185
0.1287
0.12686
0.12507
0.123619
0.121522
0.120454
0.118021
0.118374
0.124014
0.17634
0.35767
0.426587
0.215225
0.151505
0.141764
0.13739
0.136686
0.133964
0.132826
0.130581
0.129091
0.127249
0.125455
0.124001
0.1219
0.120829
0.118391
0.118739
0.124351
0.176612
0.35794
0.426934
0.215562
0.151889
0.142173
0.137802
0.137094
0.134369
0.133227
0.13098
0.129485
0.12764
0.125842
0.124386
0.12228
0.121207
0.118764
0.119106
0.124689
0.176887
0.358212
0.427283
0.215901
0.152275
0.142585
0.138215
0.137504
0.134777
0.13363
0.13138
0.129881
0.128034
0.126232
0.124772
0.122663
0.121587
0.119139
0.119475
0.125031
0.177163
0.358487
0.427634
0.216242
0.152663
0.142999
0.138631
0.137916
0.135187
0.134036
0.131784
0.13028
0.12843
0.126624
0.125162
0.123048
0.121969
0.119516
0.119847
0.125374
0.177442
0.358764
0.427988
0.216585
0.153054
0.143415
0.13905
0.138331
0.1356
0.134444
0.13219
0.130682
0.128829
0.127018
0.125554
0.123435
0.122354
0.119896
0.120221
0.12572
0.177723
0.359043
0.428345
0.21693
0.153448
0.143834
0.139472
0.138749
0.136015
0.134855
0.132598
0.131085
0.12923
0.127415
0.125948
0.123825
0.122741
0.120278
0.120598
0.126068
0.178007
0.359324
0.428703
0.217278
0.153844
0.144256
0.139895
0.139169
0.136433
0.135268
0.133009
0.131492
0.129634
0.127814
0.126345
0.124217
0.12313
0.120663
0.120977
0.126419
0.178292
0.359607
0.429065
0.217627
0.154242
0.14468
0.140322
0.139592
0.136853
0.135684
0.133422
0.1319
0.13004
0.128216
0.126744
0.124612
0.123522
0.12105
0.121358
0.126772
0.17858
0.359893
0.429428
0.217979
0.154643
0.145106
0.140751
0.140017
0.137276
0.136102
0.133838
0.132312
0.130449
0.128621
0.127145
0.12501
0.123917
0.12144
0.121742
0.127128
0.17887
0.36018
0.429794
0.218332
0.155046
0.145535
0.141183
0.140444
0.137702
0.136523
0.134256
0.132726
0.130861
0.129028
0.12755
0.12541
0.124314
0.121832
0.122128
0.127486
0.179162
0.36047
0.430163
0.218688
0.155452
0.145967
0.141617
0.140875
0.13813
0.136946
0.134678
0.133142
0.131275
0.129437
0.127957
0.125812
0.124714
0.122226
0.122517
0.127847
0.179457
0.360763
0.430534
0.219045
0.15586
0.146401
0.142055
0.141308
0.138561
0.137372
0.135101
0.133561
0.131691
0.129849
0.128366
0.126217
0.125116
0.122624
0.122909
0.12821
0.179754
0.361057
0.430908
0.219405
0.156271
0.146838
0.142494
0.141743
0.138994
0.137801
0.135528
0.133983
0.132111
0.130264
0.128778
0.126625
0.12552
0.123024
0.123303
0.128575
0.180053
0.361354
0.431284
0.219767
0.156685
0.147278
0.142937
0.142181
0.139431
0.138233
0.135957
0.134407
0.132533
0.130682
0.129193
0.127035
0.125928
0.123426
0.123699
0.128944
0.180355
0.361653
0.431662
0.22013
0.157101
0.14772
0.143382
0.142622
0.13987
0.138667
0.136389
0.134834
0.132957
0.131102
0.12961
0.127448
0.126338
0.123831
0.124098
0.129314
0.180658
0.361955
0.432043
0.220496
0.157519
0.148165
0.14383
0.143066
0.140311
0.139103
0.136823
0.135264
0.133385
0.131524
0.13003
0.127864
0.12675
0.124239
0.1245
0.129688
0.180965
0.362259
0.432427
0.220864
0.157941
0.148612
0.144281
0.143512
0.140756
0.139543
0.137261
0.135696
0.133815
0.13195
0.130453
0.128282
0.127166
0.124649
0.124905
0.130064
0.181273
0.362565
0.432812
0.221234
0.158365
0.149062
0.144735
0.143961
0.141203
0.139985
0.137701
0.136131
0.134247
0.132378
0.130878
0.128703
0.127584
0.125062
0.125312
0.130442
0.181584
0.362873
0.433201
0.221606
0.158791
0.149515
0.145191
0.144413
0.141653
0.14043
0.138143
0.136569
0.134683
0.132809
0.131306
0.129127
0.128004
0.125478
0.125721
0.130824
0.181897
0.363184
0.433591
0.221981
0.15922
0.149971
0.145651
0.144868
0.142106
0.140878
0.138589
0.13701
0.135121
0.133242
0.131737
0.129553
0.128428
0.125897
0.126134
0.131208
0.182213
0.363497
0.433985
0.222357
0.159652
0.15043
0.146113
0.145325
0.142562
0.141328
0.139038
0.137453
0.135562
0.133679
0.132171
0.129982
0.128854
0.126318
0.126549
0.131594
0.182531
0.363812
0.43438
0.222735
0.160087
0.150891
0.146578
0.145785
0.143021
0.141781
0.139489
0.1379
0.136006
0.134118
0.132607
0.130414
0.129283
0.126742
0.126967
0.131984
0.182851
0.36413
0.434778
0.223116
0.160525
0.151355
0.147046
0.146248
0.143482
0.142237
0.139943
0.138349
0.136453
0.13456
0.133047
0.130849
0.129714
0.127169
0.127388
0.132376
0.183174
0.36445
0.435179
0.223498
0.160965
0.151822
0.147517
0.146714
0.143947
0.142697
0.1404
0.138801
0.136902
0.135005
0.133489
0.131287
0.130149
0.127599
0.127811
0.132771
0.183499
0.364772
0.435581
0.223883
0.161408
0.152292
0.147991
0.147183
0.144414
0.143158
0.14086
0.139255
0.137355
0.135453
0.133934
0.131728
0.130586
0.128031
0.128237
0.133168
0.183826
0.365097
0.435987
0.224269
0.161853
0.152765
0.148468
0.147655
0.144884
0.143623
0.141323
0.139713
0.13781
0.135904
0.134382
0.132171
0.131027
0.128467
0.128666
0.133569
0.184156
0.365424
0.436394
0.224658
0.162302
0.153241
0.148948
0.14813
0.145358
0.144091
0.141789
0.140174
0.138269
0.136357
0.134833
0.132617
0.13147
0.128905
0.129098
0.133972
0.184488
0.365754
0.436804
0.225049
0.162753
0.153719
0.149431
0.148607
0.145834
0.144562
0.142258
0.140637
0.13873
0.136814
0.135286
0.133067
0.131916
0.129346
0.129533
0.134378
0.184823
0.366085
0.437216
0.225442
0.163208
0.154201
0.149917
0.149088
0.146313
0.145035
0.14273
0.141104
0.139194
0.137273
0.135743
0.133519
0.132365
0.12979
0.129971
0.134787
0.18516
0.366419
0.437631
0.225837
0.163665
0.154685
0.150406
0.149571
0.146796
0.145512
0.143205
0.141573
0.139662
0.137736
0.136203
0.133974
0.132817
0.130238
0.130411
0.135199
0.185499
0.366756
0.438048
0.226234
0.164125
0.155173
0.150898
0.150058
0.147281
0.145992
0.143682
0.142046
0.140132
0.138201
0.136665
0.134432
0.133272
0.130688
0.130855
0.135613
0.185841
0.367094
0.438467
0.226633
0.164588
0.155663
0.151393
0.150547
0.14777
0.146474
0.144163
0.142522
0.140605
0.13867
0.137131
0.134894
0.13373
0.131141
0.131301
0.136031
0.186185
0.367435
0.438888
0.227035
0.165054
0.156157
0.151891
0.15104
0.148262
0.14696
0.144648
0.143
0.141082
0.139142
0.1376
0.135358
0.134191
0.131597
0.131751
0.136451
0.186532
0.367778
0.439311
0.227438
0.165523
0.156653
0.152393
0.151536
0.148757
0.147449
0.145135
0.143482
0.141561
0.139616
0.138072
0.135826
0.134655
0.132056
0.132204
0.136875
0.186881
0.368124
0.439737
0.227844
0.165994
0.157153
0.152898
0.152035
0.149255
0.147941
0.145625
0.143967
0.142044
0.140094
0.138547
0.136296
0.135122
0.132519
0.132659
0.137301
0.187232
0.368472
0.440165
0.228251
0.166469
0.157656
0.153405
0.152537
0.149756
0.148436
0.146119
0.144455
0.14253
0.140575
0.139025
0.13677
0.135592
0.132984
0.133118
0.13773
0.187586
0.368822
0.440595
0.228661
0.166947
0.158162
0.153917
0.153042
0.15026
0.148934
0.146615
0.144946
0.143019
0.141059
0.139506
0.137247
0.136065
0.133453
0.13358
0.138163
0.187942
0.369174
0.441027
0.229073
0.167429
0.158671
0.154431
0.15355
0.150768
0.149436
0.147115
0.14544
0.143511
0.141547
0.13999
0.137727
0.136542
0.133925
0.134045
0.138598
0.188301
0.369529
0.441462
0.229487
0.167913
0.159183
0.154949
0.154062
0.151279
0.14994
0.147619
0.145938
0.144007
0.142037
0.140478
0.13821
0.137022
0.1344
0.134513
0.139037
0.188662
0.369886
0.441898
0.229904
0.1684
0.159698
0.15547
0.154576
0.151793
0.150448
0.148125
0.146439
0.144505
0.142531
0.140969
0.138696
0.137504
0.134878
0.134984
0.139478
0.189026
0.370245
0.442337
0.230322
0.168891
0.160217
0.155994
0.155094
0.152311
0.150959
0.148635
0.146943
0.145007
0.143028
0.141463
0.139186
0.137991
0.13536
0.135458
0.139923
0.189392
0.370606
0.442778
0.230743
0.169385
0.160739
0.156522
0.155616
0.152832
0.151474
0.149148
0.14745
0.145513
0.143529
0.141961
0.139679
0.13848
0.135845
0.135936
0.140371
0.18976
0.370969
0.44322
0.231166
0.169882
0.161264
0.157053
0.156141
0.153356
0.151992
0.149665
0.147961
0.146022
0.144032
0.142461
0.140176
0.138973
0.136333
0.136417
0.140822
0.190131
0.371335
0.443665
0.231591
0.170382
0.161793
0.157588
0.156669
0.153884
0.152513
0.150185
0.148475
0.146534
0.14454
0.142966
0.140675
0.139469
0.136824
0.136901
0.141276
0.190505
0.371703
0.444112
0.232018
0.170886
0.162325
0.158126
0.1572
0.154415
0.153038
0.150708
0.148993
0.147049
0.14505
0.143473
0.141179
0.139969
0.137319
0.137389
0.141733
0.190881
0.372073
0.44456
0.232448
0.171393
0.16286
0.158667
0.157735
0.15495
0.153566
0.151235
0.149514
0.147568
0.145564
0.143984
0.141685
0.140472
0.137818
0.13788
0.142194
0.191259
0.372445
0.445011
0.23288
0.171903
0.163399
0.159213
0.158273
0.155488
0.154097
0.151766
0.150038
0.148091
0.146082
0.144499
0.142195
0.140978
0.13832
0.138375
0.142658
0.191641
0.372819
0.445464
0.233314
0.172417
0.163942
0.159761
0.158815
0.15603
0.154632
0.1523
0.150567
0.148617
0.146603
0.145017
0.142709
0.141488
0.138825
0.138872
0.143126
0.192024
0.373196
0.445919
0.23375
0.172934
0.164487
0.160314
0.159361
0.156575
0.155171
0.152837
0.151098
0.149147
0.147127
0.145539
0.143226
0.142001
0.139334
0.139374
0.143597
0.192411
0.373574
0.446375
0.234189
0.173455
0.165037
0.16087
0.15991
0.157124
0.155713
0.153378
0.151633
0.14968
0.147656
0.146064
0.143747
0.142519
0.139847
0.139879
0.144071
0.1928
0.373955
0.446834
0.234631
0.17398
0.16559
0.16143
0.160462
0.157677
0.156259
0.153923
0.152172
0.150217
0.148188
0.146593
0.144272
0.143039
0.140363
0.140387
0.144549
0.193191
0.374338
0.447294
0.235075
0.174508
0.166146
0.161993
0.161018
0.158234
0.156809
0.154472
0.152715
0.150758
0.148723
0.147125
0.1448
0.143564
0.140883
0.1409
0.14503
0.193586
0.374723
0.447757
0.235521
0.175039
0.166707
0.16256
0.161578
0.158794
0.157362
0.155024
0.153261
0.151302
0.149262
0.147662
0.145332
0.144092
0.141406
0.141415
0.145515
0.193983
0.37511
0.448221
0.23597
0.175575
0.167271
0.163132
0.162142
0.159358
0.157919
0.155581
0.153811
0.15185
0.149806
0.148202
0.145867
0.144623
0.141934
0.141935
0.146004
0.194383
0.3755
0.448688
0.236421
0.176114
0.167839
0.163707
0.16271
0.159926
0.15848
0.156141
0.154365
0.152402
0.150353
0.148746
0.146407
0.145159
0.142465
0.142458
0.146496
0.194786
0.375891
0.449156
0.236875
0.176657
0.16841
0.164286
0.163281
0.160498
0.159045
0.156705
0.154923
0.152958
0.150903
0.149293
0.14695
0.145698
0.143
0.142985
0.146992
0.195192
0.376285
0.449627
0.237332
0.177204
0.168986
0.164869
0.163857
0.161074
0.159613
0.157273
0.155485
0.153518
0.151458
0.149845
0.147498
0.146242
0.143539
0.143516
0.147492
0.195601
0.376681
0.450099
0.237791
0.177755
0.169565
0.165456
0.164436
0.161654
0.160186
0.157845
0.156051
0.154082
0.152017
0.150401
0.148049
0.146789
0.144082
0.144051
0.147995
0.196013
0.377079
0.450573
0.238253
0.17831
0.170149
0.166047
0.165019
0.162238
0.160763
0.158421
0.156621
0.15465
0.15258
0.15096
0.148605
0.14734
0.144629
0.14459
0.148503
0.196428
0.377479
0.45105
0.238718
0.178869
0.170736
0.166642
0.165606
0.162827
0.161343
0.159001
0.157194
0.155222
0.153147
0.151524
0.149164
0.147896
0.14518
0.145133
0.149014
0.196846
0.377882
0.451528
0.239186
0.179432
0.171328
0.167241
0.166198
0.163419
0.161928
0.159585
0.157773
0.155798
0.153718
0.152092
0.149728
0.148455
0.145735
0.14568
0.14953
0.197267
0.378287
0.452009
0.239657
0.179999
0.171923
0.167845
0.166794
0.164015
0.162517
0.160174
0.158355
0.156379
0.154293
0.152664
0.150295
0.149019
0.146294
0.146231
0.150049
0.197691
0.378694
0.452491
0.240131
0.18057
0.172523
0.168453
0.167393
0.164616
0.163111
0.160766
0.158941
0.156963
0.154873
0.153241
0.150868
0.149587
0.146858
0.146786
0.150573
0.198119
0.379103
0.452976
0.240608
0.181146
0.173127
0.169065
0.167998
0.165222
0.163708
0.161364
0.159532
0.157552
0.155456
0.153821
0.151444
0.150159
0.147426
0.147346
0.151101
0.19855
0.379515
0.453463
0.241089
0.181726
0.173736
0.169682
0.168606
0.165831
0.16431
0.161965
0.160127
0.158146
0.156045
0.154406
0.152025
0.150736
0.147998
0.14791
0.151633
0.198984
0.379929
0.453952
0.241572
0.182311
0.174349
0.170304
0.169219
0.166446
0.164917
0.162571
0.160727
0.158744
0.156637
0.154996
0.15261
0.151317
0.148575
0.148478
0.15217
0.199422
0.380345
0.454443
0.242059
0.1829
0.174966
0.170929
0.169836
0.167064
0.165528
0.163182
0.161331
0.159346
0.157234
0.15559
0.1532
0.151902
0.149156
0.14905
0.152711
0.199863
0.380764
0.454937
0.24255
0.183494
0.175588
0.17156
0.170458
0.167688
0.166143
0.163797
0.16194
0.159953
0.157836
0.156188
0.153794
0.152492
0.149742
0.149628
0.153256
0.200308
0.381186
0.455433
0.243044
0.184093
0.176214
0.172195
0.171085
0.168316
0.166763
0.164417
0.162554
0.160565
0.158443
0.156791
0.154393
0.153086
0.150332
0.150209
0.153806
0.200756
0.381609
0.455931
0.243542
0.184696
0.176846
0.172835
0.171716
0.168948
0.167388
0.165041
0.163172
0.161181
0.159054
0.157399
0.154996
0.153686
0.150927
0.150796
0.15436
0.201208
0.382036
0.456432
0.244044
0.185305
0.177481
0.17348
0.172352
0.169586
0.168018
0.165671
0.163795
0.161802
0.15967
0.158012
0.155605
0.15429
0.151527
0.151386
0.154919
0.201663
0.382465
0.456935
0.244549
0.185918
0.178122
0.174129
0.172993
0.170228
0.168652
0.166305
0.164422
0.162428
0.16029
0.158629
0.156218
0.154898
0.152132
0.151982
0.155482
0.202121
0.382896
0.457441
0.245058
0.186536
0.178767
0.174784
0.173638
0.170875
0.169291
0.166944
0.165055
0.163059
0.160916
0.159251
0.156836
0.155512
0.152741
0.152583
0.15605
0.202583
0.38333
0.457949
0.245572
0.187159
0.179418
0.175443
0.174289
0.171528
0.169935
0.167588
0.165693
0.163694
0.161546
0.159879
0.157459
0.15613
0.153356
0.153188
0.156622
0.203047
0.383767
0.45846
0.24609
0.187788
0.180073
0.176108
0.174944
0.172185
0.170584
0.168237
0.166335
0.164335
0.162182
0.160511
0.158087
0.156754
0.153975
0.153798
0.157199
0.203515
0.384207
0.458973
0.246611
0.188421
0.180733
0.176778
0.175604
0.172848
0.171239
0.168892
0.166983
0.164981
0.162823
0.161148
0.15872
0.157383
0.154599
0.154413
0.15778
0.203985
0.384649
0.459489
0.247137
0.189061
0.181398
0.177453
0.17627
0.173515
0.171898
0.169551
0.167636
0.165632
0.163469
0.161791
0.159359
0.158016
0.155229
0.155033
0.158366
0.204456
0.385094
0.460008
0.247667
0.189705
0.182069
0.178133
0.176941
0.174188
0.172563
0.170216
0.168295
0.166289
0.16412
0.162439
0.160002
0.158655
0.155864
0.155658
0.158955
0.204929
0.385541
0.460529
0.248201
0.190355
0.182745
0.178818
0.177617
0.174867
0.173233
0.170886
0.168958
0.16695
0.164776
0.163092
0.160651
0.1593
0.156504
0.156289
0.159548
0.205401
0.385991
0.461054
0.248738
0.191009
0.183426
0.179509
0.178298
0.17555
0.173908
0.171562
0.169627
0.167618
0.165438
0.163751
0.161306
0.15995
0.157149
0.156924
0.160145
0.205872
0.386444
0.461581
0.249278
0.191669
0.184112
0.180206
0.178985
0.17624
0.174589
0.172243
0.170302
0.16829
0.166106
0.164415
0.161965
0.160605
0.1578
0.157565
0.160743
0.206336
0.386899
0.462111
0.249819
0.192334
0.184804
0.180908
0.179677
0.176934
0.175276
0.17293
0.170982
0.168969
0.166779
0.165085
0.162631
0.161266
0.158456
0.15821
0.161343
0.20679
0.387357
0.462643
0.25036
0.193003
0.185501
0.181615
0.180375
0.177635
0.175968
0.173622
0.171668
0.169653
0.167458
0.165761
0.163302
0.161933
0.159118
0.158861
0.161942
0.207229
0.387816
0.463178
0.250898
0.193675
0.186203
0.182328
0.181078
0.178341
0.176666
0.17432
0.17236
0.170343
0.168142
0.166442
0.163979
0.162606
0.159786
0.159517
0.162536
0.20764
0.388275
)
;

boundaryField
{
    wall
    {
        type            compressible::alphatJayatillekeWallFunction;
        Prt             0.85;
        value           uniform 0;
    }
    inlet
    {
        type            calculated;
        value           uniform 37.903;
    }
    outlet
    {
        type            calculated;
        value           nonuniform List<scalar> 
20
(
0.347535
0.147548
0.0929723
0.0874052
0.0875291
0.0890388
0.0900373
0.091392
0.0925116
0.0937558
0.0949651
0.0961189
0.0974208
0.0984779
0.100101
0.101961
0.109008
0.131422
0.197704
0.377255
)
;
    }
    heatWall
    {
        type            compressible::alphatJayatillekeWallFunction;
        Prt             0.85;
        value           nonuniform List<scalar> 
840
(
0
0
0
0
0.0422935
0.0417864
0.0412945
0.0408167
0.0403525
0.0399013
0.0394625
0.0390356
0.0386203
0.038216
0.0378225
0.0374392
0.037066
0.0367023
0.0363479
0.0360025
0.0356657
0.0353373
0.035017
0.0347044
0.0343994
0.0341017
0.033811
0.0335271
0.0332498
0.0329788
0.032714
0.0324551
0.0322019
0.0319541
0.0317117
0.0314744
0.031242
0.0310144
0.0307912
0.0305723
0.0303575
0.0301466
0.0299394
0.0297356
0.029535
0.0293372
0.029142
0.0289489
0.0287574
0.0285667
0.0163769
0.0164004
0.0164219
0.0164437
0.0164659
0.0164882
0.0165109
0.0165338
0.0165569
0.0165803
0.016604
0.0166279
0.0166521
0.0166766
0.0167013
0.0167263
0.0167516
0.0167771
0.016803
0.0168291
0.0168555
0.0168822
0.0169092
0.0169364
0.016964
0.0169919
0.0170201
0.0170486
0.0170775
0.0171066
0.0171361
0.017166
0.0171961
0.0172266
0.0172575
0.0172887
0.0173202
0.0173522
0.0173845
0.0174171
0.0174502
0.0174836
0.0175174
0.0175517
0.0175863
0.0176213
0.0176568
0.0176927
0.017729
0.0177657
0.0178029
0.0178405
0.0178786
0.0179172
0.0179562
0.0179958
0.0180358
0.0180763
0.0181173
0.0181589
0.0182009
0.0182435
0.0182867
0.0183303
0.0183746
0.0184194
0.0184648
0.0185108
0.0185575
0.0186047
0.0186525
0.018701
0.0187502
0.0188
0.0188504
0.0189016
0.0189535
0.019006
0.0190594
0.0191134
0.0191682
0.0192238
0.0192802
0.0193373
0.0193953
0.0194541
0.0195138
0.0195744
0.0196358
0.0196981
0.0197614
0.0198256
0.0198908
0.0199569
0.0200241
0.0200923
0.0201615
0.0202318
0.0203032
0.0203757
0.0204494
0.0205242
0.0206003
0.0206775
0.0207561
0.0208359
0.020917
0.0209994
0.0210832
0.0211685
0.0212551
0.0213433
0.0214329
0.0215241
0.0216169
0.0217113
0.0218074
0.0219052
0.0220047
0.022106
0.0222092
0.0223142
0.0224212
0.0225302
0.0226412
0.0227543
0.0228695
0.0229869
0.0231067
0.0232287
0.0233531
0.02348
0.0236094
0.0237413
0.0238759
0.0240133
0.0241535
0.0242965
0.0244425
0.0245915
0.0247436
0.0248989
0.0250575
0.0252195
0.0253848
0.0255537
0.0257262
0.0259023
0.0260821
0.0262657
0.0264532
0.0266444
0.0268396
0.0270386
0.0272414
0.0274479
0.0276579
0.0278714
0.0280879
0.0283069
0.0141948
0.0142603
0.0143113
0.0143528
0.0143875
0.0144172
0.014443
0.0144657
0.0144858
0.0145038
0.0145199
0.0145346
0.014548
0.0145603
0.0145717
0.0145822
0.0145921
0.0146015
0.0146103
0.0146187
0.0146268
0.0146345
0.014642
0.0146494
0.014657
0.0146647
0.0146724
0.0146803
0.0146882
0.0146962
0.0147043
0.0147125
0.0147207
0.014729
0.0147374
0.0147459
0.0147544
0.0147629
0.0147716
0.0147803
0.0147891
0.0147979
0.0148068
0.0148158
0.0148248
0.0148339
0.0148431
0.0148523
0.0148616
0.0148709
0.0148803
0.0148898
0.0148994
0.014909
0.0149186
0.0149284
0.0149382
0.014948
0.014958
0.014968
0.014978
0.0149882
0.0149984
0.0150086
0.015019
0.0150294
0.0150399
0.0150504
0.015061
0.0150717
0.0150825
0.0150933
0.0151042
0.0151152
0.0151263
0.0151374
0.0151486
0.0151599
0.0151713
0.0151827
0.0151942
0.0152058
0.0152175
0.0152292
0.015241
0.015253
0.0152649
0.015277
0.0152892
0.0153014
0.0153137
0.0153261
0.0153385
0.0153511
0.0153637
0.0153765
0.0153893
0.0154021
0.0154151
0.0154282
0.0154413
0.0154545
0.0154678
0.0154812
0.0154946
0.0155082
0.0155218
0.0155355
0.0155493
0.0155632
0.0155771
0.0155911
0.0156052
0.0156194
0.0156337
0.015648
0.0156624
0.0156769
0.0156915
0.0157061
0.0157208
0.0157356
0.0157505
0.0157655
0.0157805
0.0157956
0.0158108
0.015826
0.0158413
0.0158567
0.0158722
0.0158877
0.0159034
0.0159191
0.0159348
0.0159507
0.0159666
0.0159826
0.0159987
0.0160149
0.0160312
0.0160475
0.016064
0.0160805
0.0160971
0.0161138
0.0161306
0.0161475
0.0161645
0.0161816
0.0161987
0.016216
0.0162334
0.0162509
0.0162684
0.0162861
0.0163039
0.0163217
0.0163397
0.0163576
0.0147063
0.0146929
0.0146794
0.0146658
0.0146521
0.0146383
0.0146244
0.0146103
0.0145961
0.0145818
0.0145673
0.0145526
0.0145378
0.0145228
0.0145076
0.0144922
0.0144766
0.0144607
0.0144447
0.0144284
0.0144119
0.0143952
0.0143782
0.014361
0.0143436
0.0143259
0.014308
0.0142901
0.0142722
0.0142544
0.0142368
0.0142193
0.0142022
0.0141854
0.0141691
0.0141534
0.0141385
0.0141244
0.0141115
0.0140998
0.0140898
0.0140817
0.0140758
0.0140728
0.014073
0.0140775
0.014087
0.0141032
0.0141275
0.0141625
0.0195049
0.0195295
0.0195544
0.0195795
0.0196047
0.0196302
0.0196558
0.0196817
0.0197077
0.019734
0.0197604
0.0197871
0.0198139
0.019841
0.0198683
0.0198958
0.0199235
0.0199514
0.0199795
0.0200079
0.0200365
0.0200653
0.0200943
0.0201236
0.0201531
0.0201828
0.0202128
0.020243
0.0202734
0.0203041
0.020335
0.0203662
0.0203976
0.0204293
0.0204613
0.0204935
0.0205259
0.0205586
0.0205916
0.0206248
0.0206583
0.0206921
0.0207262
0.0207605
0.0207952
0.0208301
0.0208653
0.0209007
0.0209365
0.0209726
0.021009
0.0210456
0.0210826
0.0211199
0.0211575
0.0211955
0.0212337
0.0212723
0.0213112
0.0213505
0.02139
0.02143
0.0214702
0.0215108
0.0215518
0.0215932
0.0216348
0.0216769
0.0217194
0.0217622
0.0218054
0.021849
0.0218929
0.0219373
0.0219821
0.0220273
0.0220729
0.0221189
0.0221654
0.0222123
0.0222596
0.0223073
0.0223556
0.0224042
0.0224534
0.022503
0.0225531
0.0226036
0.0226547
0.0227062
0.0227583
0.0228109
0.022864
0.0229176
0.0229718
0.0230265
0.0230817
0.0231375
0.0231939
0.0232509
0.0233085
0.0233666
0.0234254
0.0234848
0.0235448
0.0236054
0.0236667
0.0237286
0.0237913
0.0238546
0.0239186
0.0239833
0.0240487
0.0241148
0.0241817
0.0242493
0.0243177
0.0243869
0.0244569
0.0245277
0.0245993
0.0246718
0.0247451
0.0248193
0.0248943
0.0249703
0.0250472
0.025125
0.0252038
0.0252836
0.0253644
0.0254462
0.025529
0.0256129
0.0256979
0.025784
0.0258713
0.0259597
0.0260494
0.0261402
0.0262324
0.0263258
0.0264206
0.0265168
0.0266144
0.0267135
0.0268141
0.0269164
0.0270204
0.027127
0.0272366
0.0273497
0.0274667
0.027588
0.0277143
0.0278466
0.0279858
0.0281337
0.0282921
0.028464
0
0
0
0
0.0422935
0.0417864
0.0412945
0.0408168
0.0403527
0.0399015
0.0394627
0.039036
0.0386207
0.0382166
0.0378232
0.0374401
0.0370671
0.0367037
0.0363496
0.0360045
0.0356681
0.0353401
0.0350203
0.0347083
0.034404
0.0341071
0.0338174
0.0335346
0.0332585
0.032989
0.0327259
0.0324689
0.032218
0.0319729
0.0317335
0.0314997
0.0312714
0.0310484
0.0308302
0.0306162
0.0304062
0.0301998
0.0299968
0.0297968
0.0295994
0.029404
0.0292097
0.0290151
0.0288177
0.0286123
0.0159156
0.015933
0.0159507
0.0159685
0.0159865
0.0160047
0.0160231
0.0160418
0.0160606
0.0160797
0.0160991
0.0161187
0.0161386
0.0161587
0.0161792
0.0161999
0.0162208
0.0162421
0.0162636
0.0162855
0.0163076
0.01633
0.0163527
0.0163757
0.016399
0.0164225
0.0164464
0.0164705
0.016495
0.0165197
0.0165447
0.01657
0.0165956
0.0166214
0.0166474
0.0166736
0.0167001
0.0167267
0.0167534
0.0167803
0.0168072
0.0168341
0.0168609
0.0168875
0.0169139
0.01694
0.0169655
0.0169904
0.0170144
0.0170374
0.0170864
0.0171066
0.0171248
0.0171415
0.017157
0.0171715
0.0171853
0.0171984
0.017211
0.0172231
0.0172349
0.0172464
0.0172576
0.0172687
0.0172796
0.0172903
0.017301
0.0173116
0.0173221
0.0173327
0.0173432
0.0173537
0.0173642
0.0173747
0.0173853
0.0173959
0.0174065
0.0174172
0.0174279
0.0174387
0.0174495
0.0174604
0.0174713
0.0174823
0.0174934
0.0175045
0.0175157
0.017527
0.0175383
0.0175497
0.0175612
0.0175727
0.0175843
0.017596
0.0176078
0.0176196
0.0176315
0.0176435
0.0176555
0.0176676
0.0176798
0.0176921
0.0177044
0.0177168
0.0177293
0.0177419
0.0177545
0.0177673
0.0177801
0.0177929
0.0178059
0.0178189
0.017832
0.0178452
0.0178585
0.0178718
0.0178853
0.0178988
0.0179124
0.017926
0.0179398
0.0179536
0.0179675
0.0179815
0.0179956
0.0180098
0.0180241
0.0180384
0.0180528
0.0180673
0.0180819
0.0180966
0.0181114
0.0181262
0.0181411
0.0181562
0.0181713
0.0181865
0.0182017
0.0182171
0.0182325
0.0182481
0.0182637
0.0182794
0.0182952
0.0183111
0.018327
0.0183431
0.0183592
0.0183754
0.0183917
0.0184081
0.0184245
0.0184411
0.0184577
0.0184744
0.0184911
0.018508
0.0185249
0.0185419
0.018559
0.0185761
0.0185934
0.0186106
0.018628
0.0186455
0.018663
0.0186805
0.0186982
0.0187159
0.0187337
0.0187515
0.0187694
0.0187874
0.0188054
0.0188235
0.0188417
0.01886
0.0188783
0.0188966
0.018915
0.0189335
0.0189521
0.0189707
0.0189894
0.0190082
0.019027
0.0190459
0.0190649
0.0190839
0.019103
0.0191222
0.0191415
0.0191608
0.0191802
0.0191997
0.0192193
0.019239
0.0192588
0.0192786
0.0192985
0.0193186
0.0193387
0.0193589
0.0193792
0.0193997
0.0194202
0.0194408
0.0194616
0.0194824
)
;
    }
}


// ************************************************************************* //
