/*--------------------------------*- C++ -*----------------------------------*\
  =========                 |
  \\      /  F ield         | OpenFOAM: The Open Source CFD Toolbox
   \\    /   O peration     | Website:  https://openfoam.org
    \\  /    A nd           | Version:  8
     \\/     M anipulation  |
\*---------------------------------------------------------------------------*/
FoamFile
{
    version     2.0;
    format      ascii;
    class       volScalarField;
    location    "500";
    object      alphat;
}
// * * * * * * * * * * * * * * * * * * * * * * * * * * * * * * * * * * * * * //

dimensions      [1 -1 -1 0 0 0 0];

internalField   nonuniform List<scalar> 
8400
(
0.0586969
0.0579805
0.0573383
0.0566749
0.0560149
0.0553973
0.0548582
0.0544207
0.0541009
0.0539079
0.0538442
0.0538989
0.054047
0.0542491
0.0544856
0.0547779
0.0551853
0.0557724
0.0564894
0.0569431
0.0568442
0.0566845
0.0567155
0.056786
0.0568477
0.0568903
0.0569106
0.0569078
0.0568809
0.0568289
0.0567514
0.0566473
0.0565152
0.0563522
0.056154
0.055916
0.0556344
0.0553057
0.054873
0.054348
0.0537267
0.0529778
0.0520595
0.0509279
0.0495419
0.0478574
0.0457937
0.0431974
0.0398271
0.0359808
0.0526576
0.0511766
0.050167
0.0495541
0.0491368
0.0487726
0.0483937
0.0480043
0.0476115
0.0472206
0.0468379
0.0464717
0.0462103
0.0461352
0.046097
0.0458086
0.0451407
0.0451087
0.0459685
0.0478893
0.0495808
0.0503996
0.050777
0.0511009
0.0514401
0.0517915
0.0521472
0.0524988
0.052838
0.0531592
0.0534568
0.0537255
0.053962
0.0541623
0.0543175
0.0544159
0.0544462
0.0543825
0.0543966
0.0544621
0.0545512
0.0546229
0.0546423
0.0545806
0.0544033
0.0540494
0.0534251
0.0521885
0.0494185
0.0439395
0.0610403
0.060773
0.0604768
0.0601735
0.0598617
0.0595287
0.0591162
0.0587435
0.0584514
0.0581982
0.0578793
0.0573943
0.056914
0.05626
0.055243
0.0519477
0.0357453
0.0326058
0.0383752
0.0428069
0.0463197
0.0482913
0.0492829
0.0499435
0.0504917
0.0509755
0.0514062
0.0517878
0.0521271
0.052437
0.0527305
0.0530105
0.053264
0.0534637
0.053583
0.0536156
0.0536721
0.0538132
0.054027
0.0542615
0.0545259
0.0547681
0.0549504
0.055066
0.0551334
0.0550352
0.054899
0.0547416
0.0545316
0.0542709
0.0611707
0.0610983
0.0610215
0.0609375
0.0608433
0.0607462
0.0606734
0.0606083
0.0605436
0.0604773
0.0604073
0.0603363
0.0602204
0.0600868
0.0599189
0.0596827
0.0593481
0.0585022
0.0576145
0.0569105
0.0561283
0.0552697
0.0544099
0.0535548
0.052722
0.0519311
0.0511896
0.0504801
0.0497463
0.0489404
0.050778
0.0517287
0.0519559
0.0522652
0.0531329
0.0547942
0.0551224
0.0547318
0.0546878
0.0547607
0.0549973
0.0552348
0.0554099
0.0555146
0.0555552
0.0555344
0.0554515
0.0553057
0.0550842
0.0547508
0.0612005
0.0611628
0.0611249
0.0610857
0.0610469
0.0610096
0.0609726
0.0609362
0.0608994
0.0608611
0.0608214
0.0607745
0.0607237
0.0606675
0.0606039
0.0605293
0.0604385
0.0603114
0.0601382
0.0599165
0.0596272
0.0592578
0.0588095
0.0582903
0.0577149
0.0571048
0.0564834
0.0558744
0.055298
0.0547568
0.0544302
0.0542524
0.0541599
0.0541508
0.0541763
0.0544499
0.0548811
0.0552897
0.055627
0.0558752
0.0560504
0.0561688
0.0562377
0.0562619
0.0562455
0.0561895
0.0560927
0.0559487
0.0557455
0.0555979
0.0611748
0.0611075
0.0610402
0.0609745
0.0609092
0.0608421
0.0607722
0.0607003
0.0606275
0.0605583
0.0604946
0.060438
0.0603883
0.0603446
0.0603037
0.0602649
0.0602255
0.0601813
0.0601262
0.0600535
0.0599551
0.0598215
0.0596443
0.0594196
0.0591487
0.0588382
0.0585001
0.05815
0.0578046
0.057481
0.0572113
0.0570088
0.0568853
0.0568541
0.0569271
0.0569066
0.0569379
0.0569807
0.057023
0.0570541
0.0570682
0.0570631
0.0570376
0.0569917
0.0569267
0.0568424
0.0567376
0.0566077
0.0564833
0.0562793
0.0611753
0.0611076
0.061038
0.060969
0.0608973
0.060825
0.060752
0.0606778
0.0606035
0.0605282
0.0604523
0.0603761
0.0603004
0.060227
0.0601577
0.060093
0.0600333
0.0599792
0.0599301
0.0598834
0.059834
0.0597746
0.0596981
0.0595992
0.0594745
0.0593236
0.0591497
0.0589593
0.0587616
0.0585678
0.0583911
0.0582426
0.0581321
0.058067
0.0580494
0.0580147
0.0579546
0.0578945
0.0578319
0.0577645
0.0576896
0.0576072
0.0575176
0.0574211
0.0573206
0.0572174
0.0571133
0.0570063
0.0568654
0.0566886
0.0611638
0.0610812
0.0609992
0.0609173
0.0608339
0.0607499
0.0606654
0.0605801
0.0604941
0.060408
0.0603223
0.0602357
0.0601506
0.0600656
0.0599824
0.0599036
0.0598307
0.0597648
0.0597056
0.0596539
0.0596081
0.0595644
0.0595187
0.0594662
0.0594023
0.0593241
0.0592305
0.0591227
0.0590046
0.0588818
0.0587611
0.0586488
0.0585495
0.0584667
0.0584012
0.0583473
0.0582533
0.0581525
0.0580458
0.057933
0.0578138
0.0576894
0.0575626
0.057436
0.0573157
0.0572041
0.0571067
0.0569948
0.0568812
0.0567577
0.0611474
0.0610456
0.0609429
0.0608399
0.0607359
0.0606333
0.0605311
0.0604285
0.060325
0.0602213
0.0601172
0.0600141
0.059912
0.0598132
0.0597197
0.0596315
0.0595497
0.0594757
0.0594102
0.0593545
0.0593082
0.0592689
0.0592331
0.0591971
0.0591574
0.0591103
0.0590527
0.0589844
0.0589062
0.0588193
0.0587263
0.0586309
0.0585359
0.0584413
0.0583469
0.0582496
0.0581508
0.0580236
0.0578851
0.057738
0.0575842
0.0574272
0.0572709
0.0571226
0.0569921
0.0568846
0.0567627
0.0566841
0.0566229
0.0565638
0.0611165
0.0609814
0.0608456
0.0607081
0.0605733
0.0604379
0.0603047
0.0601758
0.0600442
0.059915
0.0597897
0.0596663
0.0595479
0.059431
0.0593205
0.0592208
0.0591332
0.0590577
0.058995
0.0589438
0.0589035
0.0588729
0.0588477
0.0588243
0.0587991
0.0587693
0.0587309
0.058682
0.0586222
0.0585516
0.0584713
0.0583802
0.0582798
0.0581704
0.058053
0.0579235
0.0577783
0.0576513
0.0574787
0.057295
0.0571003
0.0569023
0.0567115
0.0565342
0.0564
0.0562622
0.0561783
0.0561433
0.0561484
0.0561706
0.061054
0.060831
0.0606257
0.0604349
0.0602529
0.0600743
0.0598991
0.0597356
0.0595735
0.0594201
0.0592713
0.0591227
0.0589843
0.058856
0.058737
0.0586314
0.0585438
0.0584752
0.058426
0.0583939
0.0583736
0.0583634
0.0583597
0.0583563
0.0583475
0.058332
0.058307
0.0582695
0.0582184
0.0581529
0.0580723
0.0579768
0.0578668
0.0577397
0.0575953
0.0574293
0.0572381
0.0570253
0.0568492
0.0566281
0.0563553
0.0560785
0.0558688
0.0556614
0.0553583
0.0551663
0.0551759
0.0553168
0.0555056
0.0556757
0.0608225
0.0604058
0.0601342
0.0598993
0.0596631
0.0594415
0.0592623
0.0591061
0.0589316
0.0587349
0.0585574
0.0583846
0.0581785
0.0580058
0.0578733
0.0577767
0.0577162
0.0576906
0.0576948
0.0577154
0.0577447
0.0577763
0.0578009
0.0578203
0.0578329
0.0578306
0.0578121
0.05778
0.0577304
0.0576608
0.057572
0.0574621
0.0573269
0.0571665
0.05698
0.0567604
0.0564963
0.0561758
0.0557737
0.0553249
0.0548366
0.0542142
0.0532665
0.052486
0.0526383
0.0534716
0.054271
0.0547533
0.0550604
0.0553131
0.059672
0.0593192
0.0590403
0.0587914
0.0585554
0.0583224
0.0580787
0.0578268
0.057584
0.0573572
0.0571718
0.05705
0.0569751
0.0569374
0.0569305
0.0569485
0.0569852
0.0570343
0.0570863
0.0571389
0.0571965
0.0572519
0.057291
0.0573214
0.0573419
0.0573308
0.0572888
0.0572455
0.0571797
0.0570839
0.0569631
0.056814
0.0566324
0.0564041
0.056118
0.055759
0.0552851
0.0546453
0.0537145
0.0520104
0.0505291
0.0518583
0.0523981
0.0526765
0.0530434
0.0535405
0.0540192
0.0544033
0.054711
0.0549726
0.0566629
0.0562664
0.0559458
0.0557047
0.0555309
0.0554152
0.0553478
0.0553266
0.0553474
0.0554078
0.0554979
0.0556131
0.0557453
0.055886
0.0560274
0.0561646
0.0562928
0.0564082
0.0565103
0.0565976
0.0566673
0.0567211
0.0567574
0.0567729
0.0567625
0.0567183
0.0566532
0.0565692
0.0564526
0.0562936
0.0560841
0.0558054
0.0554482
0.0550021
0.0544743
0.0539064
0.0533547
0.0528722
0.0525057
0.0523078
0.0523828
0.0526521
0.0528578
0.0530599
0.0533077
0.0535965
0.0538923
0.054174
0.0544301
0.0546599
0.0535127
0.0533569
0.0532788
0.0532699
0.0533148
0.0534005
0.0535206
0.0536687
0.0538392
0.0540279
0.0542294
0.0544378
0.0546476
0.0548547
0.0550539
0.0552411
0.0554137
0.0555679
0.0556993
0.0558059
0.0558859
0.0559393
0.0559646
0.0559604
0.0559261
0.0558588
0.0557606
0.0556305
0.0554641
0.0552575
0.0550069
0.0547135
0.0543843
0.0540321
0.0536794
0.0533527
0.0530758
0.0528685
0.0527447
0.0527112
0.0527695
0.0528846
0.0530115
0.0531574
0.053326
0.0535149
0.0537184
0.0539251
0.0541271
0.054319
0.0525554
0.0526048
0.0526753
0.0527592
0.052851
0.052949
0.053054
0.0531664
0.0532873
0.0534164
0.0535534
0.0536977
0.0538481
0.0540021
0.0541566
0.0543082
0.0544526
0.054586
0.0547039
0.0548024
0.0548788
0.0549305
0.0549551
0.0549507
0.0549174
0.0548549
0.054764
0.0546455
0.0544991
0.0543257
0.0541292
0.0539138
0.0536862
0.0534573
0.0532385
0.0530417
0.0528778
0.0527545
0.0526757
0.0526403
0.052647
0.0526853
0.0527474
0.0528346
0.0529489
0.0530868
0.0532462
0.0534175
0.0535953
0.053772
0.0523015
0.0523641
0.052433
0.0525067
0.0525855
0.0526696
0.0527594
0.0528538
0.0529517
0.0530525
0.0531547
0.0532575
0.0533602
0.0534618
0.053561
0.0536563
0.0537465
0.0538299
0.0539037
0.0539658
0.0540135
0.0540441
0.0540554
0.054046
0.0540145
0.0539601
0.0538834
0.0537855
0.053666
0.0535256
0.0533674
0.0531941
0.0530087
0.0528168
0.0526254
0.0524399
0.0522669
0.0521119
0.051981
0.0518782
0.0518066
0.0517686
0.0517663
0.0518026
0.0518773
0.0519871
0.0521282
0.0522923
0.0524733
0.0526614
0.051012
0.0510277
0.051061
0.0511131
0.0511854
0.051277
0.0513864
0.0515096
0.0516428
0.0517827
0.0519254
0.0520674
0.0522053
0.0523366
0.0524593
0.0525718
0.0526722
0.0527586
0.0528297
0.0528844
0.0529213
0.0529387
0.052936
0.0529113
0.052864
0.0527937
0.0526997
0.0525817
0.0524393
0.0522731
0.0520838
0.0518729
0.0516427
0.0513961
0.0511377
0.050873
0.0506103
0.0503585
0.0501266
0.0499244
0.0497597
0.0496397
0.0495697
0.0495519
0.0495866
0.049672
0.0498013
0.0499674
0.0501603
0.0503745
0.0479723
0.0479093
0.0478749
0.0478726
0.047904
0.0479689
0.0480653
0.0481894
0.0483369
0.0485037
0.0486838
0.048872
0.0490635
0.0492531
0.0494362
0.0496084
0.0497652
0.0499035
0.0500204
0.0501127
0.0501783
0.0502154
0.0502222
0.0501971
0.0501394
0.0500481
0.0499231
0.0497643
0.0495717
0.0493454
0.0490869
0.0487976
0.0484797
0.0481381
0.0477789
0.0474103
0.0470427
0.046687
0.0463554
0.0460594
0.0458094
0.0456139
0.0454782
0.0454055
0.0453954
0.0454467
0.0455527
0.0457092
0.0459061
0.0461389
0.0712097
0.0704803
0.0697342
0.0689651
0.0681746
0.0673668
0.0665485
0.0657279
0.0649135
0.0641137
0.0633356
0.0625851
0.0618661
0.0611813
0.0605317
0.0599171
0.0593354
0.0587837
0.0582585
0.0577558
0.0572704
0.0567972
0.0563313
0.0558679
0.0554023
0.0549306
0.0544486
0.0539539
0.0534448
0.0529195
0.0523774
0.0518186
0.0512433
0.0506524
0.0500478
0.0494325
0.0488102
0.0481853
0.0475634
0.0469518
0.0463571
0.045786
0.0452451
0.0447403
0.044278
0.0438637
0.0435003
0.0431952
0.0429509
0.0427708
0.00545301
0.00540922
0.00537366
0.00534919
0.00533202
0.00532014
0.00531204
0.00530591
0.00529983
0.00529186
0.00528023
0.00526352
0.00524093
0.00521245
0.00517892
0.00514191
0.00510366
0.00506666
0.00503331
0.0050056
0.00498517
0.00495302
0.00494597
0.00493983
0.00493439
0.00492919
0.00492134
0.00490825
0.00488827
0.00486117
0.00482815
0.0047924
0.00475562
0.00472091
0.00469074
0.00466646
0.00464816
0.00463485
0.00462474
0.00461573
0.00460589
0.00459328
0.00457732
0.00455964
0.00454219
0.00452691
0.00451514
0.00450731
0.00450285
0.00450041
0.00537189
0.00522282
0.00509701
0.00499123
0.0049011
0.00482333
0.00475373
0.00468823
0.00462299
0.00455475
0.00448105
0.00440069
0.00431383
0.00422206
0.00412819
0.00403594
0.00394926
0.0038717
0.0038058
0.00375295
0.016236
0.0162516
0.0162347
0.0162579
0.00373079
0.00365154
0.00359596
0.00355114
0.00351049
0.00347178
0.00343761
0.0148756
0.0150955
0.0152271
0.0153126
0.0153754
0.0154245
0.0154595
0.0154755
0.0154667
0.0154303
0.0153696
0.0152949
0.0152141
0.0151374
0.015073
0.0150245
0.0149894
0.0149595
0.0149252
0.00537361
0.00522702
0.00510076
0.00499254
0.00489775
0.00481302
0.00473497
0.00466033
0.00458611
0.00450978
0.00442958
0.00434469
0.00425532
0.00416269
0.00406884
0.00397647
0.00388839
0.00380714
0.00373488
0.0156718
0.0155829
0.0155231
0.0154774
0.0154398
0.015392
0.0153295
0.0152465
0.0151385
0.0150055
0.0148517
0.0146858
0.0145267
0.0143805
0.0142532
0.0141481
0.0140643
0.0139971
0.0139389
0.013881
0.013816
0.0137388
0.0136509
0.0135555
0.0134585
0.0133672
0.0132878
0.0132242
0.0131755
0.0131336
0.0130827
0.00537417
0.00523039
0.00510607
0.00499862
0.00490361
0.00481791
0.00473843
0.00466218
0.00458643
0.00450894
0.00442814
0.00434334
0.00425474
0.00416341
0.00407118
0.00398045
0.00389377
0.00381347
0.00374169
0.0157073
0.0156103
0.0155355
0.0154751
0.0154203
0.0153613
0.0152889
0.0151954
0.0150762
0.0149315
0.0147658
0.0145877
0.0144085
0.0142391
0.0140879
0.0139589
0.0138516
0.0137615
0.0136813
0.0136029
0.013519
0.0134258
0.0133228
0.0132135
0.0131036
0.0129994
0.0129064
0.012828
0.0127656
0.0127157
0.0126641
0.0053747
0.00523262
0.00510892
0.00500099
0.00490474
0.0048173
0.00473583
0.00465761
0.00458016
0.00450148
0.00442022
0.00433579
0.00424837
0.0041589
0.00406893
0.00398056
0.00389604
0.00381747
0.00374679
0.0157223
0.0156271
0.0155504
0.0154853
0.0154236
0.015357
0.0152771
0.0151772
0.0150537
0.0149068
0.014741
0.0145646
0.0143883
0.0142221
0.0140736
0.0139463
0.0138394
0.0137482
0.0136657
0.013584
0.0134964
0.013399
0.0132919
0.0131788
0.0130655
0.0129585
0.0128622
0.0127782
0.0127066
0.0126461
0.0125883
0.00537535
0.00523517
0.00511225
0.00500395
0.00490652
0.00481732
0.00473382
0.00465362
0.00457458
0.00449502
0.00441379
0.00433035
0.00424482
0.00415784
0.00407064
0.00398496
0.00390274
0.00382583
0.00375491
0.00361293
0.0153218
0.0153569
0.0153614
0.0153418
0.0152993
0.0152324
0.0151393
0.0150194
0.014875
0.0147117
0.0145383
0.0143654
0.0142027
0.0140571
0.0139318
0.0138258
0.0137346
0.0136514
0.0135686
0.0134801
0.0133824
0.0132754
0.0131626
0.0130499
0.0129438
0.0128488
0.0127663
0.0126939
0.0126293
0.0125668
0.00537613
0.00523798
0.00511567
0.00500661
0.00490744
0.0048159
0.00472983
0.00464724
0.0045664
0.0044859
0.0044048
0.00432259
0.00423917
0.00415492
0.00407071
0.00398786
0.00390796
0.00383259
0.00376337
0.0157988
0.0156822
0.0155876
0.0155053
0.0154263
0.015343
0.0152486
0.0151379
0.015008
0.0148593
0.014696
0.0145256
0.0143571
0.0141989
0.0140572
0.0139343
0.0138294
0.013738
0.0136537
0.0135698
0.0134803
0.0133821
0.0132754
0.0131632
0.0130508
0.0129443
0.0128483
0.0127647
0.012691
0.0126235
0.0125568
0.00537701
0.00524093
0.00511914
0.00500915
0.00490808
0.00481404
0.00472533
0.00464041
0.00455795
0.00447684
0.00439629
0.00431573
0.00423483
0.00415365
0.00407263
0.00399271
0.0039151
0.00384111
0.00377288
0.0159755
0.0156917
0.0155203
0.0154075
0.0153214
0.0152422
0.0151573
0.0150587
0.0149423
0.0148079
0.014659
0.0145024
0.0143461
0.0141977
0.014063
0.0139445
0.0138414
0.0137502
0.013665
0.0135797
0.0134891
0.0133903
0.0132834
0.0131718
0.0130599
0.012953
0.0128553
0.0127689
0.012692
0.0126206
0.0125497
0.00537796
0.00524394
0.00512256
0.00501154
0.00490842
0.00481177
0.00472037
0.00463314
0.00454917
0.00446763
0.0043878
0.00430901
0.00423071
0.00415258
0.0040747
0.00399754
0.00392195
0.00384899
0.00378061
0.0160057
0.0157094
0.015524
0.0153981
0.0153008
0.0152137
0.0151245
0.0150257
0.0149129
0.0147852
0.014645
0.0144977
0.0143498
0.0142082
0.0140777
0.0139611
0.0138578
0.0137648
0.0136772
0.0135896
0.0134972
0.0133976
0.0132908
0.0131796
0.0130685
0.0129617
0.012863
0.0127739
0.0126932
0.0126177
0.0125426
0.0053789
0.00524688
0.00512588
0.00501378
0.00490863
0.0048094
0.00471541
0.00462605
0.00454078
0.00445904
0.00438013
0.00430326
0.00422762
0.00415255
0.00407767
0.00400307
0.00392922
0.00385692
0.00378805
0.0160281
0.0157282
0.0155365
0.0154007
0.0152935
0.0151985
0.0151051
0.0150061
0.014897
0.014776
0.0146442
0.0145053
0.0143648
0.0142282
0.0141001
0.0139833
0.0138777
0.0137811
0.0136894
0.0135983
0.0135036
0.0134029
0.0132961
0.0131855
0.0130748
0.0129682
0.0128682
0.0127765
0.0126919
0.012612
0.012533
0.00537984
0.00524975
0.00512913
0.00501596
0.00490881
0.00480713
0.00471071
0.00461942
0.00453309
0.00445133
0.00437345
0.00429851
0.00422546
0.00415324
0.00408108
0.00400865
0.00393608
0.00386399
0.00379233
0.00364289
0.0154121
0.0153967
0.0153471
0.0152781
0.0151979
0.0151098
0.0150136
0.014908
0.014792
0.0146661
0.0145329
0.0143966
0.0142619
0.0141332
0.014013
0.0139021
0.0137993
0.0137016
0.0136055
0.0135075
0.0134053
0.0132986
0.0131888
0.0130787
0.0129718
0.0128705
0.012776
0.0126877
0.0126038
0.0125209
0.00538077
0.00525251
0.00513218
0.00501798
0.00490892
0.00480497
0.00470639
0.00461347
0.00452634
0.00444473
0.00436796
0.00429493
0.00422429
0.00415463
0.00408477
0.004014
0.00394218
0.00386982
0.00379811
0.0159338
0.0157794
0.0156253
0.0154779
0.0153429
0.0152219
0.0151124
0.0150089
0.0149057
0.0147975
0.0146816
0.0145579
0.0144286
0.0142974
0.0141682
0.0140444
0.0139275
0.0138176
0.0137132
0.0136116
0.0135101
0.0134062
0.0132994
0.0131903
0.0130808
0.0129736
0.0128707
0.0127734
0.0126813
0.0125935
0.0125075
0.00538164
0.00525498
0.0051348
0.00501958
0.00490881
0.00480288
0.0047025
0.00460834
0.00452073
0.00443951
0.00436394
0.00429276
0.0042243
0.00415682
0.00408878
0.00401915
0.0039476
0.0038746
0.00380146
0.0159485
0.0157854
0.0156196
0.0154624
0.0153218
0.0152001
0.0150944
0.0149986
0.0149054
0.0148082
0.0147026
0.014587
0.0144627
0.0143328
0.0142011
0.0140718
0.0139478
0.0138301
0.0137187
0.013612
0.0135072
0.0134024
0.0132957
0.0131874
0.0130787
0.0129714
0.0128673
0.0127676
0.0126725
0.0125812
0.0124929
0.00538244
0.00525698
0.00513679
0.0050206
0.00490834
0.0048008
0.00469903
0.00460396
0.00451612
0.0044354
0.00436098
0.0042914
0.0042247
0.00415883
0.00409196
0.00402283
0.00395102
0.00387703
0.00380221
0.015966
0.0157759
0.0155784
0.0154027
0.0152586
0.0151444
0.015053
0.0149748
0.0148996
0.0148189
0.0147266
0.0146204
0.0145008
0.014371
0.0142358
0.0140999
0.0139676
0.0138419
0.0137233
0.0136111
0.0135029
0.0133964
0.0132897
0.0131822
0.0130742
0.0129671
0.012862
0.0127602
0.0126624
0.0125687
0.0124784
0.00538307
0.00525838
0.00513804
0.00502105
0.00490768
0.00479902
0.00469639
0.00460091
0.00451322
0.00443321
0.00435997
0.00429178
0.00422648
0.00416174
0.00409554
0.00402649
0.00395416
0.00387909
0.00380275
0.0159625
0.0157653
0.0155615
0.0153822
0.0152381
0.0151276
0.015043
0.0149738
0.0149089
0.014838
0.0147542
0.0146538
0.0145367
0.014406
0.0142668
0.0141249
0.0139857
0.0138526
0.0137279
0.0136109
0.0134997
0.0133919
0.0132852
0.0131785
0.0130712
0.012964
0.0128578
0.0127543
0.0126542
0.0125586
0.0124675
0.00538351
0.00525915
0.00513845
0.00502067
0.00490632
0.00479671
0.00469336
0.00459756
0.00451001
0.00443057
0.00435817
0.00429089
0.00422635
0.00416208
0.00409592
0.00402646
0.00395328
0.00387699
0.00379925
0.0159337
0.0157327
0.015527
0.0153483
0.0152074
0.0151026
0.0150262
0.0149668
0.0149123
0.0148517
0.0147766
0.0146822
0.0145685
0.0144382
0.0142967
0.0141507
0.0140062
0.013868
0.0137384
0.0136177
0.0135044
0.013396
0.0132898
0.013184
0.0130778
0.0129712
0.0128651
0.0127613
0.0126612
0.0125666
0.0124779
0.00538375
0.00525947
0.00513856
0.00502049
0.00490587
0.00479611
0.00469281
0.00459734
0.00451039
0.00443171
0.00436006
0.0042934
0.00422922
0.00416496
0.00409847
0.00402835
0.00395418
0.0038767
0.00379781
0.0159258
0.0157238
0.0155202
0.0153454
0.0152091
0.0151095
0.0150385
0.0149847
0.0149356
0.0148797
0.0148082
0.0147163
0.0146034
0.014473
0.0143305
0.0141832
0.0140374
0.0138984
0.0137693
0.0136505
0.0135407
0.0134371
0.013337
0.0132378
0.0131384
0.0130388
0.0129402
0.0128443
0.0127533
0.0126697
0.012595
0.00538385
0.00525854
0.00513626
0.00501684
0.00490108
0.00479053
0.0046869
0.00459156
0.00450507
0.004427
0.00435598
0.00428985
0.004226
0.00416188
0.00409536
0.004025
0.00395044
0.00387262
0.00379361
0.0158695
0.0156846
0.0155226
0.0153858
0.0152799
0.015202
0.0151458
0.0151016
0.0150587
0.0150063
0.0149376
0.014851
0.0147475
0.0146302
0.0145046
0.0143769
0.0142527
0.0141368
0.014032
0.0139386
0.0138547
0.0137771
0.0137027
0.013629
0.0135548
0.0134803
0.0134069
0.0133372
0.0132743
0.0132215
0.013182
0.00538418
0.00525962
0.00513863
0.00502091
0.00490701
0.0047989
0.00469845
0.00460708
0.00452548
0.00445338
0.0043895
0.00433161
0.00427691
0.00422245
0.00416541
0.00410369
0.00403641
0.00396419
0.00388913
0.00381375
0.00374219
0.0158443
0.0158269
0.0158394
0.0158796
0.015936
0.0159949
0.0160427
0.0160503
0.0160265
0.0159828
0.0159277
0.0158658
0.015801
0.0157374
0.015679
0.0156294
0.01559
0.0155598
0.0155358
0.0155138
0.0154894
0.0154595
0.015423
0.0153807
0.0153351
0.0152902
0.0152515
0.0152246
0.0152164
0.00545308
0.00542658
0.00539953
0.00537224
0.00534587
0.00532117
0.00529905
0.00528016
0.00526456
0.00525167
0.0052403
0.00522894
0.00521601
0.0052
0.00517986
0.00515529
0.00512684
0.00509591
0.00506453
0.00503485
0.00500887
0.00496952
0.00495204
0.00493553
0.00492211
0.00491126
0.00490124
0.00488998
0.00487853
0.00486327
0.00484295
0.00481807
0.00479017
0.00476104
0.00473243
0.00470571
0.00468165
0.00466038
0.00464146
0.00462407
0.00460746
0.00459098
0.00457425
0.0045572
0.00453998
0.00452296
0.00450661
0.00449143
0.00447773
0.00446556
0.00747966
0.00488755
0.00522757
0.00503269
0.00447106
0.00384131
0.013928
0.0117589
0.0102248
0.00881825
0.00734846
0.00766889
0.00832553
0.00971843
0.0114793
0.0131111
0.0144126
0.0154085
0.00412282
0.0107619
0.00737492
0.00489419
0.00524172
0.00504127
0.00447369
0.00384332
0.0139101
0.011747
0.0102093
0.00876061
0.00719059
0.00751222
0.00822435
0.00959809
0.0113441
0.0130003
0.0143455
0.015381
0.00412511
0.0108852
0.00727057
0.00490118
0.00525464
0.00504832
0.00447528
0.00384574
0.0138947
0.0117396
0.0101994
0.00871945
0.00711921
0.00737587
0.00814494
0.00952177
0.0112683
0.0129394
0.0143049
0.0153601
0.00413031
0.0110138
0.00716621
0.00490836
0.00526597
0.00505459
0.00447889
0.00384975
0.0138891
0.0117403
0.0101989
0.00870115
0.0071653
0.00728606
0.00809879
0.00946542
0.0112053
0.0128868
0.014269
0.0153411
0.00413502
0.0111486
0.00706115
0.00491579
0.00527635
0.00506165
0.00448373
0.00385548
0.0138958
0.0117533
0.0102109
0.00870388
0.00727456
0.00724457
0.00807342
0.00942747
0.0111557
0.0128434
0.0142382
0.0153246
0.00413513
0.0112931
0.0069553
0.00492371
0.00528642
0.00506994
0.00449102
0.00386388
0.0139169
0.0117798
0.0102379
0.00873186
0.00737355
0.00726611
0.00805793
0.00939506
0.0111187
0.0128093
0.0142135
0.015312
0.00412423
0.0114502
0.0068502
0.00493056
0.00529664
0.00508
0.00450132
0.00387526
0.0139527
0.0118185
0.010278
0.008779
0.00744506
0.00729573
0.00805183
0.00937258
0.0110852
0.0127852
0.0141968
0.0153042
0.00413094
0.0116103
0.006746
0.00493647
0.0053072
0.00509192
0.00451452
0.00388934
0.0140017
0.0118678
0.01033
0.00884357
0.00750263
0.00730845
0.00805128
0.00935957
0.0110635
0.0127699
0.01419
0.0153101
0.00415632
0.0117724
0.00664249
0.00494125
0.00531787
0.00510546
0.00453025
0.00390569
0.0140623
0.0119265
0.0103943
0.00892859
0.00757585
0.00731204
0.00805889
0.00935856
0.0110565
0.012768
0.0141924
0.0153335
0.00420104
0.0119354
0.00653933
0.00494464
0.00532823
0.00512018
0.00454813
0.00392394
0.0141338
0.0119941
0.0104717
0.00903755
0.00768825
0.00733116
0.00808132
0.00937275
0.0110659
0.0127791
0.0142029
0.0153769
0.00426413
0.0120983
0.00643594
0.00494623
0.00533795
0.00513577
0.00456794
0.00394394
0.014216
0.0120712
0.010562
0.00916971
0.00784376
0.00738571
0.00812258
0.00940446
0.0110917
0.0128014
0.0142197
0.0154432
0.00434297
0.0122601
0.00633196
0.00494584
0.00534698
0.00515224
0.00458974
0.00396584
0.0143096
0.0121577
0.0106633
0.0093189
0.00802797
0.00747931
0.00818295
0.00945416
0.0111328
0.0128327
0.0142421
0.0155378
0.00443457
0.0124207
0.0062272
0.00494365
0.00535553
0.00516986
0.00461379
0.00398989
0.0144149
0.0122527
0.0107728
0.00947798
0.00822325
0.00759877
0.00826156
0.00952219
0.0111884
0.0128722
0.0142705
0.0156712
0.00453721
0.0125802
0.00612165
0.00493996
0.00536386
0.00518887
0.00464019
0.00401614
0.0145315
0.0123548
0.0108874
0.00964216
0.00842198
0.00773299
0.00836098
0.00961049
0.011259
0.0129197
0.0143007
0.015834
0.00465641
0.0127386
0.00601539
0.00493499
0.00537217
0.00520938
0.00466895
0.00404455
0.0146585
0.0124631
0.0110057
0.00981072
0.00863114
0.00788727
0.00848836
0.00972191
0.0113458
0.0129761
0.0143356
0.00375574
0.00478674
0.012896
0.00590842
0.00492875
0.00538046
0.00523129
0.00469992
0.00407495
0.0147952
0.012577
0.0111272
0.00998472
0.00886243
0.00808177
0.00865204
0.00985867
0.0114493
0.013042
0.0143793
0.00376434
0.00492817
0.0130519
0.00580053
0.00492105
0.00538846
0.0052543
0.00473286
0.00410723
0.0149408
0.0126964
0.0112517
0.0101636
0.0091184
0.00833249
0.00885503
0.0100206
0.0115684
0.0131171
0.0144332
0.00378056
0.00508006
0.0132061
0.00569135
0.00491152
0.00539581
0.00527817
0.00476759
0.00414135
0.0150949
0.0128215
0.0113788
0.0103436
0.00938786
0.00863481
0.00909157
0.0102042
0.0117004
0.0131998
0.014498
0.00380479
0.00524113
0.0133578
0.00558054
0.00489983
0.00540227
0.00530275
0.00480407
0.00417739
0.015257
0.0129523
0.0115071
0.010519
0.00965045
0.00896148
0.0093484
0.0104035
0.0118411
0.0132878
0.0145741
0.00383714
0.00540955
0.0135066
0.00546785
0.00488584
0.00540783
0.00532808
0.00484239
0.00421554
0.0154263
0.0130892
0.0116363
0.0106865
0.00988973
0.00927553
0.00961206
0.0106121
0.0119867
0.0133794
0.014662
0.00387744
0.00558321
0.013652
0.00535316
0.00486969
0.00541265
0.00535428
0.00488267
0.00425606
0.0156018
0.0132331
0.0117674
0.0108476
0.0101051
0.00955678
0.00987575
0.0108251
0.0121342
0.0134736
0.0147628
0.00392542
0.00576022
0.0137938
0.00523657
0.00485168
0.00541691
0.00538148
0.00492504
0.00429931
0.0157811
0.0133856
0.0119026
0.0110086
0.0103121
0.00981472
0.0101397
0.0110395
0.0122823
0.0135707
0.0148778
0.00398072
0.00593923
0.0139319
0.00511825
0.00483204
0.00542067
0.00540967
0.00496953
0.00434571
0.00377668
0.0135486
0.012045
0.0111762
0.0105294
0.0100743
0.0104074
0.0112541
0.0124306
0.0136709
0.0150086
0.004043
0.00611905
0.0140659
0.00499836
0.00481083
0.00542387
0.00543874
0.00501609
0.00439595
0.00383153
0.013725
0.0121965
0.0113528
0.0107653
0.0103545
0.0106801
0.0114677
0.0125782
0.0137744
0.0151566
0.00411177
0.00629854
0.014196
0.00487692
0.00478791
0.00542628
0.0054685
0.00506465
0.00444798
0.00387188
0.0139207
0.0123578
0.0115357
0.0110135
0.0106552
0.010953
0.0116778
0.0127239
0.0138814
0.0153235
0.00418652
0.00647702
0.014322
0.00475387
0.00476308
0.00542766
0.00549881
0.0051153
0.0045033
0.00391554
0.0141334
0.0125286
0.0117197
0.0112575
0.0109577
0.0112162
0.0118808
0.0128661
0.0139924
0.0155115
0.00426693
0.00665441
0.014444
0.00462917
0.00473617
0.00542784
0.00552963
0.0051683
0.0045624
0.0039632
0.0143657
0.0127098
0.0119004
0.0114802
0.0112344
0.0114603
0.012074
0.0130046
0.0141086
0.0157237
0.00435295
0.00683105
0.0145618
0.00450276
0.00470705
0.00542673
0.00556107
0.00522397
0.00462585
0.0040156
0.0146204
0.0129036
0.0120776
0.0116751
0.0114686
0.0116811
0.0122567
0.0131399
0.0142321
0.0159645
0.00444501
0.00700748
0.014675
0.00437474
0.00467572
0.00542432
0.00559323
0.0052826
0.00469425
0.00407357
0.0149002
0.0131134
0.0122557
0.0118497
0.0116634
0.0118812
0.0124299
0.0132728
0.0143553
0.0038153
0.00454461
0.00718391
0.0147834
0.0042453
0.00464215
0.00542046
0.00562599
0.00534434
0.0047681
0.00413799
0.015207
0.0133441
0.0124422
0.0120183
0.0118353
0.0120684
0.0125963
0.0134057
0.0144877
0.00384689
0.00465064
0.00736093
0.0148866
0.00411478
0.00460609
0.00541472
0.00565898
0.00540906
0.0048477
0.00420991
0.015541
0.0136015
0.0126445
0.0121952
0.0120053
0.0122525
0.0127602
0.013543
0.0146371
0.00388581
0.00476433
0.00753957
0.0149845
0.00398371
0.00456703
0.00540633
0.00569152
0.00547641
0.0049333
0.00429101
0.00376609
0.0138914
0.0128684
0.0123911
0.0121929
0.0124407
0.012926
0.0136894
0.0148113
0.0039334
0.00488723
0.00772117
0.015077
0.00385305
0.00452425
0.00539437
0.00572278
0.00554599
0.00502519
0.00438415
0.00385706
0.0142215
0.0131189
0.0126091
0.0124019
0.0126358
0.0130984
0.0138505
0.0150205
0.00399126
0.00502116
0.00790751
0.0151642
0.00372468
0.004477
0.00537788
0.005752
0.00561758
0.00512367
0.00448567
0.00393735
0.0146056
0.0134019
0.0128478
0.0126265
0.0128397
0.0132824
0.0140342
0.0152786
0.00406142
0.00516833
0.00810079
0.0152457
0.00360238
0.00442461
0.00535601
0.0057786
0.00569124
0.00522971
0.00459936
0.0040306
0.0150524
0.0137258
0.0131085
0.012867
0.0130552
0.0134846
0.0142513
0.0156047
0.00414646
0.00533134
0.00830304
0.0153208
0.00712018
0.0043666
0.00532805
0.0058021
0.00576709
0.0053443
0.00472751
0.00414084
0.0155791
0.0141034
0.0133983
0.0131218
0.0132868
0.013715
0.0145179
0.0160241
0.00424975
0.00551307
0.00851603
0.0153888
0.0137796
0.00430253
0.00529309
0.0058217
0.00584487
0.00546812
0.00487221
0.00427312
0.00383994
0.0145527
0.0137323
0.0133927
0.013543
0.013982
0.0148307
0.00386702
0.00437601
0.00571644
0.00874139
0.0154486
0.0135214
0.00423494
0.00524964
0.00583583
0.00592354
0.00560112
0.00503472
0.00442953
0.00396445
0.0151098
0.0141416
0.0137307
0.0138453
0.0143079
0.0152327
0.00394528
0.00452893
0.00594452
0.00898035
0.0154986
0.0132051
0.00415836
0.00519514
0.0058417
0.00600083
0.00574226
0.00521578
0.00461283
0.00410984
0.0157975
0.014652
0.0141452
0.0142308
0.0147322
0.0157786
0.00405204
0.00471389
0.00620048
0.00923333
0.0155377
0.0128662
0.00407145
0.00512597
0.00583516
0.00607316
0.00588949
0.00541587
0.00482782
0.00429466
0.00391485
0.0153059
0.0146857
0.0147256
0.0152624
0.00386186
0.00419581
0.00493666
0.00648703
0.00950031
0.0155648
0.0125271
0.0039725
0.00503769
0.00581093
0.00613564
0.00603922
0.00563362
0.00507697
0.0045286
0.0040993
0.0161643
0.0154101
0.0154133
0.0160213
0.00398493
0.00438463
0.00520293
0.00680623
0.00978144
0.0155781
0.0121935
0.00385988
0.00492546
0.00576283
0.00618196
0.00618597
0.00586548
0.00535958
0.0048142
0.00433765
0.00399886
0.016295
0.00380718
0.0039356
0.00416272
0.00462752
0.00551748
0.00715942
0.0100763
0.0155755
0.0118719
0.00373313
0.00478453
0.0056839
0.00620407
0.0063221
0.00610534
0.00567236
0.00515524
0.00465898
0.00425457
0.00401101
0.00399037
0.00413081
0.00440655
0.00493251
0.00588371
0.00754682
0.0103824
0.0155551
0.0115717
0.0151183
0.00461072
0.00556612
0.00619178
0.00643696
0.00634318
0.00600632
0.00554286
0.00505347
0.00461602
0.00431814
0.00425559
0.00441049
0.00472719
0.00530586
0.00630362
0.00796716
0.0106966
0.0155129
0.0113065
0.0137205
0.00440056
0.00540042
0.00613203
0.00651543
0.00656383
0.00634834
0.00596724
0.00551336
0.00506693
0.00472759
0.00461924
0.00478425
0.00513217
0.0057508
0.00677642
0.00841675
0.0110144
0.015443
0.0111008
0.0123286
0.004153
0.00517685
0.00600833
0.00653665
0.00674508
0.00667749
0.00641048
0.00602578
0.00560076
0.00523809
0.00508555
0.00525665
0.00562377
0.00626594
0.00729696
0.00888827
0.0113263
0.0153379
0.0109841
0.0109713
0.00386711
0.00488556
0.00580094
0.00647393
0.00685662
0.00696274
0.00684405
0.00656778
0.0062035
0.00584478
0.00564575
0.0058245
0.00619757
0.00684401
0.00785586
0.00937105
0.011619
0.0151883
0.0109771
0.00972016
0.00354944
0.00451986
0.00548925
0.00629548
0.00685895
0.00716121
0.00722568
0.00710118
0.0068503
0.00656075
0.00636957
0.00647469
0.00683999
0.00747013
0.00843768
0.00984853
0.0118766
0.0149802
0.0110928
0.00865091
0.0126984
0.00408236
0.00505745
0.00596777
0.00670427
0.00721648
0.00749507
0.00756155
0.00746183
0.00727334
0.00712336
0.00718323
0.00752685
0.00812057
0.00901863
0.0102958
0.012074
0.0146938
0.0113336
0.00782003
0.0102623
0.00359446
0.00450393
0.00546423
0.00634231
0.00706023
0.00757532
0.0078755
0.00797865
0.00793833
0.0078621
0.00791008
0.00822109
0.00875994
0.00956436
0.0106786
0.0121734
0.0143025
0.0116897
0.00728887
0.00830575
0.0123611
0.00385557
0.00478086
0.00573296
0.00661783
0.00736572
0.00792978
0.00829211
0.00846821
0.00852503
0.00859373
0.00886842
0.00933739
0.0100248
0.0109462
0.0121242
0.0137722
0.0121391
0.00704432
0.00693863
0.00911953
0.00319151
0.00396212
0.00487478
0.00583248
0.00675653
0.0075719
0.00822571
0.00869302
0.00898564
0.00917202
0.00939052
0.00977836
0.0103259
0.0110185
0.0118443
0.0130573
0.0126573
0.00703084
0.006205
0.00700058
0.00932205
0.00313116
0.00385575
0.00472289
0.00568405
0.00665139
0.00754822
0.0083183
0.00892399
0.00935806
0.00965566
0.00995841
0.010342
0.0107646
0.0111874
0.0122072
0.0132251
0.00716285
0.00594067
0.00593441
0.00672686
0.00860553
0.0120901
0.00347314
0.0042491
0.00515203
0.00610842
0.00705264
0.00792447
0.00867965
0.00927697
0.00965068
0.00986752
0.0100277
0.0101885
0.0126589
0.0138319
0.00736742
0.00594018
0.00558872
0.00564004
0.00608793
0.00714873
0.00913773
0.00285649
0.00340812
0.0040855
0.00485327
0.00565314
0.00643749
0.00717496
0.00778906
0.00810359
0.00790494
0.00864325
0.0371367
0.0144726
0.00759834
0.00604492
0.00557075
0.0053944
0.00534875
0.00545109
0.00578508
0.00643939
0.0075695
0.0092282
0.00264741
0.00288094
0.00305507
0.00311659
0.0029804
0.00244195
0.00185891
0.0029827
0.00700809
0.0151453
0.00783195
0.00617817
0.00564555
0.00541821
0.0052756
0.00517908
0.00513694
0.00517262
0.00531584
0.00559475
0.00598753
0.00649897
0.00698759
0.00729135
0.00731657
0.00699356
0.00146681
0.00132215
0.00118597
0.015847
0.0080556
0.00631575
0.00573462
0.00549009
0.00533256
0.00520638
0.00510774
0.00504576
0.00503209
0.00507641
0.0051857
0.00535803
0.00557657
0.00580251
0.0059829
0.0060782
0.00601927
0.00582102
0.00568976
0.00388005
0.00826096
0.00645195
0.00582336
0.00556587
0.00540631
0.00527434
0.00516119
0.00507351
0.00501963
0.00501089
0.00505315
0.00515223
0.00530724
0.00551179
0.00576153
0.00603567
0.00630257
0.00651326
0.00674356
0.00390595
0.00848277
0.00658569
0.0059101
0.00564055
0.00548272
0.00535105
0.00523368
0.00513292
0.00505702
0.00501577
0.0050215
0.00508363
0.00521372
0.00541019
0.00568289
0.00601852
0.00639047
0.00674901
0.00710711
0.0039285
0.00869424
0.00671737
0.00599479
0.0057141
0.00555717
0.00542906
0.00531177
0.00520376
0.0051151
0.00505187
0.00502899
0.00505928
0.00516012
0.00534796
0.00563025
0.00601428
0.00646555
0.00693201
0.00736478
0.00394712
0.00889549
0.00684705
0.0060791
0.00578567
0.00562773
0.00550307
0.00538608
0.00527734
0.00517905
0.00510472
0.0050617
0.00507013
0.00514219
0.00531313
0.005597
0.00601216
0.0065398
0.00710098
0.00759831
0.00396351
0.00908418
0.00697227
0.00616061
0.0058507
0.0056918
0.00556858
0.00545351
0.00534563
0.00524708
0.00516472
0.00511087
0.00510161
0.00515358
0.00530148
0.005581
0.00601657
0.00660532
0.00725093
0.00779303
0.00397867
0.00925995
0.00709107
0.00623704
0.0059106
0.00574942
0.00562878
0.0055177
0.00541095
0.00531516
0.00523057
0.00517089
0.00514828
0.00518353
0.00531113
0.00557353
0.00601586
0.00664779
0.00737233
0.00795301
0.0039912
0.00942351
0.00720191
0.00630903
0.00596573
0.00580233
0.00568312
0.0055764
0.00547467
0.00538327
0.00530173
0.00523879
0.00520526
0.00522389
0.00532816
0.00557054
0.00600567
0.00667153
0.00746486
0.00809054
0.00400186
0.00957465
0.00730806
0.0063778
0.00601918
0.005854
0.00573882
0.00563839
0.00554483
0.00545574
0.00537575
0.0053094
0.00526317
0.00526264
0.00534482
0.00556259
0.00598822
0.00667487
0.00753401
0.00821252
0.00401273
0.0097147
0.00741234
0.00644583
0.0060783
0.00591181
0.00580161
0.00570459
0.00561525
0.00552887
0.00544757
0.0053759
0.00532042
0.0052998
0.00536144
0.00555424
0.00596996
0.00666716
0.00758966
0.0083313
0.00402384
0.0098512
0.00751426
0.00652014
0.00613962
0.005975
0.00586586
0.00577549
0.00568762
0.00559936
0.00551357
0.00543501
0.00536823
0.00533396
0.00537382
0.00554779
0.00595105
0.0066638
0.00764094
0.00845748
0.00403585
0.00998737
0.00761589
0.00659694
0.0062055
0.00603848
0.00593428
0.00584416
0.00575681
0.00566539
0.0055724
0.00548629
0.00540933
0.00536561
0.00538978
0.00554957
0.00594358
0.00667369
0.00770157
0.00858941
0.00404822
0.0101143
0.00771473
0.00667238
0.0062733
0.00610219
0.00599582
0.00590513
0.00581502
0.00571942
0.0056243
0.00553147
0.00545148
0.00540097
0.00541691
0.00556673
0.00595552
0.00670073
0.00778023
0.00872395
0.00406036
0.0102317
0.00780539
0.00674469
0.00633373
0.00615993
0.00605186
0.00595907
0.00586532
0.00576777
0.00567057
0.0055784
0.00549806
0.00544836
0.00545894
0.00560061
0.00598332
0.00674048
0.0078646
0.00885536
0.00407115
0.0103343
0.0078899
0.00680802
0.00638873
0.00621219
0.00609976
0.00600763
0.0059122
0.00581604
0.00572075
0.00563117
0.0055548
0.00550613
0.00551571
0.00564958
0.00602572
0.00678868
0.00794582
0.00897699
0.00408035
0.0104281
0.00796521
0.00687013
0.00644137
0.00625937
0.00614837
0.00605301
0.00596214
0.0058691
0.00577945
0.00569501
0.00562281
0.00557241
0.00557932
0.00570385
0.00607275
0.00683649
0.00802117
0.00908819
0.00408701
0.0105209
0.00804468
0.00692995
0.006497
0.00631195
0.00619974
0.00610693
0.00601791
0.00593167
0.00584707
0.00576774
0.00569842
0.00564688
0.00564469
0.00575837
0.00611479
0.00687629
0.00808496
0.00919311
0.00409706
0.0106174
0.00812315
0.00699957
0.00655407
0.00636973
0.00625746
0.00616689
0.00608173
0.0059998
0.0059203
0.00584223
0.00577375
0.00571822
0.00570788
0.00581047
0.00615339
0.00691254
0.00814106
0.00929945
0.00410768
0.0107247
0.00820773
0.00706932
0.00661908
0.00643004
0.00631834
0.00623083
0.00614843
0.0060699
0.00599314
0.00591571
0.0058437
0.00578229
0.00576527
0.00585745
0.00619263
0.00695252
0.00820287
0.00941534
0.00412295
0.0108276
0.00829158
0.00714052
0.00668357
0.00649124
0.00637872
0.00629213
0.00621196
0.00613611
0.00605912
0.00598314
0.00590777
0.00584297
0.00581951
0.00590489
0.00623655
0.00700209
0.00828082
0.00954418
0.00413762
0.0109207
0.00836566
0.00720297
0.006742
0.00654678
0.00643526
0.00634805
0.00627077
0.00619402
0.00611851
0.00604188
0.00596628
0.00590109
0.00587573
0.00595913
0.00629046
0.00706668
0.00837792
0.00968328
0.00414893
0.0109883
0.00842404
0.00725509
0.0067886
0.00659365
0.00648285
0.00639876
0.00632235
0.00624753
0.00617352
0.00609679
0.00602284
0.00595956
0.00593672
0.00602194
0.00635691
0.00714632
0.00849138
0.0098245
0.0041524
0.0110302
0.00846867
0.00729631
0.0068292
0.00663566
0.00652638
0.00644544
0.00637154
0.00629953
0.00622696
0.00615309
0.00608161
0.00602194
0.00600285
0.00609193
0.00643167
0.00723438
0.00861168
0.00995688
0.00414953
0.0110538
0.00850349
0.0073324
0.00686979
0.00667951
0.00657582
0.00649733
0.00642611
0.00635547
0.00628484
0.00621318
0.00614445
0.0060877
0.00607172
0.00616374
0.00650655
0.00732047
0.00872348
0.010073
0.00414302
0.0110826
0.00854157
0.00737646
0.006917
0.00673389
0.00663517
0.00655975
0.00648983
0.00642003
0.00634839
0.00627735
0.00620955
0.00615333
0.0061385
0.00623072
0.00657451
0.0073946
0.00881535
0.0101725
0.0041391
0.0111301
0.00859576
0.00743563
0.00698168
0.00680308
0.00670715
0.00663252
0.00656219
0.00648971
0.00641472
0.00634187
0.00627187
0.00621463
0.00619837
0.00628878
0.00663137
0.00745286
0.00888645
0.0102594
0.00414186
0.0112019
0.0086669
0.00750867
0.00705872
0.00688392
0.00678783
0.00671111
0.00663665
0.00655914
0.00647969
0.00640155
0.00632842
0.00626901
0.00624993
0.00633776
0.00667768
0.00749927
0.00894236
0.0103403
0.00415159
0.0112951
0.00874928
0.00758804
0.00713974
0.00696464
0.00686543
0.006785
0.00670421
0.00662218
0.00653737
0.00645457
0.00637901
0.00631724
0.00629628
0.0063815
0.00671936
0.0075417
0.00899177
0.0104243
0.00416474
0.0113866
0.00882769
0.00766382
0.00721379
0.00703343
0.00693054
0.00684455
0.0067588
0.00667285
0.00658512
0.00650137
0.00642516
0.00636362
0.00634254
0.00642616
0.00676379
0.00758776
0.00904607
0.0105181
0.00417611
0.0114545
0.0088864
0.00772161
0.00726739
0.00708384
0.00697618
0.00688639
0.00679889
0.00671149
0.00662529
0.00654413
0.00647123
0.00641282
0.00639311
0.00647723
0.00681568
0.00764281
0.00911378
0.0106213
0.00418293
0.0114776
0.00892105
0.00775508
0.00729902
0.00711314
0.0070024
0.00691313
0.00682746
0.00674347
0.00666253
0.00658757
0.00652098
0.00646694
0.0064507
0.0065367
0.0068756
0.00770771
0.00919421
0.0107291
0.00417865
0.0114679
0.00893476
0.00777201
0.00731611
0.00712884
0.00701925
0.00693228
0.00685176
0.00677507
0.00670201
0.00663494
0.00657487
0.00652619
0.00651441
0.00660167
0.00694066
0.00777813
0.00927992
0.0108374
0.00416502
0.0114511
0.00893903
0.0077846
0.00733061
0.00714521
0.00703845
0.00695466
0.0068804
0.00681164
0.00674665
0.00668643
0.00663247
0.00658867
0.00657938
0.00666723
0.00700647
0.00784772
0.00936359
0.0109446
0.00415088
0.0114474
0.00895326
0.00780694
0.00735642
0.00717308
0.00706934
0.00698905
0.00691916
0.00685605
0.00679679
0.00674185
0.00669235
0.00665036
0.00664153
0.00673001
0.00706888
0.00791175
0.00944149
0.0110503
0.00414207
0.0114802
0.00899212
0.0078505
0.00740239
0.0072193
0.00711695
0.0070382
0.00696983
0.00690861
0.00685219
0.00680005
0.00675154
0.0067094
0.0067005
0.00678801
0.00712519
0.00796972
0.00951318
0.0111552
0.00414418
0.0115558
0.0090587
0.00791718
0.00746967
0.00728466
0.0071801
0.0071004
0.00703065
0.00696829
0.006912
0.00685905
0.00680967
0.00676769
0.00675702
0.00684134
0.00717709
0.00802326
0.00957913
0.0112624
0.00415894
0.0116646
0.00914602
0.0080002
0.00755118
0.00736221
0.00725349
0.00717041
0.00709763
0.00703359
0.00697521
0.00691986
0.00687
0.00682709
0.00681259
0.00689352
0.00722794
0.00807407
0.00964183
0.0113759
0.00418227
0.0117844
0.00923899
0.00808678
0.00763443
0.00744228
0.00732932
0.00724201
0.00716814
0.00710341
0.00704273
0.00698623
0.00693514
0.00688891
0.00687063
0.00694848
0.00727941
0.00812345
0.00970391
0.0114967
0.00420678
0.0118853
0.00931951
0.00816274
0.00770862
0.0075158
0.00740075
0.00731342
0.00724172
0.00717738
0.00711679
0.00706016
0.00700567
0.00695508
0.0069333
0.00700605
0.00733089
0.00817201
0.00976503
0.0116231
0.00422531
0.0119414
0.00937481
0.0082195
0.00776804
0.0075779
0.00746736
0.00738587
0.00731776
0.00725598
0.00719774
0.00713999
0.00708094
0.00702548
0.00699774
0.00706292
0.00738148
0.00821895
0.00982221
0.0117549
0.00423233
0.011951
0.00940316
0.00825739
0.00781351
0.00763183
0.00753222
0.00745894
0.0073962
0.0073393
0.00728247
0.00722185
0.00715793
0.00709546
0.00705901
0.00711668
0.00742943
0.00826168
0.00987607
0.0118966
0.00422629
0.0119313
0.00941398
0.00828379
0.00785278
0.00768452
0.00759699
0.00753293
0.00747772
0.00742437
0.00736571
0.00730095
0.00723099
0.00715968
0.00711484
0.00716679
0.00747426
0.00830174
0.00993265
0.0120544
0.00421212
0.0119015
0.00942179
0.00831017
0.00789558
0.00774107
0.00766434
0.00760975
0.00755989
0.00750567
0.00744289
0.00737269
0.00729536
0.00721647
0.00716642
0.00721466
0.00751858
0.00834553
0.0100018
0.0122329
0.00419642
0.0118864
0.00944066
0.00834777
0.00794848
0.00780529
0.00773722
0.00768773
0.00763731
0.007579
0.00751102
0.00743404
0.00735033
0.00726796
0.00721659
0.00726421
0.007569
0.00840186
0.0100919
0.0124351
0.00418548
0.0119029
0.00948071
0.00840265
0.00801405
0.00787835
0.00781343
0.00776174
0.00770635
0.00764253
0.00756837
0.00748538
0.00739919
0.00731818
0.00726991
0.00732185
0.00763296
0.00847751
0.0102058
0.0126625
0.00418291
0.0119569
0.00954451
0.00847422
0.00808977
0.00795533
0.00788697
0.00782859
0.00776625
0.00769561
0.00761594
0.00753092
0.0074473
0.00737222
0.00733193
0.00739306
0.00771432
0.00857497
0.0103415
0.0129088
0.00418932
0.0120469
0.0096237
0.00855329
0.00816832
0.00802974
0.00795435
0.00788754
0.00781706
0.00774023
0.00765871
0.00757667
0.00749986
0.00743449
0.00740579
0.00747851
0.00781152
0.00869029
0.0104894
0.0131591
0.00420209
0.0121576
0.00970546
0.0086316
0.00824322
0.00809809
0.00801429
0.00793861
0.00786137
0.00778208
0.00770286
0.0076272
0.00755985
0.00750611
0.00748958
0.00757348
0.00791781
0.00880849
0.010636
0.0133941
0.00421943
0.012259
0.00978048
0.00870258
0.00831092
0.00815894
0.00806683
0.00798469
0.00790489
0.00782685
0.00775218
0.00768436
0.00762704
0.00758392
0.00757728
0.00766928
0.00801987
0.00891766
0.0107625
0.0135966
0.00423709
0.0123388
0.0098425
0.00876356
0.00837038
0.00821275
0.00811549
0.00803149
0.00795245
0.00787739
0.00780824
0.007748
0.00769868
0.00766256
0.00766128
0.00775633
0.00810806
0.00900672
0.0108557
0.0137574
0.00425178
0.0123912
0.00989127
0.0088159
0.00842318
0.00826365
0.00816619
0.00808336
0.00800643
0.00793544
0.00787178
0.00781663
0.00777117
0.00773742
0.00773641
0.00782932
0.0081776
0.00907216
0.0109136
0.0138772
0.00426095
0.0124229
0.00993241
0.00886345
0.00847424
0.0083177
0.00822304
0.00814251
0.00806905
0.00800262
0.00794231
0.00788847
0.00784282
0.00780706
0.00780178
0.00788888
0.00823125
0.00911898
0.0109453
0.0139673
0.00426484
0.0124487
0.00997195
0.00891144
0.00852952
0.00837863
0.00828769
0.00821097
0.00814203
0.00807854
0.00801849
0.00796317
0.00791442
0.00787333
0.00786124
0.00794148
0.00827758
0.00915817
0.0109685
0.0140475
0.00426623
0.0124781
0.0100141
0.00896486
0.00859212
0.00844709
0.00836099
0.00828941
0.00822394
0.00816099
0.0080998
0.00804195
0.00798838
0.00794073
0.00792213
0.00799651
0.00832741
0.0092032
0.0110039
0.014141
0.00426738
0.0125128
0.010062
0.00902548
0.00866119
0.0085221
0.0084419
0.00837476
0.00831105
0.00824833
0.00818648
0.0081259
0.00806751
0.00801485
0.00799196
0.00806231
0.00839012
0.00926552
0.011069
0.0142678
0.00426898
0.0125535
0.010116
0.00909052
0.00873375
0.00860105
0.00852615
0.00846204
0.00840029
0.00833917
0.00827734
0.00821475
0.00815387
0.00809934
0.00807458
0.00814285
0.00847024
0.00934979
0.0111678
0.0144414
0.0042715
0.0125973
0.0101711
0.00915522
0.00880617
0.00867934
0.00860832
0.00854719
0.00848875
0.00843008
0.00836903
0.00830678
0.00824679
0.00819306
0.00816822
0.00823643
0.00856555
0.00945135
0.0112877
0.014662
0.00427493
0.0126354
0.0102213
0.00921584
0.00887447
0.00875207
0.00868429
0.00862683
0.00857205
0.00851605
0.00845746
0.00839841
0.00834152
0.00828994
0.00826657
0.0083363
0.00866766
0.00955932
0.0114133
0.0149032
0.00427788
0.0126607
0.0102638
0.0092699
0.0089352
0.00881618
0.00875157
0.00869756
0.00864595
0.00859326
0.00853885
0.00848422
0.00843091
0.00838231
0.00836158
0.00843324
0.00876598
0.00966216
0.0115364
0.0151705
0.00427876
0.0126738
0.0102984
0.00931611
0.00898727
0.00887132
0.00880937
0.00875786
0.00870913
0.00866025
0.00861007
0.00855929
0.00850946
0.00846436
0.00844637
0.00851924
0.00885232
0.00975186
0.0116543
0.0154878
0.00427734
0.0126799
0.0103267
0.00935594
0.00903307
0.0089199
0.00885965
0.00880986
0.00876361
0.00871769
0.00867034
0.00862249
0.00857589
0.00853383
0.00851762
0.00859088
0.00892379
0.00982524
0.011743
0.0159221
0.00427439
0.0126863
0.0103531
0.00939423
0.00907751
0.00896654
0.00890714
0.00885835
0.00881343
0.0087688
0.00872296
0.00867728
0.00863296
0.00859257
0.00857716
0.00865066
0.00898311
0.00988438
0.011795
0.0164156
0.00427115
0.0127024
0.0103841
0.00943698
0.00912618
0.00901688
0.00895778
0.00890907
0.00886408
0.00881954
0.00877442
0.00872986
0.00868626
0.0086464
0.0086316
0.0087054
0.00903694
0.00993667
0.0118153
0.0082021
0.00426943
0.0127368
0.0104253
0.00948902
0.00918384
0.00907607
0.00901698
0.00896763
0.00892185
0.00887689
0.00883173
0.00878703
0.00874312
0.00870345
0.00868926
0.00876297
0.00909314
0.00999161
0.0118
0.00381742
0.00427108
0.0127932
0.0104798
0.00955318
0.00925367
0.00914763
0.00908853
0.00903835
0.0089917
0.00894611
0.00890024
0.0088547
0.00881024
0.00877059
0.00875644
0.00882923
0.00915788
0.0100569
0.0118458
0.00384181
0.00427703
0.0128697
0.0105475
0.00962995
0.00933634
0.00923237
0.00917344
0.00912263
0.00907535
0.00902916
0.00898241
0.00893588
0.00889072
0.00885042
0.00883527
0.00890634
0.00923337
0.010134
0.0119086
0.00392278
0.00428718
0.0129603
0.0106256
0.00971669
0.0094293
0.00932772
0.0092692
0.00921819
0.00917079
0.00912424
0.00907664
0.00902899
0.0089826
0.00894079
0.00892368
0.00899234
0.00931731
0.0102197
0.0120033
0.00393396
0.00430066
0.0130547
0.0107079
0.00980805
0.00952724
0.00942814
0.00937038
0.00931984
0.00927285
0.00922601
0.00917739
0.00912836
0.00908022
0.00903626
0.00901654
0.00908209
0.00940422
0.0103078
0.0121024
0.00394435
0.00431562
0.0131401
0.0107873
0.0098977
0.00962356
0.00952696
0.00947049
0.00942098
0.00937441
0.009327
0.00927721
0.00922672
0.00917659
0.0091301
0.00910734
0.00916933
0.00948813
0.0103926
0.0121955
0.00395297
0.00432943
0.0132076
0.0108585
0.00998021
0.00971254
0.00961863
0.00956387
0.00951523
0.00946861
0.00942046
0.00936963
0.0093177
0.0092654
0.00921629
0.00919063
0.00924932
0.00956494
0.0104701
0.0122764
0.00395988
0.00434
0.0132553
0.0109187
0.0100524
0.00979122
0.00970025
0.00964692
0.00959845
0.00955136
0.00950256
0.00945079
0.00939725
0.00934282
0.00929168
0.00926409
0.00932044
0.00963355
0.0105372
0.0123458
0.00396564
0.00434673
0.0132861
0.0109681
0.0101144
0.00986012
0.00977181
0.009719
0.00967001
0.00962236
0.00957289
0.00951993
0.00946477
0.00940897
0.00935715
0.00932908
0.00938437
0.00969475
0.0105967
0.0124073
0.00397122
0.00435007
0.0133056
0.0110098
0.0101698
0.00992226
0.00983569
0.00978252
0.00973275
0.00968441
0.00963386
0.00957961
0.00952353
0.00946777
0.00941679
0.00938956
0.00944459
0.00975294
0.0106538
0.0124672
0.00397755
0.00435092
0.013322
0.0110494
0.0102234
0.00998171
0.00989597
0.00984212
0.00979138
0.00974189
0.00968999
0.00963502
0.00957927
0.00952481
0.00947576
0.00945029
0.00950608
0.00981325
0.0107139
0.0125318
0.00398512
0.0043507
0.0133443
0.0110923
0.0102792
0.0100425
0.00995727
0.00990261
0.00985047
0.00979948
0.00974661
0.00969194
0.0096375
0.00958497
0.00953846
0.00951568
0.00957314
0.00987962
0.0107806
0.0126053
0.00399394
0.00435121
0.0133775
0.0111411
0.0103397
0.0101077
0.0100229
0.00996704
0.00991316
0.00986095
0.00980801
0.00975436
0.00970152
0.00965127
0.00960798
0.00958861
0.00964801
0.00995361
0.0108549
0.0126895
0.00400367
0.00435369
0.0134204
0.0111956
0.0104057
0.0101782
0.0100935
0.0100361
0.00998083
0.00992824
0.00987593
0.00982358
0.00977262
0.00972522
0.00968573
0.00966978
0.00973059
0.0100347
0.0109365
0.0127823
0.00401423
0.00435817
0.0134678
0.0112538
0.0104754
0.0102522
0.0101672
0.0101089
0.0100532
0.0100013
0.00995014
0.00989957
0.00985119
0.00980722
0.00977144
0.00975814
0.00981947
0.0101218
0.0110235
0.0128804
0.00402564
0.00436373
0.0135135
0.0113122
0.0105459
0.0103263
0.0102418
0.0101838
0.0101293
0.010079
0.01003
0.00998218
0.0099372
0.0098967
0.00986383
0.00985218
0.00991332
0.0102131
0.011114
0.0129822
0.00403754
0.00436907
0.0135516
0.0113676
0.010613
0.0103979
0.0103157
0.01026
0.0102081
0.0101608
0.0101154
0.0100715
0.0100303
0.00999275
0.00996189
0.00995116
0.0100115
0.0103081
0.0112072
0.0130863
0.00404993
0.00437285
0.0135793
0.011417
0.0106752
0.0104665
0.0103887
0.0103371
0.0102897
0.0102474
0.0102071
0.0101679
0.0101303
0.0100951
0.0100658
0.0100554
0.0101139
0.0104063
0.0113027
0.013193
0.00406319
0.00437401
0.0135982
0.0114606
0.0107339
0.0105336
0.0104621
0.0104165
0.0103756
0.0103401
0.0103061
0.010272
0.0102378
0.0102047
0.0101764
0.0101654
0.0102211
0.0105084
0.0114018
0.0133039
0.00407782
0.00437217
0.0136145
0.0115017
0.0107922
0.0106018
0.0105383
0.0105008
0.0104684
0.0104409
0.0104137
0.0103845
0.0103536
0.0103223
0.0102942
0.0102814
0.0103334
0.0106154
0.0115061
0.0134212
0.00409402
0.00436875
0.0136335
0.0115454
0.0108542
0.0106749
0.0106211
0.0105933
0.0105703
0.0105511
0.0105304
0.0105059
0.010478
0.0104475
0.0104183
0.0104027
0.0104508
0.010728
0.0116165
0.013545
0.0041116
0.00436542
0.0136614
0.0115963
0.0109242
0.0107569
0.0107138
0.0106959
0.0106819
0.0106701
0.0106552
0.0106347
0.0106085
0.0105775
0.0105464
0.0105277
0.010572
0.0108447
0.0117312
0.0136762
0.00413009
0.00436356
0.0137038
0.0116587
0.0110055
0.0108502
0.0108171
0.0108078
0.0108011
0.0107952
0.0107847
0.0107665
0.0107405
0.0107082
0.0106748
0.0106535
0.0106945
0.0109628
0.0118474
0.0138117
0.00414949
0.00436401
0.0137656
0.0117329
0.011098
0.0109535
0.0109284
0.0109253
0.0109234
0.0109214
0.010913
0.0108952
0.0108682
0.0108343
0.0107993
0.0107762
0.0108148
0.0110792
0.0119625
0.0139482
0.00416978
0.00436676
0.0138476
0.011817
0.0111989
0.0110631
0.011043
0.011043
0.0110433
0.0110422
0.0110335
0.0110144
0.010986
0.0109512
0.0109158
0.0108923
0.0109299
0.0111918
0.0120744
0.0140835
0.0041906
0.00437247
0.0139402
0.011906
0.0113034
0.0111737
0.0111554
0.0111555
0.0111547
0.0111518
0.0111407
0.0111197
0.0110905
0.0110559
0.0110217
0.0109998
0.0110386
0.0112995
0.012182
0.0142151
0.00421162
0.00438031
0.0140359
0.0119951
0.0114067
0.0112806
0.0112611
0.0112582
0.0112534
0.0112464
0.0112322
0.0112096
0.0111806
0.0111479
0.0111168
0.011099
0.0111413
0.0114023
0.0122844
0.0143411
0.0042327
0.00438918
0.0141285
0.0120805
0.0115051
0.0113808
0.0113573
0.0113489
0.0113383
0.0113265
0.0113094
0.0112862
0.0112586
0.0112294
0.0112036
0.0111921
0.0112397
0.0115012
0.0123815
0.0144611
0.00425395
0.00439817
0.0142141
0.0121603
0.0115972
0.0114735
0.011444
0.011429
0.0114123
0.0113961
0.011377
0.0113543
0.0113295
0.0113053
0.0112866
0.0112828
0.0113362
0.0115976
0.0124744
0.0145757
0.0042754
0.0044068
0.0142913
0.0122354
0.011684
0.0115606
0.0115245
0.0115031
0.0114814
0.011462
0.011442
0.0114208
0.0113998
0.0113819
0.0113708
0.0113748
0.0114333
0.0116934
0.0125645
0.0146857
0.00429689
0.00441461
0.0143626
0.0123105
0.0117685
0.0116462
0.0116043
0.0115776
0.0115527
0.0115316
0.0115117
0.0114926
0.0114761
0.0114644
0.0114605
0.011471
0.0115328
0.0117895
0.0126518
0.0147903
0.00431793
0.00442182
0.0144362
0.0123883
0.0118543
0.0117348
0.0116893
0.011659
0.0116325
0.011611
0.011592
0.0115753
0.0115629
0.0115564
0.0115578
0.0115723
0.011635
0.0118856
0.0127353
0.0148872
0.00433804
0.0044293
0.0145172
0.0124723
0.011945
0.0118298
0.0117836
0.0117515
0.0117245
0.0117035
0.0116858
0.0116714
0.011662
0.0116584
0.0116622
0.0116778
0.0117384
0.0119798
0.0128126
0.0149732
0.00435668
0.00443925
0.0145995
0.0125636
0.0120423
0.011932
0.0118879
0.0118561
0.0118293
0.0118091
0.0117926
0.0117795
0.0117712
0.011768
0.0117713
0.0117849
0.0118407
0.0120699
0.0128815
0.0150458
0.00437367
0.00445221
0.0146775
0.0126597
0.0121463
0.0120399
0.0119994
0.0119697
0.011944
0.0119245
0.0119085
0.0118956
0.0118864
0.0118813
0.0118815
0.0118908
0.0119396
0.0121543
0.012941
0.0151033
0.00438906
0.00446791
0.0147444
0.0127545
0.0122543
0.0121506
0.0121128
0.0120861
0.0120625
0.012044
0.0120279
0.0120139
0.0120023
0.0119936
0.0119894
0.0119932
0.0120336
0.0122323
0.0129912
0.0151459
0.00440309
0.00448532
0.0147963
0.01284
0.01236
0.0122594
0.012223
0.0121988
0.0121777
0.0121605
0.0121442
0.0121285
0.012114
0.0121016
0.0120924
0.0120906
0.0121227
0.0123047
0.0130334
0.0151753
0.00441613
0.00450246
0.014836
0.0129104
0.0124541
0.0123596
0.0123252
0.0123032
0.0122846
0.0122685
0.0122522
0.0122352
0.0122186
0.0122032
0.0121903
0.0121835
0.0122081
0.0123738
0.0130708
0.0151944
0.00442886
0.00451593
0.0148707
0.0129696
0.0125318
0.0124447
0.0124142
0.0123955
0.0123798
0.0123654
0.0123499
0.0123331
0.0123159
0.012299
0.0122838
0.0122741
0.0122928
0.0124428
0.0131069
0.0152069
0.00444201
0.00452197
0.0148992
0.0130268
0.0125993
0.012517
0.0124905
0.0124755
0.0124634
0.0124519
0.0124386
0.0124237
0.0124079
0.0123916
0.0123763
0.0123656
0.0123803
0.0125153
0.0131447
0.0152154
0.00445619
0.0426817
0.0464009
0.0505997
0.052849
0.0539416
0.0544904
0.0548508
0.0551729
0.0555002
0.0558117
0.0561866
0.0564804
0.0565894
0.056443
0.055984
0.055236
0.0543757
0.0592826
0.036296
0.0330254
0.0425925
0.0466074
0.0507699
0.0529947
0.0540702
0.0546135
0.0549775
0.0552932
0.055593
0.0558734
0.056164
0.0563679
0.0563846
0.0561186
0.0554087
0.0534932
0.0467855
0.0545276
0.0217074
0.0327569
0.0425313
0.0467842
0.0509098
0.0531142
0.0541719
0.0546992
0.0550515
0.05535
0.055616
0.0558626
0.0560837
0.0561944
0.0560902
0.0556026
0.0542512
0.0499151
0.0362179
0.0208204
0.0230719
0.0337049
0.0424943
0.0469273
0.0510179
0.0532073
0.054245
0.0547441
0.0550682
0.0553405
0.0555729
0.0557795
0.055929
0.055934
0.055659
0.0548214
0.0525868
0.0461463
0.030395
0.021254
0.0246378
0.0330679
0.0424756
0.0470357
0.0510933
0.0532798
0.0542975
0.0547514
0.0550267
0.0552579
0.0554435
0.0556023
0.0556607
0.0555101
0.0549385
0.0534685
0.0498313
0.0409463
0.0235132
0.0214147
0.0245474
0.0327039
0.0424656
0.0471077
0.0511377
0.0533365
0.054343
0.054738
0.0549287
0.0550859
0.0552344
0.0553182
0.0552434
0.0548576
0.0538219
0.0513976
0.0459557
0.0348072
0.0208779
0.0215114
0.0240119
0.032447
0.0424591
0.0471436
0.0511563
0.0533924
0.0544075
0.0547428
0.0548234
0.0548629
0.0549806
0.0549682
0.0547319
0.0540576
0.0524664
0.0489411
0.0416052
0.0286488
0.0211244
0.0215974
0.0234474
0.0322003
0.0424525
0.0471507
0.0511584
0.0534713
0.0545412
0.0548462
0.0548235
0.0547438
0.0547661
0.0546388
0.0542389
0.0532899
0.0511961
0.0466457
0.0372179
0.0214254
0.0216161
0.0216883
0.0228762
0.0319652
0.042449
0.0471263
0.0511451
0.0535815
0.0547778
0.0551215
0.0550252
0.0547888
0.0546872
0.0544236
0.0538697
0.0527235
0.0503708
0.0455117
0.0359198
0.0243534
0.022429
0.0218998
0.0225387
0.0316516
0.0424635
0.0470526
0.0510985
0.0536971
0.0550607
0.0554424
0.0551846
0.0551238
0.0548743
0.0544367
0.0536939
0.05236
0.0498372
0.0449785
0.0364435
0.0238252
0.0226912
0.0221904
0.0225846
0.0312073
0.0425024
0.0468585
0.050953
0.0538031
0.0555103
0.0561665
0.0559746
0.0558684
0.055501
0.0548786
0.0538943
0.0522878
0.0493886
0.0433476
0.0252816
0.0237641
0.0228981
0.0223215
0.0226193
0.0309278
0.0425778
0.0463285
0.0503962
0.0534628
0.0554345
0.0562031
0.0568195
0.0569369
0.0566353
0.0559419
0.0547974
0.0530512
0.0503893
0.046627
0.0286713
0.0249747
0.0233143
0.0224169
0.0226583
0.0307863
0.0431498
0.0457426
0.048703
0.0512619
0.0535352
0.055482
0.0569155
0.0577116
0.0578521
0.0573039
0.0559556
0.0534276
0.0485701
0.0364355
0.0293672
0.0245419
0.0232525
0.0224318
0.0227056
0.0307398
0.0363797
0.0390297
0.042193
0.0454136
0.0486544
0.0518051
0.0546024
0.0568452
0.0583693
0.0590416
0.0588134
0.0576233
0.0558314
0.024723
0.0244446
0.0239865
0.0232449
0.0224587
0.0227664
0.0307329
0.0310951
0.0325567
0.0347869
0.0373863
0.0403207
0.04353
0.0468903
0.0502068
0.0532225
0.055611
0.0569183
0.0556912
0.0403755
0.024685
0.0245199
0.0240338
0.0232804
0.0225007
0.0228498
0.0307028
0.02867
0.0287644
0.0296601
0.030838
0.0322637
0.0339115
0.0357107
0.0375034
0.0389519
0.0394164
0.0375394
0.0310081
0.0246648
0.0247913
0.0246166
0.0241363
0.0233942
0.0226349
0.0230336
0.0305433
0.0275365
0.0268573
0.0270323
0.0273261
0.0276869
0.0280797
0.0284339
0.028618
0.0284197
0.0275874
0.0260024
0.0247948
0.0250136
0.0250378
0.0248044
0.0242942
0.0235363
0.0227606
0.0231473
0.0303948
0.0270072
0.0259211
0.0258536
0.0258449
0.0258529
0.0258458
0.0257949
0.0256694
0.0254224
0.0251109
0.0249628
0.0252303
0.0253666
0.0253204
0.0250463
0.0244988
0.0237031
0.0228782
0.0231985
0.0302549
0.0267957
0.0254429
0.0253377
0.025285
0.0252469
0.0252065
0.0251598
0.0251155
0.0251021
0.0251701
0.0253886
0.0255985
0.0256907
0.0256166
0.0253182
0.0247381
0.0238935
0.0229929
0.0232033
0.0301225
0.0267739
0.025191
0.0251209
0.0250994
0.0250983
0.0251023
0.0251253
0.0251737
0.0252822
0.0254632
0.025729
0.0259079
0.0259936
0.0259183
0.0256066
0.0250006
0.0241061
0.0231125
0.0231784
0.0299958
0.0268717
0.0250579
0.0250323
0.0250626
0.0251105
0.0251688
0.0252429
0.0253559
0.0255104
0.0257284
0.0259794
0.0261694
0.0262728
0.0262114
0.0259008
0.0252771
0.0243363
0.0232423
0.0231356
0.0298715
0.0270451
0.0249924
0.0250046
0.0250744
0.0251634
0.02526
0.0253717
0.0255105
0.0256764
0.0258915
0.0261547
0.0263819
0.0265207
0.0264886
0.0261937
0.0255622
0.02458
0.023385
0.023085
0.029748
0.027275
0.0249606
0.0250038
0.0251009
0.0252133
0.025332
0.0254607
0.0256062
0.0257781
0.025993
0.0262752
0.0265406
0.0267331
0.0267471
0.0264798
0.0258503
0.0248337
0.0235416
0.0230352
0.0296262
0.0275455
0.0249491
0.0250108
0.0251216
0.0252458
0.025371
0.0254971
0.025638
0.0258061
0.0260334
0.0263399
0.0266542
0.026912
0.0269846
0.0267545
0.0261356
0.0250939
0.023712
0.0229919
0.0295066
0.0278469
0.0249483
0.0250183
0.0251296
0.0252551
0.0253704
0.0254832
0.0256088
0.0257651
0.0260033
0.0263466
0.0267287
0.0270619
0.027202
0.0270177
0.026417
0.0253585
0.023896
0.0229599
0.0293893
0.0281723
0.0249535
0.0250206
0.0251235
0.0252318
0.0253316
0.0254275
0.0255342
0.0256848
0.0259353
0.0263084
0.0267622
0.0271811
0.0273988
0.0272701
0.0266943
0.025626
0.0240929
0.0229423
0.0292741
0.0285196
0.02496
0.025017
0.0250991
0.025179
0.0252529
0.0253237
0.0254107
0.0255603
0.0258332
0.0262303
0.0267571
0.0272709
0.0275755
0.0275103
0.0269662
0.0258949
0.0243005
0.0229401
0.0291616
0.0288884
0.0249654
0.0250053
0.0250585
0.0251027
0.0251378
0.0251736
0.0252353
0.0253816
0.0256728
0.0260995
0.0267153
0.0273358
0.0277344
0.0277384
0.0272313
0.0261624
0.0245159
0.0229537
0.0290517
0.0292795
0.0249703
0.0249851
0.0250032
0.0250027
0.024991
0.0249828
0.0250154
0.0251635
0.0254573
0.0259161
0.0266376
0.0273758
0.027876
0.0279542
0.0274879
0.0264264
0.0247377
0.0229835
0.0289442
0.0296954
0.0249727
0.0249582
0.0249347
0.0248795
0.0248107
0.0247513
0.0247509
0.024898
0.0251937
0.0256891
0.0265275
0.0273923
0.0279998
0.0281557
0.0277344
0.0266862
0.0249647
0.0230292
0.028839
0.030138
0.0249731
0.0249262
0.0248555
0.0247362
0.0245995
0.0244837
0.0244417
0.0245743
0.0248801
0.0254179
0.0263887
0.0273885
0.0281063
0.028343
0.0279718
0.0269417
0.0251953
0.0230902
0.0287362
0.0306118
0.0249732
0.0248897
0.0247669
0.0245771
0.0243652
0.0241848
0.0240927
0.024208
0.024521
0.0251033
0.0262255
0.0273667
0.0281975
0.0285192
0.0282018
0.0271929
0.0254281
0.0231661
0.0286355
0.031122
0.0249732
0.0248499
0.0246723
0.024408
0.0241123
0.0238545
0.0237042
0.0238047
0.0241196
0.0247564
0.0260457
0.0273311
0.0282771
0.0286862
0.0284245
0.0274395
0.0256625
0.0232565
0.0285367
0.0316733
0.0249742
0.0248087
0.0245763
0.0242346
0.0238451
0.0234952
0.0232711
0.0233488
0.0236771
0.0243883
0.0258566
0.0272875
0.0283485
0.0288448
0.0286399
0.0276811
0.025897
0.0233605
0.0284393
0.0322715
0.0249774
0.0247675
0.0244814
0.0240619
0.0235718
0.0231128
0.0227922
0.022841
0.0231933
0.0240051
0.0256639
0.02724
0.028414
0.0289962
0.0288482
0.0279172
0.0261304
0.023477
0.0283433
0.0329224
0.0249837
0.024727
0.0243886
0.023895
0.0233013
0.0227171
0.0222753
0.0222942
0.022641
0.023616
0.0254751
0.0271926
0.0284754
0.0291408
0.0290492
0.0281475
0.0263621
0.0236057
0.0282485
0.0336325
0.0249919
0.0246872
0.0242998
0.0237381
0.0230434
0.0223247
0.0217345
0.0217067
0.0219779
0.0232349
0.0252982
0.0271498
0.0285348
0.0292791
0.0292429
0.0283723
0.0265922
0.0237465
0.028155
0.0344097
0.0249983
0.024648
0.0242159
0.023594
0.0228075
0.0219557
0.0211941
0.0211089
0.0211847
0.0228721
0.0251393
0.0271155
0.0285942
0.0294123
0.0294306
0.0285927
0.0268208
0.0238992
0.028062
0.0352654
0.0249967
0.0246097
0.0241364
0.0234632
0.0225984
0.0216236
0.0206867
0.0206268
0.020278
0.0225388
0.0250055
0.0270934
0.0286553
0.0295422
0.0296142
0.0288095
0.0270473
0.0240626
0.0279686
0.036218
0.0249724
0.0245711
0.0240599
0.0233444
0.022414
0.0213313
0.0202038
0.0203061
0.0193309
0.0222537
0.024904
0.0270868
0.0287212
0.0296718
0.029795
0.0290223
0.0272703
0.0242348
0.0278741
0.0372965
0.0248874
0.0245274
0.0239845
0.0232349
0.0222536
0.0210969
0.0197661
0.0192338
0.0187321
0.0220947
0.0248539
0.027097
0.0287851
0.0297898
0.0299623
0.0292246
0.0274868
0.0244376
0.0277725
0.0385161
0.0247337
0.0244674
0.0239052
0.023132
0.0221057
0.0208612
0.0193564
0.0180118
0.0186702
0.0219985
0.0248293
0.0271223
0.0288561
0.0299091
0.0301279
0.0294236
0.0276999
0.0246432
0.0276689
0.0397916
0.0246956
0.024402
0.0238242
0.0230238
0.0219672
0.0206634
0.0190588
0.0173125
0.018674
0.0219947
0.0248558
0.0271783
0.0289441
0.0300359
0.0302955
0.0296215
0.0279097
0.0248437
0.0275665
0.0411199
0.0248114
0.0243443
0.0237502
0.0229285
0.021855
0.020523
0.0189047
0.0171666
0.018803
0.0220715
0.0249307
0.0272633
0.0290491
0.0301721
0.0304665
0.0298183
0.0281159
0.0250394
0.0274638
0.0424954
0.0251091
0.0243141
0.0236938
0.0228556
0.0217789
0.0204544
0.0189039
0.017395
0.0190558
0.0222204
0.0250496
0.027376
0.0291723
0.0303188
0.0306407
0.0300139
0.0283194
0.0252302
0.027359
0.0439118
0.0256059
0.0243376
0.0236667
0.0228148
0.0217486
0.0204657
0.019042
0.0178213
0.0194045
0.02243
0.0252083
0.0275166
0.0293144
0.0304756
0.0308183
0.0302095
0.0285204
0.0254148
0.0272495
0.0453636
0.0263054
0.0244426
0.0236829
0.0228166
0.0217728
0.0205588
0.0192963
0.018345
0.0198168
0.0226894
0.0254048
0.027685
0.0294746
0.0306424
0.0310007
0.0304057
0.0287177
0.0255914
0.0271336
0.0468448
0.0271984
0.0246557
0.0237591
0.0228728
0.0218597
0.0207332
0.019644
0.0189146
0.0202696
0.0229932
0.0256381
0.0278801
0.0296523
0.0308202
0.0311884
0.0306016
0.0289098
0.0257594
0.0270102
0.0483476
0.0282674
0.0249997
0.0239141
0.022996
0.0220166
0.020986
0.0200631
0.0195009
0.0207552
0.0233391
0.0259057
0.0281
0.0298477
0.0310094
0.0313808
0.0307962
0.0290969
0.0259191
0.0268775
0.0498636
0.0294918
0.0254907
0.0241659
0.0231979
0.0222486
0.0213121
0.0205355
0.020099
0.021274
0.023724
0.0262041
0.0283434
0.0300608
0.0312098
0.0315776
0.0309903
0.0292799
0.0260699
0.026733
0.0513862
0.0308479
0.0261351
0.0245283
0.0234877
0.0225587
0.0217066
0.0210524
0.0207178
0.0218232
0.0241422
0.0265303
0.0286097
0.0302915
0.0314211
0.0317793
0.0311848
0.0294583
0.0262096
0.0265741
0.0529092
0.0323088
0.0269297
0.0250094
0.0238716
0.0229485
0.0221667
0.0216117
0.021359
0.0223951
0.0245894
0.0268834
0.0288987
0.0305393
0.0316435
0.0319867
0.0313792
0.0296301
0.0263364
0.026399
0.0544253
0.0338474
0.0278636
0.0256112
0.0243532
0.0234198
0.0226906
0.0222106
0.0220148
0.0229873
0.0250653
0.027263
0.0292097
0.0308038
0.0318771
0.0321992
0.0315721
0.029794
0.0264492
0.0262058
0.0559264
0.0354392
0.0289208
0.0263312
0.0249337
0.0239721
0.0232749
0.0228454
0.0226862
0.0236046
0.0255697
0.0276674
0.029541
0.0310844
0.0321216
0.0324161
0.0317627
0.0299496
0.0265471
0.0259918
0.0574057
0.0370627
0.0300824
0.0271619
0.02561
0.0246015
0.023915
0.0235154
0.023383
0.0242483
0.0260991
0.0280935
0.0298914
0.0313807
0.0323764
0.0326368
0.0319507
0.0300959
0.0266276
0.0257538
0.0588573
0.0386984
0.0313276
0.0280913
0.026374
0.0253015
0.0246076
0.0242224
0.024107
0.0249111
0.0266478
0.0285393
0.0302606
0.0316923
0.0326409
0.0328607
0.0321352
0.0302306
0.0266874
0.0254895
0.0602756
0.0403288
0.0326348
0.0291035
0.0272154
0.0260661
0.0253501
0.0249646
0.0248489
0.0255873
0.0272131
0.0290034
0.0306476
0.0320184
0.0329146
0.0330873
0.0323145
0.0303513
0.0267243
0.0251964
0.0616546
0.0419387
0.0339833
0.0301824
0.0281242
0.026889
0.0261373
0.025736
0.0256052
0.0262774
0.0277938
0.0294846
0.0310517
0.0323589
0.0331973
0.0333157
0.0324872
0.0304561
0.0267358
0.0248719
0.0629877
0.0435164
0.035355
0.031313
0.0290901
0.0277624
0.0269624
0.0265321
0.0263788
0.0269818
0.0283886
0.0299825
0.0314735
0.0327144
0.0334891
0.0335452
0.0326518
0.0305429
0.0267185
0.0245129
0.0642697
0.0450533
0.0367348
0.0324815
0.0301017
0.0286768
0.0278188
0.0273507
0.027168
0.0276982
0.0289982
0.0304989
0.0319142
0.0330849
0.0337888
0.0337741
0.0328061
0.030608
0.0266685
0.0241167
0.0654965
0.0465422
0.0381102
0.0336745
0.0311474
0.0296235
0.0287011
0.0281881
0.0279684
0.028428
0.0296261
0.0310355
0.0323733
0.0334684
0.0340942
0.0339999
0.0329469
0.0306477
0.0265819
0.0236811
0.0666635
0.0479772
0.0394701
0.03488
0.0322167
0.0305946
0.0296041
0.0290408
0.028781
0.0291742
0.0302727
0.0315908
0.0328482
0.0338622
0.0344029
0.03422
0.0330708
0.0306582
0.0264555
0.0232039
0.0677654
0.0493545
0.0408063
0.036088
0.033301
0.0315836
0.0305231
0.0299067
0.0296073
0.0299335
0.0309338
0.0321616
0.0333365
0.0342648
0.0347132
0.0344319
0.0331747
0.0306358
0.026285
0.0226822
0.0687971
0.0506729
0.0421135
0.0372913
0.0343931
0.0325847
0.0314542
0.0307835
0.0304415
0.0306977
0.0316054
0.032747
0.0338385
0.0346759
0.0350232
0.0346327
0.0332548
0.0305758
0.0260652
0.0221128
0.0697556
0.0519328
0.0433877
0.0384834
0.0354872
0.0335933
0.0323943
0.0316682
0.0312771
0.0314663
0.032291
0.0333502
0.0343552
0.0350938
0.03533
0.0348181
0.0333057
0.0304715
0.025789
0.0214927
0.0706388
0.0531334
0.0446251
0.0396596
0.0365791
0.034607
0.0333422
0.0325604
0.0321186
0.0322493
0.0329976
0.0339735
0.0348851
0.0355153
0.0356292
0.0349832
0.0333207
0.0303147
0.0254493
0.0208194
0.0714435
0.0542728
0.0458239
0.0408183
0.0376682
0.0356263
0.0342996
0.0334638
0.0329756
0.0330556
0.0337285
0.0346153
0.0354246
0.0359362
0.0359162
0.0351218
0.0332919
0.0300965
0.0250383
0.0200911
0.0721641
0.0553513
0.0469856
0.0419606
0.0387555
0.0366521
0.0352684
0.0343827
0.0338539
0.0338859
0.0344806
0.0352714
0.0359698
0.0363525
0.0361858
0.0352261
0.0332091
0.0298064
0.0245482
0.0193061
0.0727963
0.0563723
0.048113
0.0430874
0.0398405
0.0376845
0.0362495
0.0353187
0.0347528
0.0347354
0.0352485
0.0359381
0.0365174
0.0367595
0.0364302
0.0352857
0.0330607
0.0294334
0.0239709
0.018464
0.0733389
0.0573381
0.0492057
0.0441968
0.0409214
0.0387222
0.0372429
0.0362715
0.0356683
0.0355987
0.036029
0.0366128
0.037063
0.0371493
0.0366385
0.0352877
0.0328334
0.0289654
0.0232983
0.0175651
0.0737903
0.0582438
0.0502596
0.0452857
0.0419968
0.0397655
0.0382487
0.0372392
0.0365962
0.0364737
0.0368207
0.0372912
0.0375981
0.0375105
0.0367973
0.0352179
0.0325127
0.0283894
0.022522
0.0166109
0.0741434
0.0590823
0.051272
0.0463541
0.0430673
0.040814
0.0392649
0.0382187
0.0375352
0.0373608
0.0376208
0.0379656
0.0381111
0.0378294
0.0368918
0.0350604
0.0320824
0.0276909
0.021634
0.0156056
0.0743877
0.0598522
0.052244
0.0474021
0.0441309
0.0418642
0.0402875
0.0392067
0.0384845
0.0382568
0.0384215
0.0386235
0.0385876
0.0380901
0.0369046
0.0347963
0.0315235
0.0268545
0.0206282
0.0145574
0.0745185
0.0605559
0.0531739
0.0484246
0.0451809
0.0429096
0.0413118
0.0402003
0.0394198
0.0391438
0.0392037
0.0392461
0.039009
0.0382729
0.0368143
0.0344036
0.0308154
0.0258659
0.0195033
0.0134803
0.0745364
0.0611875
0.0540512
0.0494105
0.0462078
0.0439424
0.0423307
0.0411914
0.0403683
0.0400211
0.0399533
0.0398144
0.0393533
0.0383541
0.0365963
0.033858
0.0299381
0.024716
0.0182659
0.0123951
0.0744366
0.0617291
0.0548603
0.0503476
0.0472015
0.0449523
0.0433314
0.0421637
0.0413032
0.0408723
0.0406522
0.0403066
0.0395957
0.0383076
0.0362249
0.0331365
0.0288761
0.0234035
0.0169325
0.0113294
0.0742031
0.062162
0.0555875
0.0512235
0.0481483
0.045923
0.0442949
0.0430968
0.042226
0.0416858
0.0412789
0.0406967
0.0397096
0.0381075
0.0356753
0.0322186
0.0276201
0.0219377
0.0155312
0.0103172
0.0738173
0.0624744
0.0562198
0.0520223
0.0490289
0.0468336
0.0451999
0.0439701
0.0430532
0.0423972
0.0417894
0.0409517
0.039667
0.0377276
0.034924
0.0310889
0.0261715
0.0203421
0.0141041
0.00939795
0.0732674
0.0626557
0.0567403
0.0527228
0.049821
0.0476617
0.0460243
0.0447597
0.043783
0.0429901
0.0421611
0.0410467
0.0394414
0.0371411
0.0339498
0.0297408
0.0245467
0.0186592
0.0127076
0.00861027
0.0725453
0.0626888
0.0571282
0.0533029
0.0505019
0.0483827
0.0467406
0.0454349
0.044385
0.0434364
0.0423651
0.0409514
0.0390023
0.0363225
0.0327397
0.0281836
0.0227837
0.016951
0.0114069
0.00797978
0.0716388
0.0625529
0.0573617
0.0537392
0.0510442
0.0489646
0.0473141
0.045961
0.0448269
0.0437037
0.0423672
0.0406314
0.038321
0.0352556
0.0312979
0.0264488
0.0209425
0.0152936
0.0102625
0.00750444
0.0705341
0.0622284
0.0574162
0.0540006
0.051411
0.0493677
0.047707
0.0463067
0.0450742
0.0437515
0.0421275
0.0400547
0.0373787
0.03394
0.0296481
0.0245884
0.019097
0.0137583
0.00930713
0.00715027
0.0692198
0.0616905
0.0572578
0.0540478
0.051562
0.0495567
0.0478855
0.0464365
0.0450821
0.0435353
0.0416114
0.0392024
0.0361734
0.0323924
0.0278301
0.0226637
0.0173127
0.0123834
0.0085256
0.00686989
0.0676843
0.0609053
0.0568474
0.0538434
0.0514636
0.0495011
0.0478177
0.0463079
0.044806
0.043023
0.0408037
0.0380737
0.0347168
0.030639
0.0258853
0.020721
0.0156152
0.0111506
0.00786657
0.00663087
0.0659193
0.0598448
0.0561564
0.0533597
0.0510902
0.0491686
0.047466
0.0458793
0.0442233
0.0422059
0.0397054
0.0366759
0.0330208
0.0286976
0.0238323
0.0187605
0.0139695
0.0100053
0.00729387
0.00642341
0.0639651
0.0585112
0.0551704
0.0525768
0.0504139
0.0485234
0.0467915
0.0452117
0.0433821
0.0411141
0.0383412
0.0350262
0.0310924
0.026561
0.0216416
0.016725
0.0123163
0.00893325
0.00681422
0.00624682
0.0620588
0.0569684
0.0538821
0.0514658
0.0493956
0.0475263
0.0457652
0.0442153
0.0422616
0.0397641
0.0367325
0.0331223
0.0288935
0.0241586
0.019224
0.0145496
0.0106755
0.0079992
0.00644391
0.00609858
0.061225
0.0553895
0.0522549
0.0499406
0.0479478
0.0461016
0.0443294
0.0428554
0.0408066
0.0381031
0.0347922
0.030817
0.026236
0.0213096
0.0164759
0.0122823
0.00919227
0.0072738
0.00617724
0.00597278
0.078482
0.0548751
0.0501889
0.0477769
0.045862
0.0440811
0.0423507
0.0407108
0.0387026
0.0358565
0.0321583
0.027692
0.022757
0.0178292
0.0134776
0.0101745
0.00802733
0.00676382
0.00599067
0.00586253
0.316582
0.0535171
0.0469355
0.0445942
0.0429037
0.0413225
0.0398219
0.0383741
0.0361971
0.0327356
0.0282601
0.0232407
0.018269
0.0139476
0.0106893
0.00853644
0.00722721
0.006425
0.00585725
0.00576195
0.0227064
0.0406593
0.0411478
0.0401546
0.0390908
0.0379877
0.0387331
0.0366087
0.0326971
0.0276986
0.0223776
0.0174413
0.0134238
0.0105366
0.0086506
0.00747445
0.00672628
0.00620005
0.00575434
0.00566722
0.0169595
0.038038
0.0359198
0.0355512
0.0352208
0.0371078
0.0348958
0.0301857
0.0246172
0.0193354
0.0150031
0.0118412
0.00972044
0.00835542
0.00747093
0.00686841
0.00641922
0.00603969
0.00566623
0.00557718
0.0292431
0.0406422
0.032182
0.0323362
0.0365528
0.0314653
0.0242864
0.0185386
0.0143763
0.0115851
0.00978924
0.00863315
0.00785982
0.00730777
0.00688193
0.00652866
0.00621371
0.00590931
0.0055846
0.00549327
0.0290799
0.031338
0.0291508
0.0308778
0.0192236
0.0141209
0.0114432
0.00992558
0.0089959
0.0083675
0.0078951
0.00750534
0.00716395
0.00685521
0.00657082
0.00630479
0.00604836
0.00578899
0.00550681
0.00541777
0.0230459
0.0321883
0.0253951
0.0130982
0.0102828
0.00928268
0.00876591
0.00838939
0.00805428
0.00773358
0.00742269
0.00712368
0.00684143
0.00657901
0.00633598
0.0061087
0.00588987
0.00566965
0.00543222
0.00535101
0.0148276
0.0198832
0.0109607
0.00951621
0.00907357
0.00876129
0.00843878
0.00809746
0.0077516
0.00741495
0.00709747
0.00680542
0.00654234
0.006308
0.00609834
0.00590738
0.00572729
0.00555011
0.0053591
0.00527302
0.0121828
0.00995619
0.00976688
0.00942877
0.00905458
0.0086426
0.00821597
0.00779806
0.00740596
0.00704968
0.00673396
0.00645949
0.00622436
0.00602389
0.00585151
0.00570069
0.00556298
0.00543794
0.005267
0.00507127
0.00574636
0.00967765
0.00992928
0.00948423
0.00893355
0.00838368
0.00786788
0.0074017
0.00699223
0.00664101
0.00634563
0.00610085
0.00590035
0.00573702
0.0056042
0.00549502
0.00539012
0.00526628
0.00514355
0.00496596
0.0113024
0.0111341
0.0102602
0.00941702
0.0086678
0.00800973
0.00744042
0.00695727
0.00655507
0.00622615
0.00596126
0.0057506
0.00558562
0.00545922
0.00536562
0.00527783
0.00520785
0.00512715
0.00502094
0.00491493
0.0123337
0.0113457
0.0101591
0.00914055
0.00828484
0.00757155
0.0069849
0.00650992
0.00613115
0.00583304
0.00560132
0.00542387
0.00529206
0.00520049
0.00513302
0.00508167
0.00503626
0.00498433
0.0049115
0.00489944
0.0128648
0.0113407
0.0099267
0.00878016
0.00785726
0.00712099
0.00654113
0.00609004
0.00574269
0.00547739
0.00527718
0.0051297
0.00502777
0.00496757
0.00491282
0.00488872
0.00486935
0.00485103
0.00481637
0.00490711
0.0132072
0.0112164
0.00961596
0.00837716
0.00741983
0.00668679
0.00613125
0.00571319
0.00539978
0.00516577
0.00499363
0.00487216
0.00479613
0.00473799
0.00472467
0.00471741
0.00472099
0.00473355
0.00473632
0.00493134
0.0134238
0.0110156
0.00926301
0.00796272
0.00699784
0.00628727
0.00576674
0.00538526
0.00510481
0.00489894
0.00475094
0.00465129
0.00459703
0.00456692
0.00455567
0.00456078
0.0045878
0.00463142
0.00466978
0.00496743
0.0135502
0.0107735
0.00889614
0.00755921
0.00660704
0.00593138
0.00545087
0.0051058
0.00485558
0.00467417
0.00454631
0.0044641
0.0044263
0.00440778
0.00440271
0.00442159
0.0044712
0.00454374
0.00461406
0.00501193
0.0136193
0.0105156
0.00853324
0.00717889
0.00625405
0.00562084
0.0051818
0.00487112
0.00464775
0.00448719
0.00437573
0.00430664
0.0042591
0.00425573
0.00426467
0.00430029
0.00437107
0.00446874
0.00456659
0.00506254
0.0136556
0.0102531
0.0081811
0.00682596
0.00594014
0.00535406
0.004956
0.00467675
0.00447667
0.00433352
0.00423521
0.00417635
0.00414493
0.0041365
0.00414969
0.00419748
0.00428556
0.004404
0.00452535
0.0051178
0.0136709
0.00998526
0.00784062
0.00650183
0.00566536
0.005129
0.00476974
0.00451812
0.00433751
0.00420843
0.00412075
0.00407102
0.00405041
0.00404083
0.00405514
0.00411044
0.0042116
0.00434712
0.0044888
0.00517655
0.0136661
0.00970975
0.00751366
0.00620889
0.00543007
0.00494332
0.0046187
0.00438968
0.00422414
0.00410581
0.00402707
0.00398659
0.0039697
0.0039598
0.00397428
0.00403452
0.00414603
0.00429613
0.00445584
0.00523793
0.0136395
0.00942992
0.00720503
0.0059501
0.00523356
0.00479296
0.00449665
0.00428418
0.00412919
0.00401864
0.00394772
0.00391551
0.00389898
0.00388632
0.00390087
0.00396577
0.00408671
0.0042499
0.00442575
0.00530141
0.0135933
0.00915303
0.00691939
0.00572623
0.00507227
0.00467131
0.00439576
0.00419389
0.00404593
0.003941
0.00387819
0.00384891
0.00382842
0.00381409
0.00383135
0.00390259
0.00403307
0.00420805
0.00439804
0.00536679
0.0135332
0.00888377
0.00665774
0.00553453
0.00494004
0.00457062
0.00430864
0.00411289
0.00397031
0.00387033
0.00382391
0.0163166
0.016162
0.00377933
0.00377795
0.00384842
0.00398592
0.00417053
0.00437234
0.00543412
0.0134644
0.00862116
0.00641775
0.00537031
0.00483032
0.00448448
0.00423047
0.00403843
0.0039019
0.00380832
0.0160935
0.0159306
0.0158676
0.0158137
0.0037438
0.00380646
0.00394606
0.00413703
0.00434831
0.00550362
0.0133877
0.00836193
0.00619692
0.00522969
0.00473847
0.00440914
0.00415922
0.00397021
0.00384235
0.00375924
0.0156072
0.015529
0.0155684
0.0156426
0.0158625
0.00378203
0.00391344
0.00410684
0.00432568
0.0055756
0.0133016
0.00810564
0.00599495
0.00511063
0.00466181
0.00434265
0.00409405
0.00390839
0.00379269
0.0155924
0.0152965
0.0152512
0.0153267
0.0154763
0.0157095
0.00376113
0.00388554
0.00407912
0.00430452
0.00565051
0.0132054
0.00785575
0.00581297
0.00501179
0.00459821
0.00428322
0.00403385
0.00385228
0.015816
0.0151892
0.0149102
0.0149412
0.0150749
0.0152964
0.0155784
0.00374273
0.00386056
0.00405352
0.00428529
0.00572889
0.0131021
0.00761566
0.00565112
0.00493097
0.00454494
0.00422861
0.00397707
0.00380173
0.0153635
0.0147346
0.0144874
0.0145855
0.0147745
0.0150806
0.0154356
0.00372461
0.0038376
0.00403019
0.00426857
0.00581103
0.0129951
0.00738464
0.00550754
0.00486505
0.00449905
0.00417677
0.00392278
0.00375483
0.0149382
0.0142856
0.0140481
0.0141778
0.014416
0.0148242
0.015276
0.0156875
0.00381855
0.00400955
0.00425449
0.00589677
0.012886
0.00715902
0.00537992
0.00481108
0.00445835
0.00412687
0.00387139
0.0155928
0.0145083
0.0138245
0.0135822
0.0137197
0.0140202
0.014544
0.0151053
0.0156111
0.00380278
0.00399137
0.00424248
0.00598541
0.0127727
0.00693663
0.00526707
0.00476718
0.00442195
0.00407924
0.00382521
0.015168
0.0140584
0.0133576
0.0131108
0.0132576
0.0136296
0.0142652
0.0149352
0.0155217
0.00378831
0.00397456
0.00423142
0.00607615
0.0126529
0.00671938
0.00516915
0.00473252
0.00438973
0.00403436
0.00378353
0.0147794
0.0136311
0.0129079
0.0126675
0.0128399
0.013275
0.0140036
0.0147705
0.0154259
0.00377376
0.00395794
0.00422052
0.00616854
0.0125263
0.00651176
0.00508656
0.00470637
0.00436128
0.00399203
0.00374637
0.0144123
0.0132208
0.0124746
0.0122524
0.0124681
0.0129533
0.0137585
0.0146092
0.0153251
0.0037584
0.00394112
0.00420975
0.00626275
0.0123948
0.00631743
0.00501874
0.00468741
0.00433562
0.00395161
0.00371277
0.0140617
0.0128272
0.0120547
0.0118428
0.0121043
0.0126401
0.0135216
0.014449
0.0152212
0.00374263
0.00392466
0.00419973
0.00635922
0.0122613
0.0061372
0.00496407
0.00467392
0.00431181
0.00391298
0.0154188
0.0137253
0.0124542
0.0116509
0.0114203
0.0117127
0.0123193
0.01329
0.0142923
0.0151194
0.00372759
0.00390945
0.00419106
0.00645816
0.0121272
0.00597008
0.00492065
0.00466451
0.00428975
0.00387839
0.0151062
0.0134046
0.0121133
0.0112764
0.0109981
0.0113008
0.0120005
0.01307
0.0141455
0.0150254
0.0157587
0.00389674
0.00418374
0.00655931
0.0119925
0.00581558
0.00488711
0.00465854
0.00427019
0.0038477
0.0148436
0.0131304
0.011819
0.0109487
0.010617
0.0109151
0.0117077
0.0128706
0.0140127
0.0149425
0.0157042
0.00388459
0.00417731
0.00666221
0.0118567
0.00567458
0.00486255
0.00465587
0.00425409
0.00382252
0.0146249
0.0129017
0.0115741
0.0106766
0.0103094
0.0105959
0.0114543
0.012693
0.0138919
0.0148647
0.0156515
0.00387374
0.00417135
0.00676661
0.0117195
0.00554834
0.00484606
0.00465629
0.00424185
0.00380295
0.0144474
0.0127155
0.0113755
0.0104576
0.0100712
0.0103404
0.0112315
0.0125301
0.0137772
0.0147887
0.0155999
0.00386309
0.00416585
0.00687254
0.0115813
0.00543734
0.00483637
0.0046592
0.00423317
0.00378822
0.0143057
0.012566
0.0112171
0.0102819
0.00986918
0.0101111
0.0110211
0.0123738
0.0136643
0.0147128
0.0155508
0.00385298
0.00416112
0.00698023
0.0114424
0.0053412
0.00483197
0.00466377
0.0042275
0.0037774
0.0141953
0.0124493
0.0110941
0.0101419
0.00968256
0.00988026
0.0108154
0.0122216
0.0135531
0.0146385
0.0155059
0.00384384
0.00415738
0.00708963
0.0113027
0.00525929
0.00483144
0.00466939
0.00422461
0.00376996
0.0141139
0.0123638
0.0110048
0.0100365
0.00952796
0.00966218
0.010624
0.012077
0.0134465
0.0145682
0.015466
0.00383562
0.00415436
0.00720025
0.0111623
0.00519119
0.00483383
0.00467602
0.0042248
0.00376563
0.0140611
0.0123087
0.0109473
0.00996558
0.00943016
0.00949315
0.0104597
0.0119435
0.0133456
0.0145019
0.0154289
0.00382773
0.00415141
0.00731134
0.0110216
0.00513653
0.00483869
0.004684
0.00422844
0.00376371
0.0140345
0.0122804
0.010916
0.00992156
0.00937715
0.00938278
0.0103211
0.0118194
0.0132482
0.0144368
0.0153913
0.00381948
0.00414801
0.00742242
0.0108814
0.00509436
0.00484573
0.00469356
0.00423541
0.00376238
0.0140286
0.0122714
0.0109012
0.0098896
0.00932053
0.00929233
0.0101915
0.011699
0.0131506
0.0143706
0.0153518
0.0038107
0.0041442
0.00753355
0.0107425
0.00506272
0.00485452
0.00470451
0.00424491
0.00375859
0.0140355
0.0122734
0.0108937
0.00985818
0.0092267
0.00916889
0.0100564
0.0115783
0.0130522
0.014304
0.0153116
0.00380184
0.00414047
0.00764529
0.0106052
0.00503902
0.00486445
0.00471626
0.00425588
0.0037484
0.0140487
0.0122814
0.0108904
0.00982845
0.00911648
0.00900369
0.0099197
0.01146
0.0129566
0.0142411
0.0152745
0.00379363
0.00413744
0.00775825
0.0104693
0.00502082
0.0048749
0.00472828
0.00426982
0.00375384
0.0140631
0.0122955
0.010894
0.00981145
0.00904737
0.00885051
0.00980016
0.0113504
0.0128689
0.0141858
0.0152433
0.00378652
0.00413544
0.00787267
0.0103344
0.00500645
0.00488558
0.00474036
0.00428152
0.00374541
0.0140902
0.0123171
0.0109071
0.00981528
0.00905769
0.00877449
0.00971253
0.0112535
0.0127912
0.0141391
0.0152183
0.0037804
0.00413432
0.00798829
0.0102004
0.00499492
0.00489644
0.00475262
0.00429538
0.00374932
0.0141195
0.0123448
0.0109274
0.00983424
0.00912679
0.008789
0.00965224
0.0111663
0.012721
0.0140988
0.0151969
0.00377476
0.00413364
0.0081045
0.0100674
0.00498532
0.00490757
0.00476518
0.0043098
0.00375602
0.0141532
0.0123738
0.0109466
0.00985144
0.0091885
0.00884066
0.00959655
0.0110807
0.0126534
0.0140609
0.015176
0.00376898
0.00413289
0.00822075
0.00993562
0.00497658
0.00491889
0.00477786
0.00432419
0.00376585
0.0141861
0.0123978
0.0109567
0.00985185
0.0091891
0.008852
0.00952181
0.0109891
0.0125845
0.0140225
0.0151535
0.00376264
0.00413177
0.00833671
0.00980499
0.00496764
0.00493015
0.00479034
0.00433837
0.00377947
0.0142144
0.0124134
0.0109552
0.00983369
0.00913203
0.0087852
0.00942113
0.0108898
0.0125139
0.0139832
0.0151289
0.00375568
0.00413022
0.00845234
0.00967515
0.00495812
0.00494123
0.00480246
0.00435214
0.00380199
0.0142391
0.0124222
0.0109458
0.00980665
0.00906613
0.00866937
0.00930705
0.0107869
0.012444
0.0139446
0.015105
0.0158673
0.00412725
0.00856791
0.00954584
0.00494862
0.00495242
0.0048146
0.00436357
0.00381532
0.0142667
0.0124273
0.0109334
0.00978133
0.00903976
0.00857163
0.00919918
0.0106869
0.0123785
0.0139083
0.01508
0.0158608
0.00412521
0.00868391
0.00941734
0.00494022
0.00496441
0.00482744
0.00437478
0.0038297
0.0142949
0.0124297
0.0109188
0.00975869
0.00905912
0.00853764
0.00910997
0.0105949
0.0123196
0.013875
0.0150551
0.0158447
0.00412319
0.00880043
0.00929053
0.00493352
0.00497778
0.00484142
0.00438571
0.00384358
0.0143223
0.0124267
0.0108976
0.00972948
0.00908392
0.00855769
0.00903874
0.0105128
0.0122679
0.0138448
0.0150304
0.0158231
0.00412129
0.00891761
0.00916634
0.00492789
0.00499258
0.00485632
0.00439736
0.00385197
0.0143418
0.0124133
0.0108641
0.00968287
0.0090654
0.00858446
0.00897752
0.0104409
0.0122231
0.0138168
0.0150057
0.0157995
0.00411959
0.00903548
0.00904503
0.00492183
0.0050082
0.00487131
0.00440805
0.0038578
0.0143502
0.0123867
0.0108161
0.00961595
0.00898742
0.00857635
0.0089206
0.0103787
0.0121845
0.0137906
0.0149807
0.0157756
0.00411816
0.00915388
0.00892594
0.00491405
0.00502376
0.00488556
0.0044172
0.00386081
0.0143465
0.0123478
0.0107568
0.0095359
0.00887231
0.00852786
0.00886778
0.0103264
0.0121515
0.0137652
0.014955
0.0157521
0.00411701
0.00927254
0.00880788
0.00490446
0.00503878
0.00489883
0.00442495
0.00386174
0.0143332
0.0123004
0.010692
0.00945349
0.00875645
0.00846456
0.0088226
0.0102839
0.0121227
0.0137396
0.0149281
0.0157291
0.00411614
0.00939126
0.00869002
0.00489442
0.00505347
0.00491159
0.00443192
0.00386173
0.0143138
0.0122483
0.0106264
0.00937606
0.00865831
0.00840898
0.00878618
0.0102495
0.0120961
0.0137123
0.0148992
0.0157064
0.00411554
0.00950978
0.00857243
0.00488581
0.00506859
0.0049246
0.00443879
0.00386139
0.0142902
0.0121931
0.0105616
0.0093047
0.0085701
0.00836123
0.00875511
0.01022
0.0120694
0.0136821
0.0148684
0.015684
0.00411529
0.00962788
0.00845597
0.00487987
0.00508478
0.0049383
0.00444572
0.00386071
0.0142617
0.0121345
0.0104975
0.00923738
0.00847549
0.00830631
0.0087245
0.0101925
0.0120406
0.0136486
0.0148357
0.0156618
0.00411545
0.00974538
0.00834163
0.00487657
0.00510213
0.00495244
0.00445227
0.00385926
0.0142271
0.0120726
0.0104353
0.00917345
0.00836952
0.00823361
0.00869182
0.010165
0.0120086
0.0136117
0.0148012
0.0156395
0.00411588
0.00986193
0.00822978
0.00487486
0.00512002
0.00496625
0.00445784
0.00385684
0.0141865
0.0120097
0.0103784
0.00911687
0.00826328
0.00815069
0.00865867
0.0101366
0.0119722
0.0135707
0.0147642
0.015616
0.00411636
0.00997708
0.00811997
0.00487358
0.00513757
0.00497899
0.00446214
0.00385374
0.0141429
0.0119505
0.0103323
0.00907389
0.00817369
0.00807611
0.00862831
0.0101062
0.0119303
0.0135242
0.0147237
0.0155905
0.0041167
0.0100904
0.00801126
0.00487227
0.00515413
0.00499046
0.00446561
0.00385086
0.0141012
0.0119003
0.010301
0.00904663
0.00810675
0.00802519
0.00860192
0.0100708
0.0118803
0.0134708
0.0146784
0.0155618
0.0041168
0.010202
0.0079028
0.00487144
0.00516966
0.00500107
0.00446903
0.00384915
0.0140655
0.0118621
0.0102845
0.00903033
0.00804753
0.00799568
0.00857458
0.010026
0.0118191
0.0134092
0.0146283
0.0155303
0.00411676
0.0103121
0.00779437
0.00487203
0.00518467
0.00501151
0.00447304
0.003849
0.0140371
0.0118349
0.0102778
0.00901412
0.00796531
0.0079676
0.00853622
0.00996682
0.0117455
0.0133395
0.0145742
0.0154976
0.00411697
0.0104217
0.0076863
0.00487464
0.00519972
0.0050222
0.00447767
0.00385004
0.0140139
0.0118148
0.0102736
0.00898765
0.00782941
0.00791277
0.00847958
0.00989175
0.0116606
0.0132636
0.0145184
0.0154654
0.00411784
0.0105315
0.00757927
0.00487877
0.005215
0.00503279
0.00448199
0.00385105
0.0139921
0.0117975
0.0102653
0.00894588
0.00762059
0.00777952
0.00840439
0.00980463
0.0115688
0.0131857
0.0144637
0.0154355
0.00411959
0.0106416
)
;

boundaryField
{
    wall
    {
        type            compressible::alphatJayatillekeWallFunction;
        Prt             0.85;
        value           uniform 0;
    }
    inlet
    {
        type            calculated;
        value           uniform 0.189515;
    }
    outlet
    {
        type            calculated;
        value           nonuniform List<scalar> 
20
(
0.0586976
0.0526579
8.06525
8.06525
8.06525
8.06525
8.06525
8.06525
8.06525
8.06525
8.06525
8.06525
0.059672
0.0566629
0.0535127
0.0525554
0.0523015
0.051012
0.0479723
0.0712096
)
;
    }
    heatWall
    {
        type            compressible::alphatJayatillekeWallFunction;
        Prt             0.85;
        value           nonuniform List<scalar> 
840
(
0.000158559
0.000157382
0.000156225
0.000155091
0.00015398
0.000152882
0.000151809
0.000150771
0.000149772
0.000148807
0.000147867
0.000146934
0.00014599
0.000145018
0.000144004
0.000142945
0.000141844
0.000140718
0.00013959
0.000138485
0.000137425
0.000136137
0.000134921
0.000133787
0.000132729
0.000131724
0.000130746
0.000129767
0.000128751
0.000127684
0.000126573
0.000125433
0.000124285
0.000123152
0.000122051
0.000120999
0.000120001
0.000119057
0.000118159
0.000117296
0.000116454
0.000115624
0.000114798
0.000113972
0.000113144
0.000112318
0.000111497
0.000110683
0.000109879
0.000109074
0.000412298
0.000419633
0.000426519
0.000433659
0.000441041
0.000448573
0.000456119
0.000463657
0.000471167
0.000478626
0.000486019
0.000493336
0.000500573
0.000507724
0.000514782
0.000521739
0.000528582
0.000535302
0.000541886
0.000548327
0.00055462
0.000560758
0.000566737
0.000572553
0.000578205
0.000583689
0.000588999
0.000594129
0.00059907
0.000603814
0.000608352
0.000612673
0.000616768
0.000620619
0.000624204
0.000627492
0.000630447
0.000633022
0.000635166
0.000636824
0.000637919
0.00063836
0.000638034
0.000636785
0.000634401
0.000630609
0.000625039
0.000617165
0.000606243
0.000591203
0.000570341
0.000540787
0.00049809
0.000449168
0.000368224
0.000153972
3.8141e-05
2.19082e-05
1.55366e-05
1.69096e-05
1.8806e-05
2.05381e-05
2.20332e-05
2.33243e-05
2.44857e-05
2.55607e-05
2.66038e-05
2.76593e-05
2.8724e-05
2.9789e-05
3.08327e-05
3.18287e-05
3.27745e-05
3.36869e-05
3.45969e-05
3.55355e-05
3.65145e-05
3.75218e-05
3.85254e-05
3.94839e-05
4.03701e-05
4.11828e-05
4.19364e-05
4.26545e-05
4.33691e-05
4.41048e-05
4.48604e-05
4.56194e-05
4.63693e-05
4.71075e-05
4.78364e-05
4.85624e-05
4.93012e-05
5.00703e-05
5.08773e-05
5.17213e-05
5.26055e-05
5.35506e-05
5.45808e-05
5.57137e-05
5.69586e-05
5.83173e-05
5.97634e-05
6.12412e-05
6.26811e-05
6.402e-05
6.52184e-05
6.62658e-05
6.71812e-05
6.80065e-05
6.87946e-05
6.95916e-05
7.04441e-05
7.13955e-05
7.24644e-05
7.36205e-05
7.49078e-05
7.64398e-05
7.8416e-05
8.08319e-05
7.98531e-05
7.9658e-05
7.97136e-05
8.01838e-05
8.06623e-05
8.11351e-05
8.16054e-05
8.20811e-05
8.25737e-05
8.30923e-05
8.36407e-05
8.42159e-05
8.48113e-05
8.54239e-05
8.60537e-05
8.66965e-05
8.73536e-05
8.80316e-05
8.87382e-05
8.94768e-05
9.02459e-05
9.10393e-05
9.18572e-05
9.2699e-05
9.35609e-05
9.44396e-05
9.53345e-05
9.62483e-05
9.7182e-05
9.81344e-05
9.91001e-05
0.000100073
0.000101047
0.00010202
0.000102992
0.000103963
0.000104937
0.000105917
0.000106902
0.000107885
0.00138847
0.00133833
0.00135822
0.0013581
0.00135226
0.00134443
0.00133551
0.00132593
0.00131611
0.00130678
0.00130071
0.00129725
0.00129437
0.00128968
0.00128232
0.0012737
0.00126527
0.00125692
0.00124864
0.00124041
0.00123223
0.00122411
0.00121608
0.00120816
0.00120037
0.00119274
0.00118529
0.00117805
0.00117101
0.00116417
0.00115754
0.00115111
0.00114487
0.00113883
0.00113297
0.0011273
0.00112181
0.00111647
0.00111128
0.00110622
0.00110127
0.0010965
0.00109193
0.00108749
0.00108315
0.00107883
0.00107448
0.00107005
0.00106549
0.00106071
0.00105565
0.00105024
0.00104439
0.00103803
0.00103106
0.00102336
0.00101485
0.00100541
0.00099492
0.000983244
0.000970253
0.000955803
0.000939731
0.000921863
0.000902012
0.000879983
0.000855573
0.000828568
0.000798754
0.000765926
0.000729898
0.000690539
0.000647818
0.000601871
0.000553075
0.000502143
0.000450223
0.000398981
0.000350547
0.000307254
0.000271089
0.00024303
0.00022267
0.000208465
0.000198481
0.000191054
0.000185054
0.000179814
0.000174967
0.00017031
0.000165736
0.000161213
0.000156791
0.000152598
0.00014878
0.000145122
0.000139772
0.000138002
0.000137894
0.000138642
0.000139928
0.00014158
0.00014349
0.000145589
0.000147844
0.000150239
0.00015277
0.000155436
0.00015824
0.000161185
0.000164271
0.000167497
0.000170863
0.000174364
0.000178
0.000181768
0.00018566
0.000189662
0.00019376
0.000197946
0.000202216
0.000206573
0.000211015
0.000215535
0.000220124
0.000224776
0.000229491
0.00023427
0.000239113
0.000244014
0.000248962
0.000253951
0.00025898
0.000264052
0.000269173
0.000274343
0.000279557
0.000284809
0.000290093
0.000295408
0.000300756
0.000306137
0.000311555
0.000317008
0.000322488
0.000327986
0.000333493
0.000338997
0.000344492
0.000349974
0.000355446
0.000360913
0.000366381
0.00037186
0.000377362
0.000382903
0.000388506
0.000394195
0.000399983
0.00040585
0.00261514
0.00258227
0.00255081
0.00251734
0.00248281
0.00244864
0.00241581
0.00238495
0.00235664
0.00233133
0.00230942
0.0022911
0.00227624
0.00226438
0.00225504
0.00224836
0.0022452
0.00224677
0.00225326
0.00226121
0.00226534
0.00226608
0.00226637
0.00226704
0.00226809
0.00226932
0.00227053
0.0022716
0.00227241
0.00227289
0.00227296
0.00227257
0.00227164
0.00227009
0.00226777
0.00226449
0.00226003
0.00225418
0.00224596
0.00223404
0.00221699
0.00219319
0.00216071
0.00211728
0.0020605
0.00198789
0.00189689
0.00178501
0.00165131
0.00150777
0.000255106
0.000250068
0.000245076
0.000240119
0.000235187
0.000230276
0.000225406
0.000220592
0.00021583
0.000211111
0.000206424
0.000201758
0.000197104
0.000192456
0.000187807
0.000183149
0.000178472
0.000173763
0.00016901
0.000164202
0.000159331
0.000154388
0.000149371
0.000144273
0.000139089
0.000133812
0.000128435
0.000122951
0.000117354
0.000111639
0.000105802
9.9836e-05
9.37386e-05
8.75113e-05
8.1171e-05
7.47653e-05
6.81566e-05
6.54714e-05
6.31236e-05
6.08274e-05
5.85112e-05
5.61981e-05
5.39371e-05
5.18013e-05
4.9891e-05
4.83423e-05
4.73803e-05
4.71604e-05
4.77866e-05
4.92821e-05
5.15791e-05
5.45145e-05
5.78928e-05
6.15429e-05
6.53475e-05
6.92374e-05
7.31781e-05
7.71489e-05
8.11488e-05
8.2404e-05
8.3538e-05
8.45215e-05
8.53855e-05
8.61471e-05
8.68097e-05
8.73896e-05
8.79015e-05
8.83704e-05
8.88237e-05
8.92457e-05
8.96282e-05
8.99694e-05
9.02771e-05
9.05451e-05
9.08419e-05
9.1136e-05
9.14768e-05
9.18056e-05
9.20984e-05
9.23058e-05
9.24418e-05
9.25323e-05
9.26501e-05
9.28477e-05
9.31318e-05
9.3459e-05
9.37645e-05
9.40122e-05
9.41228e-05
9.41182e-05
9.41077e-05
9.41653e-05
9.43595e-05
9.47096e-05
9.51656e-05
9.56343e-05
9.60265e-05
9.62753e-05
9.63632e-05
9.63503e-05
9.63171e-05
9.63404e-05
9.64646e-05
9.66963e-05
9.70025e-05
9.73605e-05
9.77196e-05
9.8042e-05
9.82996e-05
9.84971e-05
9.86691e-05
9.88434e-05
9.90281e-05
9.92283e-05
9.94432e-05
9.96551e-05
9.98448e-05
0.000100009
0.000100158
0.000100304
0.000100469
0.000100674
0.000100928
0.000101228
0.000101561
0.000101904
0.000102227
0.000102508
0.000102742
0.000102939
0.000103111
0.000103275
0.000103451
0.000103653
0.000103879
0.000104114
0.000104343
0.000104547
0.000104716
0.000104847
0.000104956
0.000105067
0.000105195
0.000105352
0.000105537
0.000105757
0.000106001
0.000106255
0.000106506
0.000106749
0.000106981
0.000107209
0.000107443
0.000107711
0.00010802
0.000108372
0.00010877
0.000109215
0.000109713
0.000110273
0.000158548
0.00015717
0.00015592
0.00015483
0.000153842
0.000152913
0.00015202
0.000151142
0.000150256
0.000149341
0.000148379
0.000147356
0.000146266
0.000145112
0.000143908
0.000142673
0.000141438
0.000140233
0.000139088
0.000138026
0.000137065
0.000135915
0.000134844
0.000133843
0.000132878
0.000131927
0.000130951
0.000129921
0.00012882
0.000127648
0.000126422
0.000125179
0.000123944
0.000122753
0.000121639
0.000120618
0.000119693
0.000118852
0.000118074
0.000117332
0.000116602
0.000115861
0.000115096
0.000114322
0.000113562
0.000112839
0.000112167
0.000111548
0.000110954
0.000110328
0.00313454
0.003104
0.0030731
0.00304113
0.00300798
0.00297365
0.00293828
0.00290209
0.00286537
0.00282845
0.00279166
0.00275531
0.00271968
0.00268501
0.00265149
0.00261925
0.00258837
0.00255889
0.00253078
0.00250399
0.00247843
0.00245398
0.00243048
0.00240777
0.00238567
0.00236403
0.00234265
0.00232138
0.00230006
0.00227857
0.00225677
0.00223457
0.00221188
0.00218864
0.00216481
0.00214039
0.0021154
0.00208992
0.00206404
0.00203789
0.00201161
0.00198535
0.00195923
0.00193342
0.00190805
0.00188325
0.00185916
0.00183588
0.00181348
0.00179196
0.00177444
0.00175368
0.00173206
0.00170942
0.00168557
0.00166043
0.00163403
0.00160655
0.00157821
0.00154892
0.0015176
0.00147986
0.00141415
0.00127258
0.00119376
0.00116522
0.00115738
0.0011595
0.00116716
0.0011783
0.00119193
0.00120741
0.00122448
0.00124296
0.00126278
0.00128395
0.00130654
0.00133067
0.00135645
0.00138405
0.00141364
0.00144542
0.0014796
0.00151635
0.00155589
0.00159842
0.00164413
0.00169321
0.00174578
0.00180188
0.00186127
0.00192318
0.00198633
0.00205048
0.00211535
0.00218064
0.00224609
0.00231143
0.00237636
0.00244061
0.00250392
0.00256607
0.00262683
0.00268595
0.00274325
0.00279853
0.00285165
0.00290244
0.00295074
0.00299642
0.00303935
0.00307941
0.00311648
0.00315043
0.00318117
0.00320859
0.00323257
0.00325295
0.00326958
0.00328229
0.00329092
0.0032952
0.00329477
0.0032893
0.00327848
0.00326188
0.00323887
0.00320873
0.00317068
0.00312385
0.00306712
0.0029991
0.00291808
0.00282182
0.00270724
0.00257001
0.00240313
0.00219109
0.00188179
0.00147514
0.000658665
0.000602797
0.000664492
0.000618075
0.00048377
0.000368586
0.000323173
0.000335039
0.000455351
0.000492416
0.000513578
0.000527452
0.000536766
0.000542877
0.000546705
0.000548879
0.000549784
0.000549624
0.00054853
0.000546644
0.000544126
0.000541109
0.000537656
0.000533794
0.000529552
0.000524992
0.000520183
0.00051516
0.000509921
0.000504455
0.000498772
0.000492913
0.000486924
0.000480834
0.000474656
0.000468391
0.000462047
0.000455631
0.000449152
0.000442615
0.00043603
0.000429409
0.000422775
0.000416146
0.000409539
0.000402961
0.000396413
0.0003899
0.000383427
0.000376996
0.000370609
0.000364262
0.000357951
0.000351682
0.000345467
0.00033932
0.000333248
0.000327246
0.000321302
0.00031541
0.000309573
0.000303802
0.00029811
0.000292503
0.000286973
0.000281511
0.000276103
0.000270747
0.000265445
0.000260203
)
;
    }
}


// ************************************************************************* //
