/*--------------------------------*- C++ -*----------------------------------*\
  =========                 |
  \\      /  F ield         | OpenFOAM: The Open Source CFD Toolbox
   \\    /   O peration     | Website:  https://openfoam.org
    \\  /    A nd           | Version:  8
     \\/     M anipulation  |
\*---------------------------------------------------------------------------*/
FoamFile
{
    version     2.0;
    format      ascii;
    class       volScalarField;
    location    "500";
    object      T;
}
// * * * * * * * * * * * * * * * * * * * * * * * * * * * * * * * * * * * * * //

dimensions      [0 0 0 1 0 0 0];

internalField   nonuniform List<scalar> 
8400
(
299.068
299.083
299.107
299.14
299.178
299.218
299.257
299.293
299.326
299.356
299.38
299.4
299.414
299.421
299.422
299.416
299.402
299.379
299.347
299.307
299.264
299.229
299.205
299.19
299.184
299.185
299.191
299.203
299.22
299.241
299.265
299.292
299.322
299.354
299.389
299.426
299.465
299.507
299.551
299.592
299.627
299.653
299.669
299.674
299.67
299.656
299.632
299.599
299.556
299.507
299.726
299.7
299.703
299.721
299.742
299.762
299.779
299.791
299.801
299.807
299.81
299.811
299.808
299.802
299.793
299.779
299.76
299.731
299.69
299.637
299.577
299.522
299.476
299.44
299.416
299.404
299.402
299.411
299.428
299.452
299.482
299.518
299.559
299.604
299.654
299.708
299.762
299.815
299.859
299.893
299.917
299.933
299.942
299.946
299.945
299.937
299.922
299.893
299.847
299.775
300
299.999
299.999
299.998
299.998
299.998
299.997
299.997
299.997
299.996
299.996
299.995
299.992
299.989
299.984
299.977
299.966
299.939
299.842
299.763
299.699
299.651
299.612
299.58
299.556
299.543
299.541
299.549
299.568
299.594
299.627
299.666
299.71
299.76
299.814
299.869
299.919
299.954
299.973
299.983
299.989
299.994
299.999
300.005
300.01
300.015
300.019
300.022
300.02
300.011
300.003
300.003
300.003
300.002
300.002
300.002
300.002
300.003
300.004
300.005
300.006
300.006
300.006
300.006
300.006
300.005
300.003
300
299.994
299.984
299.97
299.952
299.93
299.905
299.877
299.847
299.817
299.787
299.756
299.723
299.688
299.691
299.723
299.769
299.822
299.879
299.92
299.939
299.951
299.961
299.971
299.98
299.99
299.999
300.008
300.015
300.021
300.025
300.029
300.031
300.003
300.004
300.004
300.005
300.007
300.01
300.013
300.016
300.019
300.022
300.024
300.026
300.027
300.029
300.03
300.03
300.031
300.031
300.031
300.03
300.028
300.026
300.021
300.016
300.009
300.001
299.992
299.982
299.971
299.959
299.946
299.935
299.927
299.922
299.921
299.923
299.927
299.936
299.946
299.958
299.971
299.982
299.993
300.002
300.01
300.017
300.022
300.026
300.03
300.032
300
300
299.999
299.999
299.999
299.999
299.998
299.997
299.996
299.995
299.994
299.993
299.993
299.993
299.994
299.996
299.998
300
300.002
300.004
300.006
300.008
300.01
300.011
300.012
300.012
300.011
300.01
300.009
300.006
300.004
300.001
299.998
299.996
299.995
299.995
299.997
299.999
300.002
300.005
300.009
300.013
300.016
300.02
300.024
300.027
300.029
300.032
300.034
300.036
300.002
300.002
300.002
300.002
300.002
300.002
300.002
300.002
300.002
300.002
300.002
300.002
300.001
300.001
300.001
300
300
300
300
300
300.001
300.002
300.003
300.005
300.006
300.007
300.008
300.009
300.01
300.01
300.01
300.01
300.01
300.01
300.011
300.011
300.012
300.012
300.013
300.015
300.016
300.018
300.02
300.021
300.023
300.025
300.027
300.029
300.031
300.033
300.001
300.001
300.001
300.001
300.001
300.001
300.001
300.001
300.001
300.001
300.001
300.001
300.001
300.001
300.001
300
300
300
300
300
300.001
300.001
300.002
300.002
300.003
300.004
300.005
300.006
300.006
300.007
300.008
300.008
300.009
300.01
300.01
300.011
300.011
300.012
300.012
300.013
300.014
300.015
300.016
300.018
300.02
300.021
300.023
300.025
300.027
300.029
300.001
300.001
300.001
300.001
300.001
300.001
300.001
300.001
300.001
300.001
300.001
300.001
300.001
300.001
300.001
300.001
300
300
300
300
300.001
300.001
300.001
300.001
300.002
300.002
300.003
300.004
300.004
300.005
300.005
300.006
300.006
300.007
300.007
300.008
300.009
300.009
300.01
300.01
300.011
300.012
300.013
300.015
300.016
300.018
300.02
300.022
300.024
300.026
300.001
300.001
300.001
300.001
300.001
300.001
300.001
300.001
300.001
300.001
300.001
300.001
300.001
300.001
300.001
300
300
300
300
300
300
300.001
300.001
300.001
300.001
300.002
300.002
300.002
300.003
300.003
300.004
300.004
300.005
300.005
300.005
300.006
300.006
300.007
300.008
300.008
300.009
300.01
300.011
300.013
300.014
300.016
300.018
300.021
300.023
300.024
300
300
300.001
300.001
300
300
300
300
300
300
300
300
300
300
300
300
300
300
300
300
300
300
300.001
300.001
300.001
300.001
300.002
300.002
300.002
300.003
300.003
300.003
300.004
300.004
300.004
300.005
300.005
300.006
300.006
300.007
300.008
300.009
300.01
300.012
300.014
300.016
300.018
300.02
300.021
300.022
300
300
300
300
300
300
300
300
300.001
300.001
300.001
300.001
300.001
300.001
300.001
300.001
300.001
300.001
300.001
300.001
300.001
300.001
300.001
300.001
300.001
300.001
300.002
300.002
300.002
300.002
300.003
300.003
300.003
300.003
300.004
300.004
300.005
300.005
300.006
300.007
300.008
300.009
300.01
300.012
300.014
300.016
300.018
300.02
300.021
300.02
300
300
300
300
300
300
300
300.001
300.001
300.001
300.001
300.001
300.001
300.001
300.001
300.001
300.002
300.002
300.002
300.002
300.002
300.002
300.002
300.002
300.002
300.002
300.002
300.002
300.002
300.002
300.003
300.003
300.003
300.003
300.004
300.004
300.004
300.005
300.006
300.006
300.008
300.01
300.013
300.015
300.016
300.017
300.016
300.015
300.012
300.008
300.001
300.001
300.001
300.001
300.001
300.002
300.002
300.002
300.002
300.003
300.003
300.003
300.003
300.003
300.003
300.003
300.003
300.003
300.003
300.003
300.003
300.003
300.003
300.003
300.003
300.003
300.003
300.003
300.003
300.003
300.003
300.003
300.004
300.004
300.005
300.006
300.007
300.008
300.009
300.01
300.011
300.011
300.011
300.01
300.007
300.003
299.998
299.992
299.986
299.978
300.004
300.004
300.004
300.005
300.005
300.005
300.006
300.006
300.006
300.007
300.007
300.007
300.007
300.007
300.007
300.007
300.007
300.006
300.006
300.006
300.006
300.006
300.005
300.005
300.005
300.005
300.005
300.005
300.005
300.005
300.005
300.005
300.005
300.006
300.006
300.006
300.006
300.005
300.004
300.002
299.999
299.995
299.989
299.983
299.976
299.968
299.96
299.952
299.944
299.936
300.008
300.008
300.009
300.009
300.009
300.009
300.01
300.01
300.009
300.009
300.009
300.008
300.008
300.007
300.007
300.006
300.006
300.005
300.005
300.004
300.004
300.003
300.003
300.002
300.002
300.001
300.001
300
300
299.999
299.998
299.997
299.996
299.995
299.993
299.991
299.987
299.983
299.978
299.972
299.965
299.958
299.949
299.941
299.932
299.923
299.915
299.908
299.901
299.895
300.011
300.01
300.011
300.01
300.01
300.009
300.009
300.008
300.007
300.006
300.005
300.003
300.002
300.001
299.999
299.998
299.996
299.995
299.994
299.992
299.991
299.99
299.988
299.987
299.986
299.984
299.982
299.981
299.979
299.977
299.975
299.972
299.969
299.965
299.961
299.957
299.951
299.945
299.938
299.931
299.924
299.916
299.908
299.901
299.894
299.887
299.882
299.877
299.873
299.87
300.009
300.007
300.007
300.006
300.004
300.003
300.001
299.999
299.998
299.996
299.994
299.992
299.99
299.988
299.986
299.983
299.981
299.979
299.977
299.974
299.972
299.97
299.967
299.965
299.962
299.959
299.956
299.953
299.95
299.947
299.943
299.939
299.935
299.931
299.926
299.921
299.916
299.911
299.905
299.899
299.894
299.889
299.884
299.88
299.876
299.873
299.87
299.868
299.867
299.865
299.999
299.997
299.995
299.993
299.991
299.989
299.987
299.985
299.983
299.981
299.979
299.976
299.974
299.972
299.97
299.967
299.965
299.963
299.96
299.957
299.955
299.952
299.949
299.946
299.943
299.939
299.936
299.933
299.929
299.926
299.922
299.918
299.915
299.911
299.907
299.904
299.9
299.897
299.894
299.891
299.888
299.886
299.884
299.882
299.881
299.88
299.88
299.879
299.879
299.879
299.974
299.971
299.969
299.967
299.965
299.963
299.961
299.96
299.958
299.956
299.955
299.953
299.951
299.95
299.948
299.947
299.945
299.943
299.942
299.94
299.938
299.936
299.933
299.931
299.929
299.926
299.924
299.921
299.919
299.916
299.914
299.912
299.909
299.907
299.906
299.904
299.903
299.901
299.9
299.899
299.899
299.898
299.898
299.898
299.899
299.899
299.899
299.899
299.9
299.9
303.147
303.142
303.137
303.132
303.127
303.123
303.118
303.113
303.109
303.104
303.1
303.095
303.091
303.086
303.082
303.077
303.073
303.069
303.064
303.06
303.056
303.052
303.048
303.045
303.041
303.038
303.035
303.031
303.028
303.025
303.022
303.018
303.015
303.012
303.009
303.006
303.003
303
302.997
302.994
302.991
302.989
302.986
302.983
302.98
302.978
302.976
302.974
302.972
302.97
303.15
303.15
303.15
303.15
303.15
303.149
303.149
303.149
303.148
303.148
303.148
303.147
303.147
303.146
303.146
303.145
303.145
303.144
303.143
303.143
303.142
303.141
303.14
303.139
303.138
303.136
303.135
303.134
303.133
303.131
303.13
303.129
303.128
303.126
303.125
303.124
303.123
303.121
303.12
303.119
303.118
303.117
303.116
303.115
303.114
303.113
303.112
303.111
303.11
303.109
303.15
303.15
303.15
303.15
303.15
303.15
303.15
303.15
303.15
303.15
303.15
303.15
303.15
303.15
303.15
303.15
303.15
303.15
303.15
303.15
303.15
303.149
303.149
303.149
303.149
303.149
303.148
303.148
303.148
303.148
303.147
303.147
303.147
303.146
303.146
303.146
303.145
303.145
303.145
303.144
303.144
303.143
303.143
303.143
303.142
303.142
303.142
303.141
303.141
303.141
303.15
303.15
303.15
303.15
303.15
303.15
303.15
303.15
303.15
303.15
303.15
303.15
303.15
303.15
303.15
303.15
303.15
303.15
303.15
303.15
303.15
303.15
303.15
303.15
303.15
303.15
303.15
303.15
303.15
303.15
303.15
303.15
303.15
303.15
303.149
303.149
303.149
303.149
303.149
303.149
303.149
303.149
303.149
303.149
303.149
303.149
303.149
303.149
303.148
303.148
303.15
303.15
303.15
303.15
303.15
303.15
303.15
303.15
303.15
303.15
303.15
303.15
303.15
303.15
303.15
303.15
303.15
303.15
303.15
303.15
303.15
303.15
303.15
303.15
303.15
303.15
303.15
303.15
303.15
303.15
303.15
303.15
303.15
303.15
303.15
303.15
303.15
303.15
303.15
303.15
303.15
303.15
303.15
303.15
303.15
303.15
303.15
303.15
303.15
303.15
303.15
303.15
303.15
303.15
303.15
303.15
303.15
303.15
303.15
303.15
303.15
303.15
303.15
303.15
303.15
303.15
303.15
303.15
303.15
303.15
303.15
303.15
303.15
303.15
303.15
303.15
303.15
303.15
303.15
303.15
303.15
303.15
303.15
303.15
303.15
303.15
303.15
303.15
303.15
303.15
303.15
303.15
303.15
303.15
303.15
303.15
303.15
303.15
303.15
303.15
303.15
303.15
303.15
303.15
303.15
303.15
303.15
303.15
303.15
303.15
303.15
303.15
303.15
303.15
303.15
303.15
303.15
303.15
303.15
303.15
303.15
303.15
303.15
303.15
303.15
303.15
303.15
303.15
303.15
303.15
303.15
303.15
303.15
303.15
303.15
303.15
303.15
303.15
303.15
303.15
303.15
303.15
303.15
303.15
303.15
303.15
303.15
303.15
303.15
303.15
303.15
303.15
303.15
303.15
303.15
303.15
303.15
303.15
303.15
303.15
303.15
303.15
303.15
303.15
303.15
303.15
303.15
303.15
303.15
303.15
303.15
303.15
303.15
303.15
303.15
303.15
303.15
303.15
303.15
303.15
303.15
303.15
303.15
303.15
303.15
303.15
303.15
303.15
303.15
303.15
303.15
303.15
303.15
303.15
303.15
303.15
303.15
303.15
303.15
303.15
303.15
303.15
303.15
303.15
303.15
303.15
303.15
303.15
303.15
303.15
303.15
303.15
303.15
303.15
303.15
303.15
303.15
303.15
303.15
303.15
303.15
303.15
303.15
303.15
303.15
303.15
303.15
303.15
303.15
303.15
303.15
303.15
303.15
303.15
303.15
303.15
303.15
303.15
303.15
303.15
303.15
303.15
303.15
303.15
303.15
303.15
303.15
303.15
303.15
303.15
303.15
303.15
303.15
303.15
303.15
303.15
303.15
303.15
303.15
303.15
303.15
303.15
303.15
303.15
303.15
303.15
303.15
303.15
303.15
303.15
303.15
303.15
303.15
303.15
303.15
303.15
303.15
303.15
303.15
303.15
303.15
303.15
303.15
303.15
303.15
303.15
303.15
303.15
303.15
303.15
303.15
303.15
303.15
303.15
303.15
303.15
303.15
303.15
303.15
303.15
303.15
303.15
303.15
303.15
303.15
303.15
303.15
303.15
303.15
303.15
303.15
303.15
303.15
303.15
303.15
303.15
303.15
303.15
303.15
303.15
303.15
303.15
303.15
303.15
303.15
303.15
303.15
303.15
303.15
303.15
303.15
303.15
303.15
303.15
303.15
303.15
303.15
303.15
303.15
303.15
303.15
303.15
303.15
303.15
303.15
303.15
303.15
303.15
303.15
303.15
303.15
303.15
303.15
303.15
303.15
303.15
303.15
303.15
303.15
303.15
303.15
303.15
303.15
303.15
303.15
303.15
303.15
303.15
303.15
303.15
303.15
303.15
303.15
303.15
303.15
303.15
303.15
303.15
303.15
303.15
303.15
303.15
303.15
303.15
303.15
303.15
303.15
303.15
303.15
303.15
303.15
303.15
303.15
303.15
303.15
303.15
303.15
303.15
303.15
303.15
303.15
303.15
303.15
303.15
303.15
303.15
303.15
303.15
303.15
303.15
303.15
303.15
303.15
303.15
303.15
303.15
303.15
303.15
303.15
303.15
303.15
303.15
303.15
303.15
303.15
303.15
303.15
303.15
303.15
303.15
303.15
303.15
303.15
303.15
303.15
303.15
303.15
303.15
303.15
303.15
303.15
303.15
303.15
303.15
303.15
303.15
303.15
303.15
303.15
303.15
303.15
303.15
303.15
303.15
303.15
303.15
303.15
303.15
303.15
303.15
303.15
303.15
303.15
303.15
303.15
303.15
303.15
303.15
303.15
303.15
303.15
303.15
303.15
303.15
303.15
303.15
303.15
303.15
303.15
303.15
303.15
303.15
303.15
303.15
303.15
303.15
303.15
303.15
303.15
303.15
303.15
303.15
303.15
303.15
303.15
303.15
303.15
303.15
303.15
303.15
303.15
303.15
303.15
303.15
303.15
303.15
303.15
303.15
303.15
303.15
303.15
303.15
303.15
303.15
303.15
303.15
303.15
303.15
303.15
303.15
303.15
303.15
303.15
303.15
303.15
303.15
303.15
303.15
303.15
303.15
303.15
303.15
303.15
303.15
303.15
303.15
303.15
303.15
303.15
303.15
303.15
303.15
303.15
303.15
303.15
303.15
303.15
303.15
303.15
303.15
303.15
303.15
303.15
303.15
303.15
303.15
303.15
303.15
303.15
303.15
303.15
303.15
303.15
303.15
303.15
303.15
303.15
303.15
303.15
303.15
303.15
303.15
303.15
303.15
303.15
303.15
303.15
303.15
303.15
303.15
303.15
303.15
303.15
303.15
303.15
303.15
303.15
303.15
303.15
303.15
303.15
303.15
303.15
303.15
303.15
303.15
303.15
303.15
303.149
303.149
303.15
303.15
303.15
303.15
303.15
303.15
303.15
303.15
303.15
303.15
303.15
303.15
303.15
303.15
303.15
303.15
303.15
303.15
303.15
303.15
303.15
303.15
303.15
303.15
303.15
303.15
303.15
303.15
303.15
303.15
303.15
303.15
303.15
303.15
303.149
303.149
303.149
303.149
303.149
303.149
303.149
303.149
303.149
303.148
303.148
303.148
303.148
303.148
303.147
303.147
303.15
303.15
303.15
303.15
303.15
303.15
303.15
303.15
303.15
303.15
303.15
303.15
303.15
303.15
303.15
303.15
303.15
303.15
303.15
303.15
303.149
303.149
303.149
303.149
303.149
303.149
303.148
303.148
303.148
303.147
303.147
303.147
303.146
303.146
303.146
303.145
303.145
303.144
303.144
303.143
303.143
303.142
303.142
303.141
303.14
303.14
303.139
303.138
303.137
303.136
303.15
303.15
303.15
303.15
303.15
303.149
303.149
303.149
303.148
303.148
303.148
303.147
303.147
303.146
303.146
303.145
303.145
303.144
303.143
303.143
303.142
303.141
303.14
303.139
303.137
303.136
303.135
303.134
303.133
303.131
303.13
303.129
303.127
303.126
303.125
303.123
303.122
303.12
303.119
303.117
303.116
303.114
303.113
303.111
303.109
303.108
303.106
303.104
303.102
303.099
303.147
303.142
303.137
303.132
303.127
303.123
303.118
303.113
303.109
303.104
303.1
303.095
303.091
303.086
303.082
303.077
303.073
303.069
303.064
303.06
303.056
303.052
303.049
303.045
303.041
303.038
303.034
303.031
303.028
303.024
303.021
303.018
303.015
303.012
303.009
303.006
303.003
303
302.997
302.994
302.991
302.988
302.985
302.982
302.979
302.976
302.974
302.971
302.968
302.965
300.73
297.942
295.83
294.713
294.165
293.817
293.537
293.33
293.209
293.162
293.149
293.151
293.156
293.16
293.188
293.313
293.624
294.212
295.187
296.383
300.751
297.968
295.857
294.734
294.178
293.82
293.535
293.326
293.209
293.162
293.149
293.149
293.154
293.158
293.189
293.323
293.652
294.267
295.284
296.513
300.771
297.994
295.884
294.755
294.19
293.823
293.532
293.324
293.209
293.163
293.149
293.149
293.153
293.157
293.19
293.332
293.673
294.307
295.352
296.601
300.79
298.019
295.911
294.776
294.202
293.826
293.531
293.323
293.21
293.164
293.149
293.148
293.152
293.156
293.193
293.341
293.696
294.35
295.424
296.689
300.808
298.043
295.939
294.798
294.214
293.829
293.529
293.321
293.211
293.165
293.149
293.148
293.152
293.155
293.195
293.353
293.722
294.396
295.498
296.776
300.825
298.068
295.966
294.819
294.225
293.832
293.527
293.321
293.212
293.167
293.15
293.147
293.151
293.155
293.199
293.366
293.75
294.444
295.575
296.862
300.841
298.094
295.993
294.84
294.236
293.834
293.526
293.32
293.213
293.168
293.15
293.147
293.151
293.155
293.204
293.381
293.781
294.495
295.653
296.945
300.858
298.12
296.02
294.86
294.246
293.836
293.525
293.32
293.216
293.17
293.151
293.147
293.151
293.157
293.211
293.4
293.814
294.548
295.73
297.025
300.874
298.146
296.048
294.881
294.257
293.838
293.524
293.321
293.218
293.173
293.152
293.148
293.151
293.159
293.221
293.42
293.85
294.602
295.807
297.103
300.89
298.172
296.075
294.901
294.267
293.84
293.524
293.323
293.221
293.175
293.154
293.148
293.151
293.163
293.232
293.444
293.888
294.658
295.882
297.177
300.906
298.199
296.103
294.921
294.276
293.843
293.524
293.325
293.225
293.179
293.156
293.149
293.153
293.168
293.246
293.469
293.927
294.713
295.956
297.247
300.923
298.226
296.13
294.941
294.286
293.845
293.525
293.328
293.23
293.182
293.159
293.15
293.155
293.175
293.261
293.496
293.967
294.769
296.028
297.313
300.939
298.253
296.158
294.961
294.295
293.848
293.527
293.333
293.235
293.187
293.162
293.153
293.158
293.183
293.279
293.525
294.006
294.824
296.098
297.375
300.956
298.281
296.186
294.98
294.304
293.851
293.53
293.338
293.241
293.192
293.166
293.156
293.162
293.193
293.297
293.554
294.045
294.877
296.166
297.432
300.973
298.309
296.214
295
294.314
293.855
293.534
293.344
293.248
293.198
293.17
293.16
293.168
293.204
293.317
293.584
294.085
294.929
296.23
297.483
300.99
298.337
296.242
295.019
294.323
293.86
293.539
293.351
293.256
293.204
293.176
293.166
293.175
293.217
293.338
293.614
294.123
294.98
296.29
297.529
301.007
298.365
296.27
295.038
294.332
293.865
293.545
293.359
293.265
293.212
293.182
293.172
293.183
293.23
293.359
293.644
294.162
295.029
296.346
297.57
301.024
298.393
296.298
295.056
294.342
293.871
293.552
293.369
293.275
293.22
293.189
293.18
293.192
293.244
293.381
293.674
294.199
295.076
296.397
297.604
301.04
298.421
296.325
295.074
294.351
293.877
293.56
293.379
293.286
293.229
293.197
293.188
293.201
293.259
293.402
293.703
294.235
295.12
296.442
297.633
301.056
298.448
296.351
295.092
294.361
293.884
293.569
293.391
293.298
293.24
293.206
293.197
293.212
293.274
293.424
293.731
294.27
295.161
296.483
297.656
301.072
298.475
296.377
295.109
294.37
293.893
293.58
293.404
293.311
293.251
293.216
293.207
293.223
293.289
293.445
293.759
294.303
295.2
296.519
297.672
301.087
298.5
296.402
295.126
294.38
293.902
293.592
293.419
293.326
293.264
293.227
293.218
293.235
293.305
293.466
293.786
294.335
295.236
296.55
297.683
301.101
298.525
296.426
295.142
294.39
293.912
293.606
293.435
293.341
293.278
293.239
293.23
293.248
293.322
293.488
293.813
294.366
295.269
296.576
297.688
301.115
298.548
296.448
295.158
294.401
293.924
293.621
293.452
293.359
293.294
293.253
293.243
293.261
293.339
293.511
293.84
294.397
295.3
296.597
297.686
301.128
298.569
296.47
295.173
294.412
293.937
293.638
293.471
293.378
293.311
293.268
293.258
293.277
293.357
293.534
293.867
294.426
295.329
296.613
297.679
301.139
298.59
296.49
295.188
294.424
293.951
293.657
293.492
293.398
293.33
293.285
293.274
293.293
293.377
293.558
293.895
294.456
295.356
296.624
297.666
301.151
298.609
296.51
295.203
294.437
293.967
293.678
293.515
293.421
293.351
293.305
293.292
293.312
293.398
293.583
293.924
294.485
295.381
296.631
297.648
301.162
298.628
296.529
295.218
294.451
293.985
293.701
293.54
293.445
293.374
293.326
293.313
293.332
293.422
293.61
293.953
294.515
295.405
296.634
297.625
301.173
298.647
296.549
295.235
294.467
294.006
293.726
293.568
293.472
293.4
293.351
293.336
293.355
293.447
293.639
293.984
294.545
295.429
296.633
297.597
301.184
298.668
296.57
295.253
294.486
294.029
293.755
293.598
293.502
293.429
293.378
293.362
293.381
293.476
293.67
294.016
294.576
295.451
296.628
297.565
301.197
298.69
296.593
295.273
294.507
294.055
293.786
293.631
293.534
293.46
293.409
293.392
293.411
293.507
293.704
294.051
294.608
295.474
296.621
297.529
301.213
298.716
296.619
295.297
294.532
294.085
293.821
293.667
293.57
293.495
293.443
293.426
293.444
293.542
293.742
294.088
294.642
295.495
296.61
297.488
301.231
298.748
296.651
295.326
294.561
294.119
293.86
293.707
293.609
293.534
293.481
293.463
293.481
293.58
293.782
294.128
294.678
295.517
296.596
297.445
301.254
298.787
296.69
295.361
294.596
294.157
293.903
293.751
293.652
293.577
293.524
293.505
293.522
293.623
293.826
294.171
294.717
295.538
296.58
297.398
301.282
298.836
296.739
295.404
294.637
294.201
293.95
293.8
293.7
293.625
293.572
293.552
293.569
293.67
293.874
294.218
294.757
295.56
296.563
297.349
301.318
298.899
296.8
295.457
294.685
294.251
294.002
293.853
293.753
293.677
293.624
293.605
293.621
293.723
293.927
294.269
294.8
295.583
296.543
297.298
301.362
298.978
296.877
295.522
294.743
294.308
294.06
293.912
293.811
293.735
293.683
293.663
293.679
293.781
293.984
294.324
294.848
295.606
296.523
297.245
301.418
299.075
296.974
295.603
294.812
294.373
294.125
293.977
293.876
293.8
293.747
293.727
293.744
293.845
294.047
294.383
294.898
295.629
296.501
297.19
301.487
299.194
297.095
295.703
294.895
294.447
294.196
294.048
293.947
293.871
293.819
293.799
293.816
293.915
294.116
294.449
294.952
295.654
296.479
297.135
301.57
299.338
297.244
295.827
294.994
294.532
294.276
294.126
294.026
293.95
293.899
293.879
293.895
293.993
294.193
294.52
295.009
295.681
296.457
297.078
301.666
299.512
297.428
295.98
295.114
294.632
294.366
294.212
294.112
294.038
293.987
293.968
293.984
294.08
294.277
294.598
295.071
295.708
296.436
297.021
301.776
299.719
297.653
296.168
295.26
294.748
294.467
294.308
294.207
294.135
294.086
294.067
294.083
294.176
294.37
294.683
295.137
295.738
296.415
296.965
301.899
299.961
297.924
296.399
295.437
294.885
294.582
294.413
294.312
294.242
294.196
294.178
294.194
294.284
294.472
294.774
295.207
295.769
296.395
296.908
302.033
300.239
298.248
296.682
295.656
295.05
294.714
294.531
294.426
294.358
294.315
294.3
294.317
294.402
294.583
294.872
295.28
295.802
296.376
296.852
302.175
300.551
298.629
297.027
295.927
295.252
294.869
294.663
294.55
294.484
294.445
294.432
294.451
294.53
294.703
294.976
295.357
295.836
296.358
296.796
302.323
300.892
299.069
297.446
296.264
295.503
295.056
294.814
294.687
294.62
294.584
294.576
294.596
294.668
294.83
295.085
295.437
295.872
296.343
296.741
302.469
301.255
299.567
297.948
296.684
295.82
295.287
294.99
294.839
294.765
294.733
294.728
294.751
294.815
294.964
295.199
295.519
295.909
296.328
296.687
302.604
301.625
300.115
298.54
297.207
296.227
295.583
295.206
295.01
294.921
294.888
294.886
294.912
294.967
295.102
295.314
295.601
295.946
296.316
296.634
302.723
301.984
300.696
299.22
297.849
296.753
295.974
295.484
295.216
295.092
295.048
295.047
295.072
295.123
295.241
295.43
295.682
295.984
296.304
296.581
302.819
302.315
301.28
299.967
298.618
297.43
296.503
295.863
295.481
295.29
295.218
295.209
295.233
295.279
295.38
295.543
295.761
296.02
296.294
296.53
302.889
302.594
301.829
300.743
299.502
298.28
297.22
296.405
295.859
295.55
295.411
295.375
295.39
295.432
295.515
295.653
295.837
296.055
296.283
296.478
302.934
302.808
302.302
301.486
300.448
299.297
298.17
297.191
296.442
295.948
295.677
295.566
295.55
295.582
295.644
295.756
295.907
296.086
296.272
296.426
302.956
302.952
302.664
302.126
301.36
300.409
299.348
298.292
297.359
296.633
296.144
295.864
295.743
295.726
295.764
295.85
295.97
296.113
296.258
296.371
302.961
303.037
302.905
302.604
302.124
301.464
300.635
299.684
298.706
297.809
297.071
296.524
296.16
295.958
295.891
295.938
296.03
296.148
296.285
296.443
302.956
303.077
303.04
302.902
302.658
302.29
301.783
301.13
300.359
299.533
298.734
298.013
297.388
296.855
296.431
296.165
296.206
296.428
297.024
299.278
302.946
303.091
303.103
303.055
302.956
302.798
302.567
302.249
301.836
301.345
300.826
300.338
299.915
299.557
299.24
298.961
298.74
299.068
300.335
300.939
302.933
303.093
303.126
303.118
303.086
303.033
302.956
302.848
302.703
302.519
302.307
302.1
301.933
301.84
301.831
301.888
301.963
302.063
302.165
302.121
302.92
303.089
303.132
303.139
303.131
303.116
303.095
303.067
303.031
302.987
302.932
302.871
302.809
302.755
302.717
302.697
302.679
302.657
302.617
302.541
302.906
303.083
303.131
303.144
303.145
303.141
303.135
303.126
303.115
303.102
303.085
303.065
303.04
303.013
302.982
302.947
302.908
302.86
302.797
302.704
302.893
303.076
303.129
303.145
303.148
303.147
303.146
303.142
303.138
303.131
303.122
303.109
303.092
303.07
303.043
303.008
302.965
302.91
302.84
302.739
302.882
303.07
303.126
303.144
303.149
303.149
303.149
303.147
303.145
303.141
303.135
303.126
303.114
303.096
303.071
303.038
302.993
302.935
302.857
302.747
302.871
303.064
303.123
303.143
303.148
303.15
303.149
303.149
303.148
303.146
303.142
303.136
303.127
303.112
303.091
303.059
303.015
302.953
302.87
302.752
302.861
303.058
303.12
303.142
303.148
303.15
303.15
303.15
303.149
303.148
303.145
303.141
303.135
303.123
303.105
303.076
303.032
302.969
302.881
302.756
302.852
303.052
303.117
303.141
303.148
303.15
303.15
303.15
303.149
303.149
303.147
303.145
303.14
303.131
303.115
303.089
303.047
302.983
302.891
302.759
302.844
303.047
303.115
303.14
303.148
303.15
303.15
303.15
303.15
303.149
303.149
303.147
303.143
303.136
303.123
303.099
303.059
302.995
302.9
302.762
302.837
303.043
303.112
303.139
303.147
303.149
303.15
303.15
303.15
303.15
303.149
303.148
303.145
303.139
303.128
303.107
303.069
303.006
302.907
302.765
302.831
303.039
303.11
303.139
303.147
303.149
303.15
303.15
303.15
303.15
303.149
303.149
303.147
303.142
303.133
303.113
303.078
303.015
302.914
302.768
302.826
303.036
303.108
303.138
303.147
303.149
303.15
303.15
303.15
303.15
303.15
303.149
303.147
303.144
303.136
303.118
303.084
303.022
302.92
302.77
302.822
303.033
303.106
303.137
303.147
303.149
303.15
303.15
303.15
303.15
303.15
303.149
303.148
303.145
303.138
303.122
303.09
303.029
302.926
302.772
302.819
303.03
303.105
303.136
303.147
303.149
303.15
303.15
303.15
303.15
303.15
303.149
303.149
303.146
303.14
303.126
303.095
303.034
302.93
302.774
302.816
303.028
303.104
303.136
303.146
303.149
303.15
303.15
303.15
303.15
303.15
303.15
303.149
303.147
303.141
303.128
303.099
303.039
302.935
302.776
302.814
303.027
303.103
303.135
303.146
303.149
303.15
303.15
303.15
303.15
303.15
303.15
303.149
303.147
303.142
303.13
303.102
303.044
302.938
302.778
302.812
303.025
303.102
303.135
303.146
303.149
303.15
303.15
303.15
303.15
303.15
303.15
303.149
303.148
303.143
303.132
303.105
303.047
302.942
302.78
302.811
303.024
303.101
303.135
303.146
303.149
303.15
303.15
303.15
303.15
303.15
303.15
303.149
303.148
303.144
303.133
303.107
303.051
302.945
302.782
302.81
303.024
303.1
303.135
303.146
303.149
303.15
303.15
303.15
303.15
303.15
303.15
303.149
303.148
303.144
303.134
303.109
303.054
302.948
302.783
302.81
303.023
303.1
303.134
303.146
303.149
303.15
303.15
303.15
303.15
303.15
303.15
303.15
303.148
303.145
303.135
303.111
303.056
302.95
302.785
302.81
303.023
303.1
303.134
303.146
303.149
303.15
303.15
303.15
303.15
303.15
303.15
303.15
303.149
303.145
303.136
303.113
303.059
302.953
302.787
302.81
303.023
303.1
303.134
303.146
303.149
303.15
303.15
303.15
303.15
303.15
303.15
303.15
303.149
303.146
303.137
303.114
303.061
302.955
302.788
302.811
303.023
303.1
303.134
303.146
303.149
303.15
303.15
303.15
303.15
303.15
303.15
303.15
303.149
303.146
303.137
303.115
303.063
302.957
302.79
302.811
303.024
303.1
303.134
303.146
303.149
303.15
303.15
303.15
303.15
303.15
303.15
303.15
303.149
303.146
303.138
303.116
303.065
302.959
302.791
302.812
303.024
303.1
303.134
303.146
303.149
303.15
303.15
303.15
303.15
303.15
303.15
303.15
303.149
303.146
303.138
303.117
303.066
302.961
302.793
302.813
303.024
303.1
303.134
303.146
303.149
303.15
303.15
303.15
303.15
303.15
303.15
303.15
303.149
303.146
303.139
303.118
303.068
302.963
302.794
302.815
303.025
303.101
303.134
303.146
303.149
303.15
303.15
303.15
303.15
303.15
303.15
303.15
303.149
303.147
303.139
303.119
303.069
302.965
302.795
302.816
303.026
303.101
303.135
303.146
303.149
303.15
303.15
303.15
303.15
303.15
303.15
303.15
303.149
303.147
303.14
303.12
303.071
302.967
302.797
302.817
303.026
303.101
303.135
303.146
303.149
303.15
303.15
303.15
303.15
303.15
303.15
303.15
303.149
303.147
303.14
303.121
303.072
302.969
302.798
302.819
303.027
303.102
303.135
303.146
303.149
303.15
303.15
303.15
303.15
303.15
303.15
303.15
303.149
303.147
303.14
303.121
303.073
302.971
302.799
302.82
303.028
303.102
303.135
303.146
303.149
303.15
303.15
303.15
303.15
303.15
303.15
303.15
303.149
303.147
303.141
303.122
303.075
302.972
302.801
302.822
303.029
303.102
303.135
303.146
303.149
303.15
303.15
303.15
303.15
303.15
303.15
303.15
303.149
303.147
303.141
303.122
303.076
302.974
302.802
302.823
303.029
303.103
303.135
303.146
303.149
303.15
303.15
303.15
303.15
303.15
303.15
303.15
303.149
303.147
303.141
303.123
303.077
302.976
302.803
302.825
303.03
303.103
303.135
303.146
303.149
303.15
303.15
303.15
303.15
303.15
303.15
303.15
303.149
303.147
303.141
303.124
303.078
302.978
302.804
302.827
303.031
303.104
303.136
303.146
303.149
303.15
303.15
303.15
303.15
303.15
303.15
303.15
303.149
303.147
303.141
303.124
303.079
302.98
302.804
302.829
303.032
303.104
303.136
303.146
303.149
303.15
303.15
303.15
303.15
303.15
303.15
303.15
303.149
303.148
303.142
303.124
303.08
302.982
302.805
302.831
303.033
303.104
303.136
303.146
303.149
303.15
303.15
303.15
303.15
303.15
303.15
303.15
303.149
303.148
303.142
303.125
303.081
302.984
302.806
302.832
303.034
303.105
303.136
303.146
303.149
303.15
303.15
303.15
303.15
303.15
303.15
303.15
303.149
303.148
303.142
303.125
303.082
302.986
302.807
302.834
303.035
303.105
303.136
303.146
303.149
303.15
303.15
303.15
303.15
303.15
303.15
303.15
303.149
303.148
303.142
303.126
303.083
302.988
302.808
302.836
303.036
303.106
303.136
303.146
303.149
303.15
303.15
303.15
303.15
303.15
303.15
303.15
303.149
303.148
303.142
303.126
303.084
302.989
302.809
302.838
303.036
303.106
303.136
303.146
303.149
303.15
303.15
303.15
303.15
303.15
303.15
303.15
303.149
303.148
303.142
303.126
303.085
302.991
302.81
302.84
303.037
303.107
303.137
303.147
303.149
303.15
303.15
303.15
303.15
303.15
303.15
303.15
303.149
303.148
303.143
303.127
303.086
302.993
302.811
302.842
303.038
303.107
303.137
303.147
303.149
303.15
303.15
303.15
303.15
303.15
303.15
303.15
303.149
303.148
303.143
303.127
303.086
302.995
302.813
302.844
303.039
303.108
303.137
303.147
303.149
303.15
303.15
303.15
303.15
303.15
303.15
303.15
303.149
303.148
303.143
303.127
303.087
302.997
302.815
302.846
303.04
303.108
303.137
303.147
303.149
303.15
303.15
303.15
303.15
303.15
303.15
303.15
303.149
303.148
303.143
303.128
303.088
302.998
302.816
302.848
303.041
303.109
303.137
303.147
303.149
303.15
303.15
303.15
303.15
303.15
303.15
303.15
303.15
303.148
303.143
303.128
303.089
303
302.818
302.849
303.042
303.109
303.138
303.147
303.149
303.15
303.15
303.15
303.15
303.15
303.15
303.15
303.15
303.148
303.143
303.128
303.09
303.001
302.82
302.851
303.043
303.11
303.138
303.147
303.149
303.15
303.15
303.15
303.15
303.15
303.15
303.15
303.15
303.148
303.143
303.129
303.091
303.003
302.822
302.853
303.044
303.11
303.138
303.147
303.149
303.15
303.15
303.15
303.15
303.15
303.15
303.15
303.15
303.148
303.144
303.129
303.091
303.004
302.824
302.855
303.046
303.111
303.138
303.147
303.149
303.15
303.15
303.15
303.15
303.15
303.15
303.15
303.15
303.148
303.144
303.13
303.092
303.006
302.826
302.857
303.047
303.111
303.138
303.147
303.149
303.15
303.15
303.15
303.15
303.15
303.15
303.15
303.15
303.148
303.144
303.13
303.093
303.008
302.828
302.859
303.048
303.112
303.139
303.147
303.149
303.15
303.15
303.15
303.15
303.15
303.15
303.15
303.15
303.148
303.144
303.13
303.094
303.01
302.83
302.861
303.049
303.113
303.139
303.147
303.149
303.15
303.15
303.15
303.15
303.15
303.15
303.15
303.15
303.148
303.144
303.131
303.095
303.012
302.831
302.863
303.05
303.113
303.139
303.147
303.149
303.15
303.15
303.15
303.15
303.15
303.15
303.15
303.15
303.148
303.144
303.131
303.096
303.014
302.832
302.865
303.051
303.114
303.139
303.147
303.149
303.15
303.15
303.15
303.15
303.15
303.15
303.15
303.15
303.148
303.144
303.131
303.096
303.016
302.832
302.867
303.052
303.115
303.14
303.147
303.149
303.15
303.15
303.15
303.15
303.15
303.15
303.15
303.15
303.149
303.144
303.132
303.097
303.019
302.833
302.869
303.054
303.115
303.14
303.148
303.149
303.15
303.15
303.15
303.15
303.15
303.15
303.15
303.15
303.149
303.145
303.132
303.098
303.022
302.834
302.871
303.055
303.116
303.14
303.148
303.149
303.15
303.15
303.15
303.15
303.15
303.15
303.15
303.15
303.149
303.145
303.132
303.099
303.024
302.835
302.873
303.056
303.116
303.14
303.148
303.15
303.15
303.15
303.15
303.15
303.15
303.15
303.15
303.15
303.149
303.145
303.132
303.099
303.026
302.837
302.875
303.057
303.117
303.141
303.148
303.15
303.15
303.15
303.15
303.15
303.15
303.15
303.15
303.15
303.149
303.145
303.133
303.1
303.028
302.838
302.878
303.058
303.118
303.141
303.148
303.15
303.15
303.15
303.15
303.15
303.15
303.15
303.15
303.15
303.149
303.145
303.133
303.101
303.03
302.84
302.88
303.06
303.118
303.141
303.148
303.15
303.15
303.15
303.15
303.15
303.15
303.15
303.15
303.15
303.149
303.145
303.133
303.102
303.032
302.842
302.882
303.061
303.119
303.141
303.148
303.15
303.15
303.15
303.15
303.15
303.15
303.15
303.15
303.15
303.149
303.145
303.134
303.102
303.033
302.844
302.884
303.062
303.12
303.142
303.148
303.15
303.15
303.15
303.15
303.15
303.15
303.15
303.15
303.15
303.149
303.145
303.134
303.103
303.035
302.847
302.886
303.063
303.12
303.142
303.148
303.15
303.15
303.15
303.15
303.15
303.15
303.15
303.15
303.15
303.149
303.145
303.134
303.104
303.037
302.848
302.888
303.065
303.121
303.142
303.148
303.15
303.15
303.15
303.15
303.15
303.15
303.15
303.15
303.15
303.149
303.145
303.134
303.104
303.038
302.851
302.89
303.066
303.122
303.142
303.148
303.15
303.15
303.15
303.15
303.15
303.15
303.15
303.15
303.15
303.149
303.146
303.135
303.105
303.04
302.853
302.892
303.067
303.122
303.143
303.148
303.15
303.15
303.15
303.15
303.15
303.15
303.15
303.15
303.15
303.149
303.146
303.135
303.106
303.041
302.855
302.894
303.068
303.123
303.143
303.148
303.15
303.15
303.15
303.15
303.15
303.15
303.15
303.15
303.15
303.149
303.146
303.135
303.106
303.042
302.858
302.896
303.069
303.123
303.143
303.149
303.15
303.15
303.15
303.15
303.15
303.15
303.15
303.15
303.15
303.149
303.146
303.136
303.107
303.044
302.861
302.899
303.071
303.124
303.143
303.149
303.15
303.15
303.15
303.15
303.15
303.15
303.15
303.15
303.15
303.149
303.146
303.136
303.108
303.045
302.863
302.901
303.072
303.125
303.144
303.149
303.15
303.15
303.15
303.15
303.15
303.15
303.15
303.15
303.15
303.149
303.146
303.136
303.108
303.046
302.866
302.903
303.073
303.125
303.144
303.149
303.15
303.15
303.15
303.15
303.15
303.15
303.15
303.15
303.15
303.149
303.146
303.136
303.109
303.048
302.869
302.905
303.074
303.126
303.144
303.149
303.15
303.15
303.15
303.15
303.15
303.15
303.15
303.15
303.15
303.149
303.146
303.137
303.11
303.049
302.871
302.907
303.076
303.127
303.144
303.149
303.15
303.15
303.15
303.15
303.15
303.15
303.15
303.15
303.15
303.149
303.146
303.137
303.11
303.05
302.874
302.909
303.077
303.127
303.144
303.149
303.15
303.15
303.15
303.15
303.15
303.15
303.15
303.15
303.15
303.149
303.146
303.137
303.111
303.052
302.877
302.911
303.078
303.128
303.145
303.149
303.15
303.15
303.15
303.15
303.15
303.15
303.15
303.15
303.15
303.149
303.147
303.138
303.112
303.053
302.88
302.914
303.079
303.128
303.145
303.149
303.15
303.15
303.15
303.15
303.15
303.15
303.15
303.15
303.15
303.149
303.147
303.138
303.113
303.054
302.882
302.916
303.081
303.129
303.145
303.149
303.15
303.15
303.15
303.15
303.15
303.15
303.15
303.15
303.15
303.149
303.147
303.138
303.113
303.056
302.885
302.918
303.082
303.129
303.145
303.149
303.15
303.15
303.15
303.15
303.15
303.15
303.15
303.15
303.15
303.149
303.147
303.139
303.114
303.057
302.888
302.92
303.083
303.13
303.145
303.149
303.15
303.15
303.15
303.15
303.15
303.15
303.15
303.15
303.15
303.149
303.147
303.139
303.115
303.058
302.891
302.922
303.084
303.131
303.146
303.149
303.15
303.15
303.15
303.15
303.15
303.15
303.15
303.15
303.15
303.149
303.147
303.139
303.116
303.06
302.894
302.924
303.085
303.131
303.146
303.149
303.15
303.15
303.15
303.15
303.15
303.15
303.15
303.15
303.15
303.149
303.147
303.139
303.116
303.061
302.897
302.927
303.087
303.132
303.146
303.149
303.15
303.15
303.15
303.15
303.15
303.15
303.15
303.15
303.15
303.149
303.147
303.14
303.117
303.063
302.899
302.929
303.088
303.132
303.146
303.149
303.15
303.15
303.15
303.15
303.15
303.15
303.15
303.15
303.15
303.149
303.147
303.14
303.118
303.064
302.902
302.931
303.089
303.133
303.146
303.149
303.15
303.15
303.15
303.15
303.15
303.15
303.15
303.15
303.15
303.149
303.147
303.14
303.119
303.065
302.905
302.933
303.091
303.133
303.146
303.149
303.15
303.15
303.15
303.15
303.15
303.15
303.15
303.15
303.15
303.149
303.147
303.141
303.119
303.067
302.908
302.935
303.092
303.134
303.147
303.149
303.15
303.15
303.15
303.15
303.15
303.15
303.15
303.15
303.15
303.149
303.148
303.141
303.12
303.068
302.911
302.937
303.093
303.134
303.147
303.149
303.15
303.15
303.15
303.15
303.15
303.15
303.15
303.15
303.15
303.149
303.148
303.141
303.121
303.07
302.914
302.94
303.094
303.135
303.147
303.149
303.15
303.15
303.15
303.15
303.15
303.15
303.15
303.15
303.15
303.149
303.148
303.142
303.122
303.071
302.917
302.942
303.096
303.135
303.147
303.149
303.15
303.15
303.15
303.15
303.15
303.15
303.15
303.15
303.15
303.15
303.148
303.142
303.122
303.073
302.92
302.944
303.097
303.136
303.147
303.15
303.15
303.15
303.15
303.15
303.15
303.15
303.15
303.15
303.15
303.15
303.148
303.142
303.123
303.074
302.923
302.946
303.098
303.136
303.147
303.15
303.15
303.15
303.15
303.15
303.15
303.15
303.15
303.15
303.15
303.15
303.148
303.142
303.124
303.076
302.926
302.949
303.099
303.137
303.147
303.15
303.15
303.15
303.15
303.15
303.15
303.15
303.15
303.15
303.15
303.15
303.148
303.143
303.125
303.078
302.929
302.951
303.1
303.137
303.147
303.15
303.15
303.15
303.15
303.15
303.15
303.15
303.15
303.15
303.15
303.15
303.148
303.143
303.126
303.079
302.933
302.953
303.102
303.138
303.148
303.15
303.15
303.15
303.15
303.15
303.15
303.15
303.15
303.15
303.15
303.15
303.148
303.143
303.127
303.081
302.936
302.955
303.103
303.138
303.148
303.15
303.15
303.15
303.15
303.15
303.15
303.15
303.15
303.15
303.15
303.15
303.148
303.144
303.127
303.082
302.939
302.958
303.104
303.138
303.148
303.15
303.15
303.15
303.15
303.15
303.15
303.15
303.15
303.15
303.15
303.15
303.149
303.144
303.128
303.084
302.942
302.96
303.105
303.139
303.148
303.15
303.15
303.15
303.15
303.15
303.15
303.15
303.15
303.15
303.15
303.15
303.149
303.144
303.129
303.086
302.945
302.962
303.105
303.139
303.148
303.15
303.15
303.15
303.15
303.15
303.15
303.15
303.15
303.15
303.15
303.15
303.149
303.145
303.13
303.088
302.949
302.963
303.106
303.14
303.148
303.15
303.15
303.15
303.15
303.15
303.15
303.15
303.15
303.15
303.15
303.15
303.149
303.145
303.131
303.089
302.952
302.965
303.107
303.14
303.148
303.15
303.15
303.15
303.15
303.15
303.15
303.15
303.15
303.15
303.15
303.15
303.149
303.146
303.132
303.092
302.955
302.967
303.108
303.14
303.148
303.15
303.15
303.15
303.15
303.15
303.15
303.15
303.15
303.15
303.15
303.15
303.149
303.146
303.133
303.094
302.959
302.968
303.109
303.14
303.148
303.15
303.15
303.15
303.15
303.15
303.15
303.15
303.15
303.15
303.15
303.15
303.149
303.146
303.135
303.096
302.962
299.9
299.879
299.865
299.867
299.889
299.927
299.97
300.001
300.017
300.021
300.024
300.027
300.031
300.034
300.037
300.033
300.03
299.933
299.674
299.455
299.901
299.88
299.864
299.863
299.882
299.916
299.957
299.99
300.009
300.016
300.022
300.026
300.031
300.035
300.036
300.029
299.997
299.66
299.566
299.403
299.901
299.88
299.864
299.86
299.874
299.904
299.942
299.976
299.997
300.007
300.016
300.023
300.028
300.032
300.032
300.016
299.946
299.624
299.526
299.37
299.902
299.881
299.864
299.858
299.867
299.892
299.925
299.958
299.979
299.993
300.005
300.015
300.022
300.025
300.019
299.98
299.872
299.61
299.511
299.35
299.902
299.883
299.864
299.856
299.86
299.879
299.907
299.937
299.958
299.975
299.99
300.002
300.01
300.012
299.994
299.914
299.719
299.603
299.501
299.336
299.903
299.884
299.866
299.855
299.854
299.867
299.889
299.914
299.933
299.952
299.969
299.984
299.994
299.995
299.969
299.872
299.682
299.599
299.494
299.323
299.904
299.886
299.868
299.855
299.85
299.856
299.871
299.89
299.908
299.926
299.945
299.961
299.973
299.973
299.944
299.852
299.681
299.597
299.487
299.31
299.905
299.889
299.87
299.856
299.848
299.847
299.855
299.868
299.883
299.9
299.918
299.935
299.948
299.947
299.911
299.792
299.68
299.595
299.481
299.295
299.906
299.891
299.874
299.859
299.847
299.842
299.843
299.85
299.86
299.874
299.89
299.907
299.92
299.921
299.887
299.744
299.677
299.591
299.472
299.279
299.907
299.894
299.878
299.863
299.85
299.841
299.837
299.837
299.842
299.851
299.864
299.878
299.891
299.896
299.882
299.746
299.674
299.586
299.462
299.259
299.908
299.898
299.884
299.87
299.857
299.845
299.837
299.833
299.831
299.834
299.84
299.85
299.86
299.864
299.842
299.747
299.673
299.581
299.449
299.236
299.91
299.903
299.891
299.879
299.867
299.856
299.845
299.836
299.829
299.825
299.824
299.827
299.832
299.831
299.769
299.73
299.666
299.572
299.433
299.209
299.916
299.912
299.903
299.893
299.883
299.871
299.859
299.847
299.836
299.826
299.819
299.815
299.814
299.815
299.775
299.727
299.66
299.563
299.416
299.181
299.925
299.923
299.916
299.908
299.898
299.888
299.876
299.864
299.851
299.839
299.827
299.818
299.812
299.811
299.78
299.73
299.659
299.556
299.4
299.152
299.931
299.932
299.926
299.92
299.912
299.903
299.893
299.883
299.871
299.859
299.847
299.838
299.834
299.818
299.785
299.734
299.661
299.553
299.387
299.123
299.935
299.938
299.934
299.929
299.923
299.916
299.909
299.9
299.891
299.882
299.873
299.867
299.854
299.832
299.796
299.743
299.667
299.553
299.375
299.091
299.937
299.943
299.941
299.937
299.932
299.927
299.921
299.915
299.908
299.902
299.895
299.887
299.871
299.847
299.81
299.755
299.675
299.555
299.363
299.057
299.939
299.946
299.945
299.943
299.939
299.935
299.931
299.926
299.921
299.916
299.911
299.901
299.886
299.861
299.823
299.768
299.685
299.558
299.351
299.021
299.94
299.949
299.949
299.948
299.945
299.942
299.938
299.934
299.931
299.927
299.922
299.913
299.898
299.874
299.837
299.781
299.696
299.562
299.34
298.982
299.941
299.951
299.952
299.951
299.949
299.947
299.944
299.941
299.938
299.935
299.931
299.923
299.909
299.886
299.849
299.793
299.707
299.567
299.328
298.94
299.942
299.953
299.955
299.954
299.953
299.95
299.948
299.946
299.944
299.941
299.937
299.93
299.918
299.896
299.861
299.805
299.718
299.571
299.315
298.896
299.942
299.954
299.957
299.957
299.956
299.954
299.952
299.95
299.948
299.946
299.943
299.936
299.925
299.905
299.871
299.817
299.728
299.575
299.301
298.851
299.942
299.955
299.959
299.959
299.958
299.956
299.954
299.953
299.951
299.949
299.946
299.941
299.931
299.912
299.88
299.827
299.738
299.579
299.287
298.803
299.943
299.956
299.96
299.961
299.96
299.959
299.957
299.955
299.953
299.952
299.949
299.944
299.935
299.919
299.888
299.836
299.747
299.582
299.271
298.754
299.943
299.957
299.961
299.963
299.962
299.96
299.959
299.957
299.955
299.954
299.952
299.947
299.939
299.924
299.896
299.845
299.755
299.584
299.254
298.703
299.944
299.958
299.962
299.964
299.964
299.962
299.96
299.959
299.957
299.956
299.954
299.949
299.942
299.929
299.902
299.852
299.763
299.585
299.236
298.651
299.945
299.959
299.963
299.965
299.965
299.964
299.962
299.96
299.959
299.957
299.955
299.951
299.945
299.933
299.907
299.859
299.769
299.586
299.217
298.598
299.946
299.96
299.964
299.966
299.966
299.965
299.963
299.962
299.96
299.959
299.956
299.953
299.947
299.936
299.912
299.865
299.775
299.586
299.197
298.543
299.947
299.961
299.964
299.967
299.968
299.967
299.965
299.963
299.961
299.96
299.957
299.954
299.949
299.938
299.916
299.87
299.78
299.584
299.175
298.489
299.948
299.962
299.965
299.968
299.969
299.968
299.966
299.964
299.962
299.961
299.958
299.954
299.95
299.941
299.919
299.875
299.784
299.582
299.152
298.433
299.949
299.964
299.966
299.968
299.969
299.969
299.968
299.966
299.964
299.962
299.959
299.955
299.951
299.943
299.922
299.878
299.787
299.578
299.129
298.378
299.95
299.965
299.967
299.969
299.97
299.97
299.969
299.967
299.965
299.963
299.96
299.955
299.952
299.944
299.924
299.882
299.79
299.574
299.104
298.322
299.951
299.966
299.968
299.97
299.971
299.971
299.97
299.968
299.966
299.964
299.961
299.956
299.952
299.945
299.926
299.884
299.791
299.568
299.078
298.266
299.951
299.968
299.969
299.97
299.972
299.972
299.971
299.969
299.967
299.966
299.961
299.956
299.953
299.946
299.928
299.887
299.792
299.561
299.052
298.211
299.952
299.969
299.97
299.971
299.972
299.973
299.972
299.97
299.968
299.967
299.962
299.956
299.953
299.947
299.93
299.888
299.792
299.553
299.024
298.157
299.953
299.971
299.971
299.972
299.973
299.973
299.973
299.972
299.97
299.968
299.962
299.956
299.953
299.948
299.931
299.89
299.791
299.544
298.996
298.103
299.953
299.972
299.972
299.972
299.973
299.974
299.974
299.972
299.971
299.969
299.963
299.957
299.953
299.948
299.931
299.89
299.79
299.533
298.967
298.05
299.953
299.973
299.973
299.973
299.974
299.974
299.974
299.973
299.972
299.97
299.963
299.957
299.953
299.948
299.932
299.891
299.787
299.522
298.937
297.998
299.953
299.974
299.974
299.974
299.974
299.975
299.975
299.974
299.973
299.971
299.963
299.957
299.953
299.949
299.932
299.89
299.784
299.509
298.907
297.948
299.953
299.975
299.975
299.975
299.975
299.975
299.975
299.975
299.973
299.971
299.963
299.957
299.953
299.949
299.932
299.89
299.779
299.495
298.877
297.898
299.952
299.975
299.976
299.975
299.975
299.975
299.975
299.975
299.974
299.971
299.963
299.956
299.953
299.948
299.932
299.889
299.774
299.48
298.846
297.85
299.952
299.975
299.976
299.976
299.976
299.976
299.976
299.975
299.975
299.971
299.963
299.956
299.953
299.948
299.932
299.887
299.769
299.465
298.814
297.803
299.951
299.974
299.976
299.976
299.976
299.976
299.976
299.975
299.975
299.97
299.962
299.956
299.953
299.948
299.932
299.886
299.763
299.449
298.782
297.756
299.949
299.973
299.976
299.976
299.976
299.976
299.975
299.975
299.974
299.969
299.962
299.955
299.953
299.948
299.931
299.884
299.757
299.432
298.75
297.71
299.948
299.972
299.976
299.976
299.976
299.975
299.975
299.974
299.974
299.969
299.961
299.955
299.952
299.948
299.931
299.882
299.75
299.415
298.719
297.666
299.946
299.971
299.975
299.976
299.975
299.975
299.974
299.974
299.973
299.967
299.96
299.955
299.952
299.947
299.93
299.88
299.743
299.397
298.687
297.622
299.944
299.969
299.974
299.975
299.975
299.974
299.974
299.973
299.971
299.966
299.959
299.954
299.952
299.947
299.929
299.877
299.735
299.379
298.656
297.58
299.941
299.966
299.972
299.974
299.974
299.973
299.972
299.971
299.97
299.965
299.958
299.953
299.952
299.947
299.928
299.875
299.728
299.362
298.625
297.54
299.939
299.964
299.97
299.972
299.972
299.972
299.971
299.97
299.968
299.963
299.957
299.953
299.951
299.946
299.927
299.872
299.72
299.344
298.596
297.501
299.936
299.961
299.968
299.97
299.971
299.97
299.969
299.968
299.967
299.962
299.956
299.952
299.951
299.946
299.926
299.869
299.712
299.327
298.567
297.464
299.933
299.958
299.966
299.968
299.969
299.968
299.967
299.966
299.965
299.96
299.955
299.952
299.951
299.946
299.925
299.866
299.704
299.31
298.54
297.429
299.929
299.955
299.963
299.966
299.967
299.966
299.966
299.964
299.963
299.958
299.954
299.951
299.95
299.945
299.924
299.863
299.697
299.294
298.515
297.396
299.926
299.952
299.96
299.963
299.964
299.964
299.963
299.962
299.961
299.957
299.952
299.951
299.95
299.944
299.923
299.86
299.689
299.279
298.492
297.365
299.922
299.949
299.957
299.961
299.962
299.962
299.961
299.96
299.959
299.955
299.951
299.95
299.95
299.944
299.922
299.857
299.682
299.266
298.471
297.337
299.918
299.945
299.954
299.958
299.959
299.96
299.959
299.958
299.957
299.953
299.951
299.95
299.949
299.943
299.92
299.854
299.676
299.253
298.452
297.311
299.914
299.942
299.951
299.955
299.957
299.957
299.957
299.956
299.955
299.952
299.95
299.949
299.949
299.943
299.919
299.851
299.67
299.243
298.437
297.288
299.91
299.938
299.948
299.953
299.954
299.955
299.955
299.954
299.953
299.951
299.949
299.949
299.949
299.942
299.918
299.849
299.665
299.234
298.424
297.269
299.906
299.935
299.945
299.95
299.952
299.953
299.953
299.952
299.951
299.949
299.948
299.949
299.948
299.941
299.916
299.846
299.66
299.227
298.415
297.252
299.901
299.931
299.942
299.947
299.95
299.951
299.951
299.95
299.95
299.948
299.948
299.948
299.948
299.94
299.915
299.844
299.657
299.222
298.409
297.239
299.897
299.928
299.939
299.945
299.947
299.949
299.949
299.949
299.948
299.947
299.947
299.948
299.947
299.939
299.913
299.842
299.654
299.22
298.406
297.229
299.893
299.924
299.936
299.942
299.945
299.947
299.947
299.947
299.947
299.946
299.947
299.948
299.946
299.938
299.912
299.84
299.652
299.219
298.407
297.222
299.889
299.921
299.933
299.94
299.943
299.945
299.946
299.946
299.946
299.946
299.946
299.947
299.946
299.937
299.91
299.838
299.651
299.221
298.411
297.219
299.884
299.917
299.931
299.937
299.941
299.943
299.944
299.945
299.945
299.945
299.946
299.947
299.945
299.935
299.908
299.836
299.651
299.224
298.418
297.218
299.88
299.914
299.928
299.935
299.939
299.942
299.943
299.944
299.944
299.945
299.945
299.946
299.944
299.934
299.907
299.835
299.651
299.229
298.428
297.221
299.876
299.911
299.925
299.933
299.938
299.94
299.942
299.943
299.943
299.944
299.945
299.945
299.943
299.932
299.905
299.834
299.652
299.236
298.44
297.225
299.872
299.908
299.923
299.931
299.936
299.939
299.941
299.942
299.943
299.943
299.944
299.945
299.941
299.93
299.903
299.832
299.654
299.243
298.453
297.231
299.868
299.905
299.921
299.929
299.934
299.938
299.94
299.941
299.942
299.943
299.944
299.944
299.94
299.928
299.9
299.831
299.655
299.251
298.468
297.238
299.864
299.902
299.918
299.927
299.933
299.937
299.939
299.941
299.941
299.942
299.943
299.942
299.938
299.926
299.898
299.829
299.657
299.259
298.481
297.244
299.861
299.899
299.916
299.925
299.931
299.935
299.938
299.94
299.941
299.941
299.942
299.941
299.935
299.923
299.895
299.827
299.657
299.266
298.493
297.248
299.857
299.896
299.913
299.923
299.93
299.934
299.937
299.939
299.94
299.94
299.941
299.939
299.933
299.92
299.891
299.824
299.657
299.27
298.5
297.247
299.853
299.893
299.911
299.921
299.928
299.933
299.936
299.938
299.939
299.939
299.939
299.936
299.93
299.916
299.887
299.82
299.655
299.27
298.501
297.24
299.849
299.889
299.908
299.919
299.926
299.931
299.934
299.936
299.937
299.937
299.937
299.933
299.926
299.912
299.883
299.815
299.649
299.264
298.493
297.224
299.846
299.886
299.905
299.917
299.924
299.929
299.932
299.934
299.935
299.935
299.934
299.93
299.922
299.907
299.877
299.808
299.64
299.25
298.471
297.195
299.842
299.883
299.902
299.914
299.922
299.927
299.93
299.932
299.933
299.933
299.931
299.926
299.917
299.901
299.87
299.798
299.624
299.224
298.432
297.151
299.838
299.879
299.899
299.911
299.919
299.924
299.927
299.929
299.93
299.929
299.926
299.921
299.911
299.894
299.86
299.784
299.598
299.181
298.37
297.088
299.833
299.875
299.895
299.907
299.915
299.921
299.924
299.926
299.926
299.925
299.921
299.915
299.904
299.885
299.847
299.762
299.559
299.116
298.28
297.005
299.829
299.87
299.89
299.903
299.911
299.917
299.92
299.922
299.922
299.92
299.915
299.908
299.895
299.873
299.829
299.729
299.5
299.02
298.156
296.901
299.824
299.865
299.886
299.898
299.906
299.912
299.915
299.917
299.916
299.913
299.908
299.899
299.884
299.857
299.801
299.678
299.411
298.885
297.994
296.776
299.818
299.859
299.88
299.893
299.901
299.906
299.909
299.91
299.909
299.906
299.899
299.888
299.869
299.833
299.757
299.6
299.282
298.701
297.791
296.636
299.812
299.853
299.873
299.886
299.894
299.899
299.902
299.903
299.901
299.897
299.889
299.874
299.847
299.794
299.687
299.479
299.098
298.463
297.553
296.488
299.805
299.846
299.866
299.878
299.886
299.891
299.894
299.894
299.891
299.886
299.875
299.854
299.811
299.728
299.572
299.298
298.846
298.169
297.289
296.341
299.797
299.838
299.857
299.87
299.877
299.882
299.884
299.883
299.88
299.872
299.856
299.82
299.748
299.615
299.391
299.039
298.523
297.831
297.019
296.206
299.788
299.828
299.847
299.859
299.866
299.87
299.872
299.87
299.865
299.853
299.824
299.759
299.634
299.427
299.117
298.69
298.137
297.474
296.764
296.091
299.776
299.816
299.835
299.846
299.853
299.856
299.857
299.854
299.845
299.821
299.764
299.643
299.435
299.133
298.74
298.265
297.72
297.131
296.543
296
299.759
299.798
299.817
299.828
299.834
299.836
299.834
299.829
299.81
299.76
299.644
299.429
299.114
298.719
298.276
297.806
297.321
296.833
296.364
295.929
299.73
299.767
299.785
299.796
299.801
299.801
299.795
299.782
299.741
299.633
299.413
299.077
298.662
298.22
297.789
297.377
296.981
296.597
296.227
295.874
299.668
299.705
299.726
299.738
299.742
299.739
299.727
299.696
299.601
299.383
299.028
298.589
298.137
297.724
297.36
297.031
296.72
296.418
296.122
295.83
299.53
299.586
299.624
299.645
299.65
299.642
299.615
299.534
299.327
298.967
298.513
298.058
297.657
297.323
297.037
296.777
296.527
296.28
296.037
295.792
299.126
299.38
299.477
299.518
299.525
299.501
299.431
299.242
298.894
298.448
298.003
297.619
297.304
297.041
296.807
296.588
296.376
296.167
295.963
295.756
298.626
299.179
299.324
299.375
299.37
299.307
299.157
298.833
298.404
297.979
297.613
297.311
297.056
296.831
296.625
296.431
296.245
296.066
295.894
295.721
298.578
299.067
299.191
299.228
299.185
299.049
298.745
298.34
297.945
297.605
297.319
297.07
296.848
296.645
296.458
296.284
296.121
295.969
295.827
295.685
298.565
298.97
299.07
299.072
298.954
298.656
298.261
297.901
297.592
297.321
297.077
296.853
296.649
296.462
296.293
296.139
295.999
295.873
295.76
295.647
298.542
298.832
298.947
298.876
298.529
298.162
297.856
297.581
297.322
297.077
296.848
296.637
296.446
296.275
296.124
295.991
295.876
295.777
295.692
295.607
298.501
298.678
298.777
298.363
298.097
297.85
297.594
297.334
297.079
296.837
296.614
296.413
296.235
296.082
295.951
295.841
295.751
295.679
295.621
295.564
298.442
298.516
298.346
298.158
297.922
297.653
297.372
297.093
296.829
296.586
296.369
296.179
296.017
295.883
295.773
295.687
295.623
295.578
295.548
295.516
298.393
298.469
298.314
298.065
297.765
297.448
297.133
296.836
296.565
296.324
296.115
295.939
295.794
295.68
295.593
295.531
295.493
295.473
295.469
295.462
298.481
298.497
298.267
297.938
297.577
297.216
296.875
296.564
296.29
296.054
295.856
295.695
295.569
295.475
295.411
295.374
295.36
295.363
295.377
295.387
298.751
298.524
298.173
297.769
297.355
296.96
296.6
296.282
296.009
295.781
295.596
295.452
295.345
295.272
295.231
295.216
295.223
295.235
295.275
295.343
298.807
298.461
298.031
297.567
297.111
296.69
296.316
295.995
295.727
295.51
295.34
295.213
295.126
295.074
295.053
295.057
295.069
295.119
295.205
295.315
298.838
298.388
297.875
297.352
296.856
296.412
296.03
295.71
295.45
295.246
295.092
294.983
294.914
294.881
294.88
294.89
294.938
295.023
295.146
295.291
298.864
298.309
297.713
297.13
296.597
296.135
295.748
295.433
295.184
294.994
294.856
294.764
294.713
294.698
294.704
294.744
294.821
294.936
295.09
295.266
298.886
298.225
297.546
296.904
296.339
295.862
295.474
295.167
294.931
294.757
294.635
294.559
294.523
294.523
294.546
294.61
294.713
294.855
295.037
295.241
298.907
298.137
297.376
296.679
296.084
295.598
295.213
294.917
294.696
294.537
294.43
294.369
294.348
294.354
294.4
294.487
294.613
294.779
294.986
295.214
298.926
298.047
297.205
296.456
295.837
295.346
294.968
294.685
294.479
294.336
294.244
294.196
294.187
294.208
294.271
294.375
294.52
294.706
294.935
295.186
298.945
297.957
297.034
296.237
295.599
295.108
294.741
294.474
294.284
294.155
294.077
294.041
294.041
294.075
294.152
294.271
294.433
294.638
294.887
295.157
298.963
297.865
296.865
296.025
295.373
294.887
294.534
294.283
294.11
293.996
293.929
293.903
293.909
293.956
294.045
294.177
294.352
294.572
294.839
295.128
298.981
297.775
296.699
295.821
295.161
294.683
294.347
294.114
293.958
293.857
293.801
293.783
293.795
293.851
293.95
294.091
294.277
294.511
294.793
295.098
298.999
297.686
296.538
295.627
294.963
294.499
294.181
293.967
293.827
293.739
293.692
293.68
293.699
293.761
293.865
294.013
294.208
294.452
294.748
295.068
299.017
297.599
296.382
295.443
294.782
294.333
294.036
293.841
293.715
293.639
293.6
293.592
293.617
293.682
293.79
293.942
294.143
294.397
294.704
295.039
299.035
297.515
296.233
295.271
294.616
294.187
293.911
293.734
293.623
293.557
293.524
293.519
293.547
293.614
293.724
293.879
294.084
294.345
294.662
295.01
299.053
297.435
296.091
295.111
294.467
294.059
293.804
293.646
293.548
293.49
293.463
293.46
293.488
293.556
293.665
293.821
294.029
294.296
294.622
294.982
299.072
297.358
295.957
294.964
294.334
293.948
293.715
293.573
293.488
293.438
293.414
293.412
293.441
293.506
293.614
293.769
293.979
294.249
294.584
294.956
299.092
297.286
295.832
294.831
294.217
293.854
293.642
293.516
293.441
293.397
293.377
293.376
293.402
293.465
293.569
293.722
293.932
294.206
294.548
294.931
299.112
297.219
295.715
294.71
294.115
293.776
293.583
293.471
293.405
293.367
293.349
293.347
293.372
293.43
293.529
293.68
293.889
294.166
294.514
294.908
299.133
297.157
295.608
294.602
294.028
293.711
293.536
293.436
293.378
293.345
293.328
293.326
293.347
293.4
293.495
293.641
293.85
294.128
294.483
294.887
299.154
297.101
295.51
294.506
293.953
293.658
293.5
293.411
293.359
293.329
293.313
293.311
293.328
293.376
293.465
293.607
293.813
294.092
294.453
294.869
299.177
297.05
295.422
294.423
293.89
293.616
293.472
293.393
293.345
293.318
293.303
293.3
293.313
293.355
293.439
293.576
293.779
294.06
294.426
294.853
299.201
297.005
295.342
294.35
293.838
293.583
293.452
293.38
293.336
293.31
293.296
293.292
293.301
293.338
293.415
293.547
293.748
294.029
294.402
294.84
299.226
296.966
295.272
294.287
293.795
293.557
293.438
293.371
293.33
293.304
293.291
293.286
293.292
293.323
293.395
293.522
293.719
294.002
294.38
294.83
299.252
296.931
295.209
294.234
293.761
293.539
293.429
293.365
293.325
293.3
293.287
293.282
293.284
293.311
293.377
293.499
293.693
293.976
294.361
294.823
299.28
296.903
295.155
294.188
293.733
293.525
293.423
293.362
293.322
293.297
293.284
293.278
293.278
293.3
293.361
293.478
293.669
293.953
294.344
294.818
299.309
296.879
295.107
294.15
293.712
293.516
293.42
293.36
293.319
293.293
293.281
293.275
293.273
293.291
293.347
293.458
293.647
293.932
294.329
294.816
299.339
296.86
295.066
294.118
293.695
293.511
293.419
293.359
293.317
293.29
293.277
293.272
293.268
293.283
293.334
293.441
293.627
293.913
294.318
294.817
299.371
296.846
295.031
294.092
293.683
293.508
293.419
293.359
293.314
293.285
293.273
293.268
293.264
293.275
293.322
293.425
293.608
293.897
294.308
294.82
299.405
296.837
295.002
294.071
293.675
293.508
293.42
293.358
293.31
293.28
293.268
293.264
293.26
293.269
293.312
293.411
293.592
293.882
294.302
294.826
299.439
296.832
294.978
294.054
293.669
293.509
293.423
293.357
293.305
293.273
293.261
293.26
293.257
293.263
293.302
293.398
293.577
293.869
294.297
294.834
299.476
296.831
294.958
294.041
293.666
293.512
293.425
293.356
293.3
293.266
293.254
293.256
293.253
293.258
293.293
293.386
293.564
293.859
294.295
294.845
299.514
296.834
294.943
294.031
293.666
293.517
293.428
293.355
293.294
293.257
293.246
293.25
293.249
293.253
293.286
293.375
293.552
293.85
294.294
294.858
299.553
296.841
294.932
294.025
293.668
293.522
293.431
293.353
293.287
293.248
293.237
293.245
293.245
293.248
293.278
293.365
293.541
293.842
294.296
294.873
299.594
296.852
294.926
294.022
293.671
293.528
293.435
293.351
293.28
293.239
293.228
293.239
293.242
293.243
293.271
293.356
293.532
293.836
294.3
294.89
299.637
296.867
294.924
294.022
293.677
293.535
293.439
293.349
293.274
293.229
293.219
293.232
293.238
293.239
293.265
293.348
293.524
293.832
294.305
294.909
299.68
296.886
294.926
294.026
293.684
293.543
293.442
293.347
293.267
293.22
293.209
293.226
293.234
293.235
293.259
293.341
293.517
293.829
294.312
294.93
299.725
296.908
294.933
294.032
293.692
293.552
293.447
293.346
293.261
293.213
293.201
293.22
293.23
293.231
293.254
293.334
293.511
293.828
294.321
294.953
299.77
296.935
294.944
294.041
293.703
293.561
293.452
293.346
293.256
293.206
293.194
293.213
293.226
293.227
293.248
293.328
293.506
293.827
294.332
294.977
299.816
296.965
294.959
294.054
293.715
293.571
293.457
293.346
293.253
293.201
293.187
293.208
293.222
293.223
293.244
293.323
293.502
293.828
294.344
295.003
299.863
296.998
294.979
294.069
293.728
293.581
293.463
293.347
293.251
293.197
293.183
293.202
293.218
293.22
293.239
293.318
293.498
293.83
294.357
295.031
299.909
297.035
295.003
294.087
293.743
293.592
293.469
293.349
293.25
293.195
293.179
293.197
293.214
293.216
293.235
293.313
293.496
293.833
294.372
295.06
299.956
297.074
295.03
294.108
293.759
293.604
293.476
293.352
293.25
293.194
293.178
293.193
293.211
293.213
293.231
293.31
293.494
293.837
294.388
295.091
300.002
297.116
295.061
294.131
293.776
293.616
293.483
293.355
293.252
293.194
293.177
293.189
293.207
293.21
293.227
293.306
293.493
293.843
294.406
295.124
300.048
297.159
295.095
294.156
293.795
293.629
293.49
293.36
293.254
293.196
293.177
293.186
293.204
293.207
293.224
293.303
293.493
293.849
294.425
295.158
300.093
297.204
295.132
294.183
293.814
293.641
293.498
293.364
293.257
293.198
293.178
293.183
293.201
293.204
293.221
293.301
293.494
293.856
294.446
295.194
300.137
297.249
295.17
294.211
293.835
293.655
293.506
293.369
293.261
293.2
293.18
293.182
293.198
293.201
293.218
293.299
293.495
293.865
294.468
295.232
300.18
297.295
295.21
294.24
293.855
293.668
293.514
293.374
293.264
293.203
293.182
293.18
293.195
293.198
293.215
293.298
293.497
293.875
294.491
295.272
300.221
297.341
295.251
294.271
293.876
293.681
293.521
293.379
293.267
293.205
293.184
293.179
293.193
293.196
293.213
293.296
293.5
293.886
294.515
295.314
300.261
297.386
295.293
294.301
293.897
293.694
293.528
293.383
293.27
293.207
293.186
293.179
293.191
293.193
293.21
293.295
293.504
293.897
294.541
295.358
300.3
297.431
295.334
294.332
293.918
293.706
293.535
293.386
293.272
293.208
293.188
293.178
293.188
293.191
293.208
293.295
293.507
293.909
294.567
295.403
300.337
297.474
295.374
294.362
293.939
293.718
293.541
293.389
293.272
293.208
293.188
293.177
293.186
293.188
293.206
293.294
293.511
293.922
294.595
295.451
300.373
297.516
295.414
294.391
293.958
293.73
293.546
293.39
293.272
293.207
293.188
293.177
293.184
293.186
293.204
293.293
293.515
293.935
294.624
295.501
300.407
297.556
295.451
294.42
293.978
293.74
293.55
293.39
293.27
293.205
293.187
293.176
293.181
293.183
293.202
293.293
293.519
293.948
294.655
295.553
300.439
297.594
295.488
294.448
293.996
293.75
293.553
293.388
293.266
293.202
293.184
293.174
293.179
293.181
293.2
293.292
293.524
293.963
294.687
295.608
300.47
297.631
295.523
294.474
294.014
293.759
293.555
293.385
293.261
293.197
293.18
293.173
293.176
293.179
293.198
293.292
293.528
293.978
294.72
295.664
300.5
297.666
295.556
294.499
294.03
293.767
293.556
293.381
293.256
293.191
293.176
293.171
293.174
293.176
293.196
293.291
293.533
293.993
294.755
295.724
300.529
297.699
295.588
294.524
294.046
293.775
293.556
293.376
293.249
293.186
293.17
293.169
293.171
293.174
293.194
293.291
293.539
294.01
294.792
295.786
300.556
297.731
295.619
294.547
294.062
293.781
293.555
293.37
293.242
293.18
293.165
293.166
293.169
293.172
293.192
293.292
293.545
294.028
294.832
295.851
300.583
297.762
295.648
294.57
294.077
293.787
293.553
293.364
293.234
293.174
293.16
293.164
293.167
293.17
293.191
293.292
293.552
294.048
294.873
295.918
300.608
297.791
295.677
294.593
294.091
293.793
293.551
293.357
293.228
293.17
293.156
293.161
293.164
293.168
293.19
293.294
293.56
294.07
294.918
295.989
300.632
297.819
295.705
294.615
294.105
293.798
293.549
293.351
293.221
293.166
293.153
293.159
293.162
293.166
293.189
293.296
293.569
294.093
294.965
296.062
300.656
297.847
295.732
294.636
294.118
293.802
293.546
293.344
293.216
293.164
293.151
293.156
293.16
293.164
293.188
293.298
293.58
294.119
295.015
296.139
300.679
297.874
295.76
294.658
294.132
293.807
293.543
293.339
293.213
293.162
293.15
293.154
293.159
293.162
293.187
293.302
293.593
294.147
295.069
296.217
300.701
297.901
295.787
294.68
294.145
293.811
293.54
293.334
293.21
293.162
293.15
293.153
293.157
293.161
293.187
293.307
293.607
294.178
295.125
296.298
)
;

boundaryField
{
    wall
    {
        type            zeroGradient;
    }
    inlet
    {
        type            fixedValue;
        value           uniform 303.15;
    }
    outlet
    {
        type            inletOutlet;
        inletValue      uniform 300;
        value           nonuniform List<scalar> 
20
(
299.029
299.709
300
300
300
300
300
300
300
300
300
300
300
300.002
300.004
300.008
300.011
300.01
300
299.976
)
;
    }
    heatWall
    {
        type            fixedGradient;
        gradient        uniform -1500;
    }
}


// ************************************************************************* //
