/*--------------------------------*- C++ -*----------------------------------*\
  =========                 |
  \\      /  F ield         | OpenFOAM: The Open Source CFD Toolbox
   \\    /   O peration     | Website:  https://openfoam.org
    \\  /    A nd           | Version:  8
     \\/     M anipulation  |
\*---------------------------------------------------------------------------*/
FoamFile
{
    version     2.0;
    format      ascii;
    class       surfaceScalarField;
    location    "100";
    object      phi;
}
// * * * * * * * * * * * * * * * * * * * * * * * * * * * * * * * * * * * * * //

dimensions      [1 0 -1 0 0 0 0];

internalField   nonuniform List<scalar> 
2860
(
0.400777
-0.00187139
0.000259267
0.400694
0.00138139
0.00176828
0.400705
0.00144031
0.00639721
0.400369
0.00174412
0.00950126
0.39983
0.00184515
0.0103396
0.399234
0.00176214
0.0101069
0.398634
0.00164674
0.00990312
0.398037
0.00153313
0.00922446
0.397445
0.00141374
0.00798724
0.396869
0.00131123
0.00717773
0.396307
0.00122089
0.00653235
0.395755
0.00113247
0.00560202
0.395217
0.00105393
0.00470462
0.39469
0.000983245
0.00386245
0.394174
0.000918668
0.00314653
0.393669
0.000864602
0.00267211
0.393174
0.000818528
0.00226682
0.392688
0.000776607
0.00192152
0.392212
0.000738011
0.00171138
0.391746
0.000704755
0.00163965
0.391289
0.000675998
0.00159185
0.390841
0.000647805
0.00146159
0.390401
0.000621116
0.0013505
0.389971
0.000598145
0.00126915
0.389549
0.000576438
0.00109458
0.389136
0.000554659
0.000845366
0.388732
0.000534237
0.000565083
0.388336
0.000515415
0.00021881
0.387949
0.000497524
-0.00018492
0.387571
0.000480272
-0.000621806
0.387201
0.00046319
-0.00112113
0.386839
0.000446203
-0.00168803
0.386486
0.000430228
-0.00227855
0.386142
0.000415325
-0.00288271
0.385806
0.000400294
-0.00354178
0.385477
0.000385168
-0.00427488
0.385157
0.000370792
-0.00504261
0.384845
0.00035655
-0.00582572
0.384541
0.000342409
-0.00663615
0.384245
0.000329137
-0.00745541
0.383957
0.000316007
-0.00828522
0.383678
0.000302998
-0.0091253
0.383408
0.000289635
-0.0100038
0.383146
0.000275521
-0.0109576
0.382894
0.000262767
-0.0118812
0.38265
0.000249905
-0.0127852
0.382417
0.00023698
-0.0136899
0.382193
0.000224727
-0.0146031
0.381979
0.000209813
-0.0156131
0.381776
0.00019577
-0.0165526
0.381584
0.000182839
-0.0174895
0.381403
0.000168754
-0.0184114
0.381234
0.000154729
-0.0192985
0.381077
0.00014069
-0.0202531
0.380933
0.000126244
-0.0212184
0.380801
0.000110209
-0.0221765
0.380685
9.41781e-05
-0.0230284
0.380588
7.49643e-05
-0.0239033
0.380517
4.52457e-05
-0.024794
-7.66328e-05
-0.0256894
0.39825
-0.00315422
0.00104217
0.398241
-1.26409e-05
0.00201407
0.398041
9.32268e-06
0.00343552
0.39805
5.12218e-05
0.00477631
0.398119
7.69721e-05
0.00521818
0.398223
3.05718e-05
0.00616006
0.398348
-1.87725e-05
0.00735878
0.398479
-6.81853e-05
0.00809694
0.398611
-0.000101884
0.00867656
0.398743
-0.000114018
0.00945742
0.398872
-0.00012082
0.0102145
0.398997
-0.000122668
0.0108683
0.399118
-0.000114285
0.0115341
0.399235
-0.000101154
0.0122431
0.399349
-8.36688e-05
0.0130995
0.399459
-5.94488e-05
0.0140219
0.399566
-3.2743e-05
0.0148395
0.39967
-5.2387e-06
0.0156538
0.399772
2.45844e-05
0.0165895
0.399873
5.75706e-05
0.0175983
0.399972
9.14637e-05
0.0185652
0.40007
0.000123283
0.0195143
0.400169
0.000154497
0.0205405
0.400267
0.000186792
0.0215653
0.400366
0.000217875
0.0225273
0.400466
0.000246815
0.0235058
0.400568
0.000275224
0.0245017
0.400671
0.000303269
0.0254528
0.400776
0.000330347
0.0263772
0.400883
0.000356828
0.0273048
0.400993
0.000382823
0.0282257
0.401105
0.000408273
0.0291474
0.401221
0.000433958
0.0300819
0.401339
0.000460239
0.0310241
0.40146
0.000486318
0.0319726
0.401585
0.00051238
0.0329161
0.401713
0.000539251
0.0338617
0.401845
0.000566692
0.0348449
0.401981
0.000595071
0.0358585
0.402121
0.000624929
0.0368885
0.402265
0.00065566
0.0379547
0.402415
0.000687766
0.0390618
0.402571
0.000721162
0.0402
0.402732
0.000755313
0.0413601
0.402899
0.000791694
0.0425654
0.403074
0.000829704
0.0438412
0.403257
0.000869452
0.0451822
0.403448
0.000911049
0.0465477
0.403648
0.000952966
0.0479774
0.403859
0.000997828
0.0495426
0.404081
0.00104425
0.0511376
0.404315
0.00109207
0.0528502
0.404562
0.00114254
0.0546956
0.404822
0.0011928
0.0565612
0.405097
0.00124292
0.0584898
0.405388
0.00129355
0.0605575
0.405695
0.00134349
0.0628048
0.406019
0.00138694
0.0650961
0.40637
0.00141204
0.0674662
0.00138179
0.069863
0.396073
-0.000915711
0.000685745
0.396283
0.000532434
0.0009058
0.396452
0.000794575
0.000436113
0.396759
0.000840665
0.000143241
0.39712
0.000901966
-9.48376e-05
0.397472
0.00093612
0.000278948
0.397797
0.000925281
0.000510973
0.398096
0.000901545
0.000650673
0.398373
0.000888446
0.000833144
0.398628
0.000868493
0.0009062
0.398865
0.000849431
0.000997368
0.399086
0.000837505
0.00115794
0.399293
0.000828175
0.00123586
0.399487
0.000820965
0.00134805
0.399671
0.00081782
0.0016196
0.399847
0.000815932
0.00184645
0.400014
0.000811609
0.0019071
0.400174
0.000807278
0.0019327
0.400328
0.000806945
0.00199609
0.400479
0.000808756
0.00200485
0.400625
0.000810405
0.00188564
0.400767
0.000812022
0.00176616
0.400909
0.000814994
0.00171229
0.401049
0.000819403
0.00157805
0.401187
0.00082407
0.00136974
0.401326
0.000829225
0.00121936
0.401466
0.000835686
0.0010861
0.401606
0.000842913
0.000892977
0.401748
0.000850495
0.000674449
0.401891
0.000859112
0.000455392
0.402037
0.000868756
0.000229742
0.402185
0.000878572
1.33332e-05
0.402336
0.000888723
-0.000206984
0.402489
0.000899537
-0.000449721
0.402646
0.000910703
-0.000688967
0.402805
0.000922224
-0.000938116
0.402968
0.000934518
-0.00121253
0.403135
0.000947832
-0.00146128
0.403305
0.000962667
-0.00170486
0.403479
0.000978962
-0.00198306
0.403657
0.000996449
-0.00225157
0.40384
0.0010161
-0.00252011
0.404027
0.00103796
-0.00279596
0.40422
0.0010612
-0.00306803
0.404417
0.00108642
-0.00337106
0.404621
0.00111393
-0.00365852
0.40483
0.00114382
-0.00394238
0.405046
0.00117571
-0.00428094
0.405268
0.00121045
-0.00457797
0.405498
0.00124888
-0.00485143
0.405735
0.001288
-0.00518077
0.405981
0.00133074
-0.00548449
0.406235
0.00137726
-0.00578974
0.406498
0.00142306
-0.00613275
0.40677
0.00147029
-0.00649157
0.407053
0.00151982
-0.00683689
0.407346
0.001569
-0.00715342
0.407651
0.00161276
-0.00750352
0.407963
0.00164468
-0.00786338
0.00164125
-0.00814459
0.397422
-0.000490155
0.000460269
0.397745
1.82441e-05
-4.08298e-06
0.398073
0.000141043
-0.000497694
0.398346
0.000109422
-0.000710255
0.398608
0.000118059
7.4298e-05
0.398831
0.000110836
0.000383994
0.399024
8.27412e-05
0.000724749
0.399199
7.01235e-05
0.00142825
0.39936
6.30236e-05
0.00192289
0.399513
6.06377e-05
0.00252147
0.399661
6.88816e-05
0.00330699
0.399804
8.26554e-05
0.00400164
0.399944
9.675e-05
0.00450338
0.40008
0.000116496
0.00496534
0.400214
0.000142579
0.00544813
0.400346
0.000168603
0.00584413
0.400475
0.000191855
0.00619846
0.400604
0.000215555
0.00657068
0.400731
0.000241627
0.00689278
0.400858
0.000266798
0.00710928
0.400984
0.00028936
0.00724014
0.401111
0.000311698
0.00742134
0.401238
0.000334621
0.00766419
0.401366
0.000356356
0.00781881
0.401495
0.000376749
0.00793647
0.401626
0.000397535
0.00814456
0.401759
0.000418833
0.00837502
0.401894
0.000439286
0.00856944
0.402032
0.000458875
0.00878076
0.402172
0.000478691
0.00901379
0.402315
0.000498849
0.00925618
0.402462
0.000518682
0.0095378
0.402612
0.00053811
0.00984243
0.402765
0.000557365
0.0101452
0.402921
0.000576488
0.0104788
0.403082
0.00059536
0.0108281
0.403246
0.00061403
0.0111762
0.403414
0.000633193
0.0115753
0.403586
0.000653276
0.0119846
0.403762
0.000673701
0.012367
0.403943
0.000694615
0.0127863
0.404129
0.000716907
0.0132033
0.40432
0.000740509
0.0136096
0.404517
0.000764895
0.0140444
0.404719
0.000790102
0.0144612
0.404927
0.000816606
0.0149103
0.405142
0.000844485
0.0153716
0.405364
0.000873386
0.0158007
0.405592
0.000904707
0.016265
0.405828
0.000938259
0.0167083
0.406073
0.000971597
0.0171646
0.406325
0.00100714
0.0176192
0.406586
0.0010442
0.0180239
0.406857
0.00108152
0.01848
0.407136
0.00111981
0.0189472
0.407425
0.00115724
0.0193974
0.407724
0.00119412
0.0198635
0.408031
0.00122713
0.020348
0.408346
0.00124738
0.0207714
0.00125167
0.0212794
0.397422
5.00458e-07
0.000609565
0.397468
4.08815e-06
0.000283024
0.397668
8.97747e-07
-0.000248861
0.397867
-2.83609e-06
-0.00078325
0.398104
1.47195e-05
-0.000615856
0.398348
1.79523e-06
-0.000931961
0.39859
1.17839e-05
-0.000748602
0.398824
2.96579e-05
-0.000269264
0.399044
3.74793e-05
-5.49247e-05
0.399256
5.76793e-05
0.000313007
0.399457
8.53919e-05
0.000742544
0.399648
0.00010909
0.00102908
0.39983
0.000130455
0.00124382
0.400003
0.000155675
0.00137062
0.400169
0.000182425
0.00135567
0.400327
0.000207594
0.00126067
0.40048
0.000232275
0.00125875
0.400629
0.000257046
0.00130902
0.400774
0.000281052
0.0012391
0.400915
0.000302128
0.00107865
0.401054
0.00032059
0.000919251
0.401191
0.000339272
0.000826348
0.401327
0.000357962
0.000767595
0.401463
0.000374421
0.000644071
0.401598
0.000389506
0.000519119
0.401735
0.000405449
0.000463618
0.401872
0.000421641
0.000400484
0.402011
0.000436462
0.000316825
0.402152
0.00045042
0.000269672
0.402295
0.000464728
0.000227158
0.402441
0.000479345
0.00016818
0.402589
0.000493798
0.00013923
0.402741
0.000507992
0.000129917
0.402895
0.000522025
0.000110311
0.403053
0.000536067
0.000109029
0.403214
0.000549901
0.000118623
0.403378
0.000563402
0.000135733
0.403547
0.000577521
0.000198752
0.403719
0.000592354
0.000249238
0.403896
0.000607236
0.00027474
0.404077
0.000622694
0.000341949
0.404263
0.000638982
0.000381779
0.404454
0.000655976
0.000392587
0.40465
0.000673965
0.000433542
0.404851
0.00069269
0.000465565
0.405059
0.00071239
0.000533039
0.405272
0.00073341
0.000602999
0.405493
0.000755502
0.000652393
0.40572
0.000778722
0.000700729
0.405954
0.000803107
0.000685128
0.406196
0.000828654
0.000744404
0.406446
0.000855327
0.000777231
0.406703
0.000882728
0.000743349
0.40697
0.000911519
0.000794383
0.407246
0.000940453
0.000850918
0.40753
0.000968717
0.000917914
0.407823
0.000997118
0.000990081
0.408123
0.00102273
0.00108115
0.408423
0.00104362
0.00113287
0.00105995
0.00112574
0.397422
0.000498693
0.000633104
0.397468
-8.29305e-06
0.000273163
0.397668
-0.00013373
-9.73667e-05
0.39787
-0.000102859
-0.000421433
0.398101
-0.000103233
-0.000859397
0.39835
-9.091e-05
-0.000766546
0.398592
-4.97875e-05
-0.000559107
0.398824
-6.61748e-06
-0.000395253
0.399048
2.73785e-05
-8.27684e-05
0.39926
6.30801e-05
0.000151503
0.399461
9.99823e-05
0.000142184
0.399651
0.000135842
0.000144754
0.399833
0.000172035
0.000320195
0.400006
0.000206617
0.000410616
0.400171
0.000235662
0.000340287
0.400329
0.000262097
0.000244147
0.400482
0.000289167
0.000257105
0.400631
0.000313979
0.000297241
0.400775
0.000333953
0.000201996
0.400915
0.000349724
7.29427e-05
0.401054
0.000363475
1.35058e-05
0.401191
0.000376804
1.95078e-06
0.401326
0.000389018
2.47042e-06
0.401461
0.00039885
7.40127e-07
0.401597
0.00040762
4.92642e-05
0.401733
0.000416957
0.000144402
0.401871
0.00042594
0.00022685
0.402009
0.000433525
0.000346248
0.40215
0.00044064
0.000549459
0.402293
0.000448036
0.000762601
0.402438
0.000455285
0.000959699
0.402587
0.000462565
0.00119777
0.402738
0.000469972
0.00146929
0.402892
0.000477075
0.00174015
0.40305
0.000484176
0.00202923
0.403211
0.0004911
0.00233897
0.403376
0.000497715
0.00268147
0.403545
0.000505024
0.00306588
0.403718
0.000512683
0.00342595
0.403895
0.00052018
0.00378052
0.404077
0.000528403
0.00418054
0.404263
0.000536748
0.00454584
0.404454
0.000545164
0.00488987
0.404651
0.000554581
0.00526194
0.404853
0.000564462
0.005633
0.405062
0.000575074
0.00604372
0.405277
0.000586798
0.00643915
0.405498
0.000599395
0.00681171
0.405727
0.000611386
0.00717842
0.405962
0.000623217
0.00747307
0.406206
0.00063755
0.0078475
0.406457
0.000651992
0.00819087
0.406717
0.000665969
0.00847673
0.406985
0.0006813
0.00881405
0.407263
0.000696578
0.00915022
0.407549
0.000711982
0.00951965
0.407844
0.000726778
0.00985148
0.408145
0.000740872
0.0102114
0.408451
0.000754423
0.0105456
0.000768204
0.0107669
0.397421
0.000918276
0.000164006
0.397741
-0.000519157
-0.000413216
0.39807
-0.000783361
-0.000319975
0.39835
-0.000821726
9.29625e-05
0.398606
-0.000898621
0.000304153
0.398834
-0.000889695
0.00110538
0.399029
-0.000863459
0.00142363
0.399204
-0.000834202
0.00136837
0.399369
-0.000790746
0.00153571
0.399525
-0.000749665
0.00152338
0.399673
-0.000709437
0.00119198
0.399818
-0.000661701
0.00084541
0.399959
-0.000607808
0.000571074
0.400096
-0.000556357
0.000163079
0.40023
-0.000510285
-0.000292368
0.400362
-0.000464969
-0.000731475
0.400492
-0.000418609
-0.00115107
0.400621
-0.000374359
-0.00156041
0.400748
-0.00033494
-0.0020091
0.400875
-0.000298683
-0.00239958
0.401001
-0.000263791
-0.00270138
0.401128
-0.000230871
-0.00299857
0.401255
-0.000200247
-0.00330762
0.401384
-0.000171881
-0.00358756
0.401514
-0.000145202
-0.00382041
0.401645
-0.000119572
-0.00406876
0.401778
-9.548e-05
-0.00435766
0.401914
-7.29432e-05
-0.00459062
0.402053
-5.10817e-05
-0.00474535
0.402194
-3.01188e-05
-0.00492092
0.402337
-1.05635e-05
-0.00513196
0.402485
8.13727e-06
-0.00531611
0.402635
2.61865e-05
-0.00547892
0.402788
4.31827e-05
-0.00564772
0.402946
5.95946e-05
-0.0058132
0.403106
7.53835e-05
-0.00596398
0.403271
9.03933e-05
-0.00607517
0.40344
0.000105506
-0.00617031
0.403612
0.000120037
-0.00630674
0.403789
0.000133757
-0.00643707
0.403971
0.000147785
-0.00654032
0.404158
0.00016102
-0.00667996
0.404349
0.000173755
-0.0068276
0.404546
0.000186743
-0.00696726
0.404749
0.000199221
-0.00711093
0.404957
0.000212254
-0.00722229
0.405172
0.000225564
-0.00737641
0.405393
0.000238811
-0.00756619
0.405622
0.000251084
-0.00772427
0.405857
0.000262367
-0.00792264
0.406101
0.000275619
-0.00809443
0.406352
0.000288142
-0.00829353
0.406611
0.000299626
-0.00851464
0.406879
0.00031173
-0.00871336
0.407156
0.00032432
-0.00891621
0.407442
0.000336395
-0.00909903
0.407736
0.000346877
-0.00932509
0.408036
0.000360164
-0.00952309
0.408337
0.00037783
-0.00976414
0.000416991
-0.0101657
0.396075
0.0031548
0.00029489
0.396278
1.50692e-05
-0.000908898
0.39645
2.49186e-05
-0.00153054
0.396757
6.371e-06
-0.00150934
0.397123
-2.43118e-05
-0.00135352
0.397476
4.62177e-05
-0.00147665
0.397803
0.000126987
-0.00179264
0.398104
0.000179117
-0.0021972
0.398383
0.000221574
-0.00272171
0.39864
0.000257505
-0.00330999
0.39888
0.000278693
-0.00395094
0.399103
0.000291005
-0.00472376
0.399311
0.000299695
-0.00566947
0.399505
0.000302059
-0.00670081
0.399689
0.000300304
-0.00755521
0.399864
0.000297749
-0.00831187
0.40003
0.000293994
-0.00908077
0.40019
0.000290157
-0.00978005
0.400343
0.000285566
-0.0103481
0.400492
0.000281801
-0.0107403
0.400637
0.000279474
-0.0110103
0.40078
0.000276248
-0.0112399
0.400921
0.000273029
-0.011431
0.40106
0.000270648
-0.0115399
0.4012
0.000268288
-0.0115761
0.40134
0.000265645
-0.0116285
0.401479
0.000262744
-0.0117007
0.40162
0.000260464
-0.0116947
0.401763
0.000259266
-0.0116249
0.401908
0.000257759
-0.011585
0.402054
0.000255393
-0.0115717
0.402203
0.000253121
-0.0115449
0.402355
0.000250866
-0.0115196
0.40251
0.000248139
-0.0115059
0.402668
0.000245676
-0.0115065
0.402829
0.000243412
-0.0115074
0.402994
0.000241097
-0.0114744
0.403163
0.000239432
-0.0114605
0.403336
0.000237202
-0.0115001
0.403512
0.000234554
-0.0115285
0.403694
0.000232809
-0.0115643
0.40388
0.000230471
-0.0116331
0.404071
0.000228296
-0.0117057
0.404267
0.000226191
-0.0117965
0.404469
0.000223344
-0.0118877
0.404677
0.000222086
-0.0119733
0.404891
0.000220437
-0.012124
0.405111
0.000218469
-0.0123181
0.405339
0.000217326
-0.0124537
0.405574
0.000215292
-0.012589
0.405817
0.000213878
-0.0127671
0.406067
0.000212069
-0.0129666
0.406326
0.00020987
-0.0131472
0.406594
0.000208468
-0.0133339
0.406871
0.000207182
-0.0135617
0.407157
0.000205184
-0.013772
0.407452
0.000202827
-0.0139778
0.407754
0.00020418
-0.0142167
0.40806
0.000214605
-0.0144966
0.000276498
-0.0149026
0.398249
0.0018617
0.000753069
0.398241
-0.00140059
0.00166558
0.398041
-0.00144007
0.00246052
0.398049
-0.001735
0.00327476
0.398126
-0.0018263
0.00376455
0.398231
-0.00176235
0.00345939
0.398356
-0.0016425
0.00308707
0.398491
-0.00152381
0.00304544
0.398627
-0.00141979
0.00285268
0.398761
-0.0013168
0.00247039
0.398893
-0.00122226
0.00223449
0.39902
-0.00114355
0.00199885
0.399142
-0.00107701
0.0015991
0.399259
-0.00101844
0.00119622
0.399372
-0.000963554
0.000978678
0.399482
-0.000914201
0.000780112
0.399588
-0.000871766
0.000514686
0.39969
-0.000831755
0.000237394
0.39979
-0.000794156
3.57482e-05
0.399889
-0.000757658
-0.000102501
0.399987
-0.000722535
-0.00025007
0.400084
-0.000690964
-0.000398553
0.40018
-0.000660812
-0.000555857
0.400277
-0.000631431
-0.000697236
0.400375
-0.000604293
-0.000800358
0.400474
-0.000579429
-0.000932453
0.400574
-0.000556329
-0.00108522
0.400677
-0.000533877
-0.00118898
0.400781
-0.000511906
-0.00127648
0.400888
-0.00049204
-0.00138864
0.400997
-0.000474441
-0.00149382
0.401109
-0.000457622
-0.00159501
0.401224
-0.000441855
-0.00171052
0.401342
-0.000427753
-0.00182104
0.401463
-0.000414354
-0.00194987
0.401587
-0.000401789
-0.00208341
0.401715
-0.000390219
-0.00217757
0.401847
-0.000378908
-0.00230976
0.401982
-0.000369228
-0.00247249
0.402121
-0.000360634
-0.00259915
0.402265
-0.000351701
-0.00275862
0.402413
-0.000343939
-0.0029258
0.402566
-0.000336336
-0.00309179
0.402723
-0.000329521
-0.00327607
0.402887
-0.000323973
-0.00342413
0.403056
-0.000317002
-0.0036079
0.40323
-0.00031149
-0.0038412
0.403411
-0.000306616
-0.00409768
0.403598
-0.000300264
-0.00431989
0.403794
-0.000295161
-0.00450977
0.403995
-0.000290761
-0.00476146
0.404205
-0.000286373
-0.00502431
0.404423
-0.000281737
-0.00525611
0.40465
-0.000277718
-0.00551843
0.404885
-0.000274399
-0.00584073
0.405129
-0.000270306
-0.00614133
0.405383
-0.000265892
-0.00641255
0.405647
-0.000260155
-0.00676391
0.405923
-0.000245368
-0.00714876
-0.000138409
-0.00756583
0.400769
-0.000706412
0.400705
0.00217886
0.400704
0.00510125
0.400366
0.00673807
0.399831
0.00686832
0.399237
0.00566636
0.398634
0.00387293
0.398037
0.00240661
0.397452
0.00116049
0.396876
-0.000276672
0.396314
-0.00134264
0.395765
-0.00194872
0.395228
-0.00229305
0.394702
-0.00236436
0.394187
-0.00220598
0.393683
-0.00199019
0.393188
-0.00171144
0.392703
-0.00144058
0.392227
-0.00113018
0.39176
-0.000839715
0.391302
-0.000630927
0.390853
-0.000398877
0.390413
-0.000198544
0.389982
-3.85301e-05
0.38956
0.000155132
0.389147
0.000338984
0.388742
0.000516255
0.388347
0.00071593
0.38796
0.000888403
0.387581
0.00105476
0.387211
0.00127528
0.38685
0.00149893
0.386497
0.00170846
0.386152
0.00195249
0.385816
0.00218322
0.385488
0.00241728
0.385169
0.00270808
0.384857
0.00295315
0.384553
0.00321519
0.384259
0.00355849
0.383972
0.00385575
0.383694
0.0041827
0.383425
0.00452136
0.383164
0.00486899
0.382913
0.00531304
0.382671
0.0056821
0.382438
0.00605628
0.382216
0.00645912
0.382003
0.00686069
0.381801
0.00734039
0.381609
0.00780063
0.381429
0.00828051
0.381261
0.00879697
0.381104
0.00931096
0.380958
0.00982349
0.380825
0.010367
0.380705
0.0109436
0.3806
0.0114771
0.380518
0.0119727
0.0123828
0.400791
-0.00184845
0.40072
0.00138463
0.4007
0.00130717
0.400352
0.00157897
0.39981
0.00167965
0.399216
0.00165118
0.398613
0.00156227
0.398016
0.00146547
0.397432
0.00138438
0.396858
0.00129947
0.396296
0.00121826
0.395748
0.00115185
0.395211
0.00109029
0.394686
0.00103416
0.394173
0.000983949
0.393669
0.000933261
0.393175
0.00088351
0.392691
0.000837492
0.392216
0.000795108
0.391749
0.000753509
0.391291
0.000713052
0.390843
0.000677261
0.390403
0.000644618
0.389972
0.000612483
0.38955
0.000583056
0.389137
0.000557453
0.388732
0.000533793
0.388336
0.000511331
0.387949
0.00049042
0.38757
0.000471041
0.3872
0.000453408
0.386839
0.000437601
0.386486
0.000422599
0.386142
0.000408081
0.385805
0.000395034
0.385477
0.000383187
0.385158
0.00037152
0.384846
0.000360706
0.384543
0.000350512
0.384248
0.000339786
0.383961
0.000329426
0.383683
0.000319247
0.383413
0.000309343
0.383153
0.000300247
0.382901
0.000289564
0.382659
0.000278786
0.382427
0.000267993
0.382204
0.000255986
0.381993
0.000246072
0.381791
0.000234628
0.381601
0.000221353
0.381422
0.000208597
0.381255
0.000195406
0.381101
0.000181324
0.380959
0.000166353
0.380832
0.000151728
0.380718
0.000134688
0.380623
0.000113114
0.380557
8.19876e-05
-4.29038e-05
0.398246
-0.00315323
0.398241
-5.96325e-05
0.398036
-0.000127155
0.398036
-0.00014105
0.398112
-9.32944e-05
0.398215
-0.00013119
0.398335
-0.00018736
0.398467
-0.000207659
0.398601
-0.000208975
0.398733
-0.000208864
0.398862
-0.000195931
0.398988
-0.00017291
0.399109
-0.000149772
0.399227
-0.00012368
0.39934
-9.50824e-05
0.399449
-6.86262e-05
0.399556
-4.27586e-05
0.39966
-1.68427e-05
0.399762
7.07835e-06
0.399862
2.8025e-05
0.399961
4.74883e-05
0.40006
6.83446e-05
0.400158
8.92987e-05
0.400256
0.000108185
0.400355
0.000127173
0.400455
0.000147748
0.400557
0.000168345
0.40066
0.000188447
0.400765
0.000208654
0.400872
0.000228911
0.400982
0.000249536
0.401095
0.00027115
0.40121
0.000293161
0.401328
0.000315408
0.40145
0.00033879
0.401574
0.000363226
0.401702
0.000388396
0.401833
0.000415101
0.401968
0.000442831
0.402107
0.000470881
0.40225
0.000500439
0.402398
0.00053115
0.402552
0.000563194
0.40271
0.000597421
0.402875
0.000632233
0.403046
0.000668788
0.403225
0.000706949
0.403411
0.00074621
0.403606
0.000788533
0.40381
0.000831202
0.404024
0.000875314
0.40425
0.000920842
0.404487
0.00096673
0.404738
0.00101522
0.405002
0.00106492
0.405282
0.00111389
0.405577
0.00116059
0.405891
0.0012034
0.406226
0.00122884
0.001209
0.396065
-0.000920935
0.396273
0.000513321
0.396446
0.000770242
0.396752
0.000790598
0.397119
0.000874209
0.397469
0.000880271
0.397794
0.000872762
0.398094
0.000872807
0.398369
0.000862663
0.398625
0.000858957
0.398862
0.000854932
0.399083
0.000845049
0.39929
0.000835249
0.399486
0.00082593
0.399669
0.000813977
0.399844
0.000802599
0.400011
0.000795388
0.400171
0.000789101
0.400325
0.0007803
0.400474
0.000771113
0.400621
0.000763973
0.400764
0.000758884
0.400905
0.000754318
0.401045
0.000750291
0.401184
0.000748168
0.401323
0.000747892
0.401463
0.000748684
0.401603
0.000751043
0.401745
0.000755446
0.401889
0.000761199
0.402035
0.000768026
0.402184
0.000776136
0.402335
0.000785368
0.402489
0.000795444
0.402646
0.000806459
0.402807
0.000818507
0.40297
0.00083195
0.403138
0.000847057
0.403308
0.000863151
0.403483
0.000880471
0.403662
0.000899798
0.403846
0.000920336
0.404034
0.000942401
0.404228
0.000966984
0.404426
0.000993643
0.404631
0.0010227
0.404841
0.00105389
0.405059
0.00108759
0.405283
0.00112312
0.405514
0.00115985
0.405753
0.00120093
0.406
0.00124301
0.406256
0.00128636
0.406522
0.00133409
0.406797
0.00138332
0.407083
0.00143282
0.40738
0.00148161
0.407689
0.00152722
0.408007
0.00155761
0.00155417
0.397413
-0.000483994
0.39774
2.35925e-05
0.39807
0.000135579
0.398352
9.43184e-05
0.398607
8.59502e-05
0.398833
7.18636e-05
0.399028
5.80311e-05
0.3992
3.86458e-05
0.399363
2.69877e-05
0.399517
2.37784e-05
0.399663
2.25532e-05
0.399805
2.61484e-05
0.399944
3.87639e-05
0.40008
5.31683e-05
0.400213
6.54261e-05
0.400344
8.05751e-05
0.400474
0.000100717
0.400602
0.000121618
0.400729
0.000140478
0.400855
0.000159999
0.400982
0.000181842
0.401108
0.000203674
0.401235
0.000224482
0.401363
0.000245965
0.401493
0.000268422
0.401624
0.000290272
0.401756
0.000311526
0.401891
0.000333694
0.402029
0.000356843
0.402169
0.000379818
0.402313
0.000402337
0.402459
0.000424779
0.402609
0.000447257
0.402762
0.000469542
0.402918
0.000491423
0.403078
0.000513242
0.403242
0.000535749
0.40341
0.000558595
0.403581
0.000581157
0.403757
0.000604388
0.403938
0.000628441
0.404123
0.000652401
0.404313
0.000676871
0.404508
0.000702452
0.40471
0.000729293
0.404917
0.00075738
0.40513
0.000786093
0.40535
0.000816257
0.405577
0.00084649
0.405811
0.000876865
0.406053
0.000910672
0.406303
0.000944354
0.406562
0.00097848
0.406829
0.00101453
0.407106
0.00105082
0.407392
0.0010877
0.407687
0.00112228
0.407991
0.00115269
0.4083
0.00117186
0.00116654
0.397412
5.86089e-07
0.39746
-8.93777e-07
0.397661
5.51651e-06
0.397866
1.27834e-05
0.398097
2.12213e-07
0.398349
2.02737e-05
0.398591
2.13665e-05
0.398822
2.01593e-05
0.399046
3.22825e-05
0.399256
3.74057e-05
0.399456
4.03091e-05
0.399647
5.22416e-05
0.399827
7.04985e-05
0.4
8.79097e-05
0.400165
0.000104959
0.400324
0.000123556
0.400478
0.000142424
0.400625
0.000160738
0.40077
0.000178583
0.400911
0.000197549
0.40105
0.000217652
0.401188
0.000236381
0.401323
0.000253785
0.401459
0.000272215
0.401596
0.00029108
0.401732
0.000308299
0.40187
0.000324771
0.402009
0.000342375
0.40215
0.000360577
0.402293
0.000378135
0.402439
0.000395054
0.402588
0.000411683
0.402739
0.00042813
0.402894
0.000444312
0.403051
0.00045997
0.403213
0.000475556
0.403378
0.000491811
0.403546
0.00050791
0.403718
0.000523668
0.403895
0.000540346
0.404076
0.00055742
0.404262
0.000574548
0.404453
0.000592553
0.404649
0.000611075
0.40485
0.000630582
0.405058
0.000651107
0.405271
0.000671701
0.405491
0.000693253
0.405717
0.000715688
0.405952
0.000738817
0.406193
0.00076344
0.406442
0.000788795
0.406701
0.0008152
0.406967
0.000841311
0.407242
0.000867986
0.407526
0.000895229
0.407818
0.000920013
0.408118
0.000943262
0.408416
0.000962256
0.00097257
0.397412
0.000478106
0.397461
-2.70493e-05
0.397661
-0.000129602
0.397862
-7.92691e-05
0.3981
-7.04818e-05
0.398348
-4.62112e-05
0.398591
-2.29686e-05
0.398824
-2.55974e-06
0.399046
2.26682e-05
0.399257
4.37366e-05
0.399459
6.27607e-05
0.39965
8.24555e-05
0.399831
0.000100489
0.400003
0.00011868
0.400168
0.000140284
0.400327
0.000161694
0.40048
0.000179531
0.400627
0.000196903
0.400771
0.000216195
0.400913
0.000236431
0.401051
0.000255845
0.401188
0.000273182
0.401324
0.000289284
0.40146
0.000305735
0.401596
0.000321526
0.401732
0.0003352
0.40187
0.000348071
0.402009
0.000361449
0.40215
0.000374397
0.402293
0.000386266
0.402438
0.000397467
0.402587
0.000407778
0.402738
0.000417089
0.402892
0.000425972
0.40305
0.000434127
0.403211
0.000441883
0.403376
0.000449793
0.403544
0.000456872
0.403717
0.000463459
0.403894
0.000470713
0.404075
0.000477579
0.404261
0.000484567
0.404452
0.0004924
0.404648
0.000499906
0.40485
0.000507934
0.405057
0.000516404
0.405271
0.000524329
0.405491
0.000532665
0.405718
0.000542735
0.405953
0.000553964
0.406195
0.000564291
0.406444
0.000575481
0.406703
0.000588297
0.40697
0.000600486
0.407246
0.000612267
0.40753
0.000623186
0.407823
0.000633866
0.408122
0.000643774
0.408424
0.000651784
0.000658337
0.397415
0.000920394
0.397744
-0.000519484
0.398073
-0.000769072
0.398351
-0.000789683
0.398613
-0.000848988
0.398834
-0.000879903
0.399028
-0.000863462
0.399205
-0.000838173
0.399366
-0.0008191
0.39952
-0.000787549
0.399669
-0.000747298
0.399814
-0.000709089
0.399954
-0.000673242
0.400091
-0.000633073
0.400226
-0.000587195
0.400358
-0.00054139
0.400488
-0.000498399
0.400617
-0.000455971
0.400745
-0.000412116
0.400872
-0.000369232
0.400999
-0.000329511
0.401126
-0.000292345
0.401253
-0.000257027
0.401382
-0.000223359
0.401512
-0.000191804
0.401644
-0.000162659
0.401778
-0.000134932
0.401914
-0.000108464
0.402052
-8.41713e-05
0.402193
-6.14982e-05
0.402338
-3.972e-05
0.402485
-1.96119e-05
0.402635
-1.33869e-06
0.402789
1.59686e-05
0.402947
3.20411e-05
0.403108
4.69994e-05
0.403273
6.13185e-05
0.403442
7.41926e-05
0.403615
8.63971e-05
0.403792
9.87503e-05
0.403974
0.000109948
0.404161
0.000121148
0.404353
0.000132535
0.40455
0.000143047
0.404754
0.00015394
0.404962
0.000164276
0.405178
0.000174006
0.4054
0.000183923
0.405628
0.000194772
0.405865
0.000206693
0.406109
0.000216659
0.406361
0.000227181
0.406622
0.000239092
0.406891
0.000249605
0.40717
0.000258844
0.407456
0.000268134
0.407752
0.000278329
0.408053
0.000287314
0.408356
0.000301718
0.000339478
0.396062
0.00315653
0.396276
6.63963e-05
0.39645
9.6335e-05
0.396758
8.95023e-05
0.397122
4.83586e-05
0.397474
7.40526e-05
0.3978
0.000119282
0.398101
0.000160392
0.398379
0.000184923
0.398636
0.000199769
0.398875
0.000218266
0.399097
0.000236167
0.399305
0.000250483
0.399502
0.00026478
0.399687
0.000278107
0.399862
0.000288466
0.40003
0.000296809
0.40019
0.000302321
0.400345
0.000306397
0.400495
0.000307661
0.400641
0.000305748
0.400784
0.000303114
0.400926
0.000299434
0.401066
0.000294358
0.401205
0.000288893
0.401345
0.00028347
0.401485
0.000278314
0.401627
0.000272658
0.401769
0.000266004
0.401914
0.000259853
0.40206
0.000254855
0.40221
0.000249826
0.402362
0.00024474
0.402516
0.000240128
0.402674
0.00023539
0.402836
0.000230541
0.403001
0.000225977
0.40317
0.000220948
0.403342
0.00021671
0.403519
0.000213374
0.403701
0.00020939
0.403887
0.00020633
0.404079
0.000203564
0.404275
0.000200856
0.404478
0.000199428
0.404686
0.000196959
0.404901
0.000195222
0.405123
0.000194321
0.405352
0.000192858
0.405588
0.000192755
0.405832
0.000192189
0.406085
0.000191869
0.406345
0.000191883
0.406615
0.000191372
0.406894
0.000190442
0.407182
0.00018951
0.407479
0.000189416
0.407783
0.000190288
0.408092
0.00020132
0.0002685
0.398248
0.00186078
0.398237
-0.00135569
0.398036
-0.00131948
0.39804
-0.00161237
0.398111
-0.00173217
0.398218
-0.00169841
0.398345
-0.00162908
0.398479
-0.00154718
0.398615
-0.00145712
0.398751
-0.00137529
0.398882
-0.00129363
0.399008
-0.00120871
0.399131
-0.00112489
0.399249
-0.00104639
0.399363
-0.00097631
0.399472
-0.000911907
0.399579
-0.000851133
0.399684
-0.000797494
0.399785
-0.000749905
0.399885
-0.000708268
0.399984
-0.000671856
0.400083
-0.000637944
0.400181
-0.000607875
0.400279
-0.000581691
0.400378
-0.000557458
0.400479
-0.000534758
0.400581
-0.000513671
0.400684
-0.000495011
0.400789
-0.00047881
0.400897
-0.000463172
0.401007
-0.000447581
0.40112
-0.000433456
0.401236
-0.000420453
0.401355
-0.000407723
0.401477
-0.000395979
0.401602
-0.000384964
0.401731
-0.000374429
0.401863
-0.000365003
0.401999
-0.000354996
0.40214
-0.000344831
0.402284
-0.000336033
0.402433
-0.000326771
0.402587
-0.000318029
0.402747
-0.000309274
0.402911
-0.000299734
0.403081
-0.000292169
0.403258
-0.000283385
0.403441
-0.000274274
0.403631
-0.000267109
0.403828
-0.0002588
0.404034
-0.000250346
0.404247
-0.000242194
0.404468
-0.000234687
0.404698
-0.000227117
0.404938
-0.00021912
0.405186
-0.00021225
0.405444
-0.000205571
0.405713
-0.000196413
0.405995
-0.000180494
-7.46335e-05
0.400799
0.400716
0.400702
0.400355
0.399812
0.399219
0.398622
0.398028
0.397444
0.396874
0.396316
0.39577
0.395235
0.39471
0.394195
0.39369
0.393194
0.392708
0.392231
0.391764
0.391305
0.390856
0.390415
0.389984
0.389561
0.389148
0.388743
0.388347
0.387959
0.387581
0.38721
0.386849
0.386496
0.386151
0.385814
0.385486
0.385166
0.384854
0.384551
0.384255
0.383968
0.383689
0.383419
0.383158
0.382906
0.382663
0.382429
0.382205
0.381992
0.381788
0.381595
0.381413
0.381242
0.381083
0.380936
0.3808
0.380677
0.380568
0.380482
)
;

boundaryField
{
    wall
    {
        type            calculated;
        value           nonuniform List<scalar> 
1200
(
-0.0012601
-0.000103731
-0.00109298
-0.00040412
-0.000617501
-0.000648206
-0.000100221
-0.000701971
0.000196211
-0.000296562
-0.00306689
-0.000611341
-0.00166128
0.000193984
-0.000314388
-0.000305827
0.000602569
0.000171267
-0.000241953
-0.00351553
-0.00784842
-0.0018052
-0.00139054
0.000824466
0.000187964
3.08424e-05
0.00064133
0.000550631
-0.000795829
-0.00654015
-0.0109096
-0.00309194
-0.00123966
0.00116718
0.000696917
0.000320243
0.000346543
0.000373801
-0.00154202
-0.00813493
-0.0116461
-0.00351967
-0.00109143
0.000447638
0.000481887
0.000745089
0.000234645
0.000112808
-0.00203958
-0.00815948
-0.0112728
-0.0045329
-0.00153656
0.00021853
0.000796402
0.000610486
-0.000535025
0.00018771
-0.00175645
-0.00683498
-0.0109498
-0.00581756
-0.00177973
-7.54675e-05
0.00057731
0.000378855
-0.000805391
0.00047497
-0.00144207
-0.00491166
-0.0101606
-0.0066273
-0.00191951
-0.000772247
7.62932e-05
0.000198827
-0.000714974
0.000882357
-0.00147736
-0.00333406
-0.00880958
-0.00729326
-0.00210023
-0.00125767
-0.000140088
-0.000130795
-0.000882102
0.00143123
-0.00134795
-0.00199454
-0.00791287
-0.00816382
-0.00214351
-0.00186664
-0.000521307
-0.000369653
-0.000866552
0.00204516
-0.00102963
-0.000464399
-0.00719096
-0.00900196
-0.00220428
-0.00267428
-0.000960174
-0.000357822
-0.000531401
0.00272363
-0.000864451
0.000681936
-0.00618321
-0.00973822
-0.00233945
-0.00339018
-0.0012464
-0.000361955
-0.000191859
0.00354803
-0.000691897
0.00135364
-0.00522018
-0.0104867
-0.002385
-0.00391148
-0.00145936
-0.000543612
6.77534e-05
0.00455367
-0.000344607
0.00175323
-0.00431836
-0.0112756
-0.00246452
-0.00439695
-0.00158286
-0.000634697
0.000462606
0.00564778
7.58456e-06
0.0018718
-0.00354876
-0.0122113
-0.00270584
-0.00490659
-0.00156073
-0.000558558
0.000903987
0.0065604
0.000171954
0.00175706
-0.00303197
-0.0132085
-0.00289733
-0.00532821
-0.00145804
-0.000456728
0.00132674
0.00737446
0.000322469
0.00158063
-0.00259037
-0.0140949
-0.00291823
-0.00570838
-0.00145243
-0.000466997
0.00172903
0.00820224
0.000545395
0.00133404
-0.0022125
-0.014976
-0.00290546
-0.00610744
-0.00149934
-0.000502735
0.0021203
0.00895636
0.000781868
0.00109419
-0.00197337
-0.0159784
-0.00293359
-0.00645502
-0.00142285
-0.00039869
0.00255112
0.00957403
0.000943453
0.000812025
-0.00187822
-0.0170519
-0.00290649
-0.00669421
-0.00125505
-0.000261055
0.00292168
0.0100107
0.00104313
0.000548836
-0.00181091
-0.0180799
-0.00275066
-0.00684521
-0.00108914
-0.000194753
0.00320222
0.0103213
0.00115461
0.000366599
-0.00166072
-0.0190882
-0.00259812
-0.00704741
-0.00099108
-0.000176315
0.00347961
0.0105899
0.00126871
0.000156622
-0.00153205
-0.0201723
-0.00251454
-0.00731139
-0.000927459
-0.000169507
0.0037697
0.0108169
0.00139294
-2.24849e-05
-0.00143713
-0.0212525
-0.00235063
-0.00748381
-0.000797882
-0.000160539
0.00403007
0.0109576
0.00150232
-0.000161785
-0.0012493
-0.0222676
-0.00211472
-0.00761809
-0.000667588
-0.00020292
0.00424337
0.0110229
0.0015749
-0.00033741
-0.000986828
-0.0232979
-0.00194084
-0.00784393
-0.000608288
-0.000292328
0.00447376
0.0111037
0.00167865
-0.000505031
-0.000694974
-0.0243441
-0.0017862
-0.00809129
-0.000541064
-0.000368426
0.00474603
0.0112028
0.00180426
-0.000667976
-0.000338482
-0.0253436
-0.00157291
-0.00830087
-0.000453025
-0.000482018
0.00496172
0.0112204
0.0018812
-0.000854222
7.4572e-05
-0.026315
-0.0013363
-0.00852674
-0.000402289
-0.000680625
0.00509873
0.0111717
0.00194336
-0.00101312
0.000519979
-0.0272887
-0.00110126
-0.00877376
-0.000356462
-0.000889044
0.00525806
0.0111526
0.00203203
-0.00116807
0.00102773
-0.0282552
-0.000861297
-0.00902952
-0.000294265
-0.00108111
0.00545409
0.0111592
0.00211462
-0.00137995
0.00160325
-0.0292218
-0.000631649
-0.00932436
-0.00026282
-0.00131496
0.00562362
0.0111508
0.00219392
-0.00159523
0.00220136
-0.0302008
-0.00039841
-0.00964154
-0.000251254
-0.00158276
0.00577248
0.0111431
0.00228857
-0.00179719
0.0028119
-0.0311871
-0.000142789
-0.00995592
-0.000229349
-0.00184976
0.00592802
0.0111461
0.00237905
-0.00203578
0.0034778
-0.0321798
0.000108316
-0.0103011
-0.000226393
-0.00213528
0.00608072
0.0111625
0.00248895
-0.00226125
0.0042182
-0.033168
0.000368663
-0.0106616
-0.000234377
-0.00244147
0.00621912
0.0111782
0.00260444
-0.00249086
0.00499214
-0.0341583
0.000654438
-0.0110196
-0.000249679
-0.00278066
0.00631798
0.0111587
0.0026808
-0.0027788
0.00578127
-0.035187
0.000913694
-0.0114288
-0.000311764
-0.00316245
0.00640113
0.0111578
0.00279659
-0.00302034
0.00659788
-0.0362471
0.00116702
-0.0118476
-0.000361081
-0.00351936
0.00652675
0.0112105
0.00294384
-0.00328089
0.00742204
-0.0373244
0.00145501
-0.0122382
-0.000384934
-0.00387063
0.00664652
0.011251
0.00305482
-0.00362455
0.00825672
-0.0384392
0.00173245
-0.0126657
-0.00045148
-0.00426829
0.00673915
0.011298
0.00319962
-0.00392078
0.00910129
-0.0395965
0.00200901
-0.0130902
-0.000489995
-0.0046303
0.0068693
0.0113779
0.00335218
-0.0042488
0.00998427
-0.0407869
0.00229178
-0.0135032
-0.000498921
-0.0049706
0.00700762
0.0114603
0.00350363
-0.00458844
0.0109441
-0.0420012
0.00256959
-0.0139448
-0.000538915
-0.00533963
0.00713823
0.0115609
0.00367424
-0.00493774
0.0118712
-0.0432623
0.00287859
-0.0143669
-0.000569607
-0.00570722
0.00727377
0.0116617
0.00380816
-0.00538611
0.0127786
-0.0445961
0.00317087
-0.0148211
-0.000636247
-0.00611507
0.00737639
0.0117553
0.00397814
-0.0057568
0.0136867
-0.0459974
0.00345849
-0.0152871
-0.000705771
-0.00650761
0.00752288
0.0119151
0.00419855
-0.00613516
0.0146019
-0.047425
0.00380089
-0.0157197
-0.000754816
-0.00687722
0.00770576
0.0121183
0.00444207
-0.00654307
0.0156176
-0.0489207
0.00409809
-0.0161881
-0.000802173
-0.00723991
0.00785625
0.0122598
0.00464999
-0.00694808
0.01656
-0.0505555
0.00437051
-0.016634
-0.00078412
-0.00752877
0.00804837
0.0124013
0.0048257
-0.0074337
0.017499
-0.0522206
0.00470002
-0.0170922
-0.000843685
-0.00790054
0.00821309
0.0125866
0.00506457
-0.00790005
0.0184238
-0.0540077
0.00500032
-0.017548
-0.000875195
-0.00823954
0.00840621
0.0127923
0.00531335
-0.0083865
0.0193125
-0.0559306
0.00530114
-0.017952
-0.000839273
-0.00851963
0.00862202
0.0129777
0.00552969
-0.00890997
0.0202694
-0.0578736
0.00563955
-0.0184092
-0.000891307
-0.00885219
0.00881529
0.0131691
0.0057776
-0.00943128
0.0212366
-0.0598815
0.00599145
-0.0188762
-0.00094725
-0.00918345
0.00901222
0.0134023
0.00608685
-0.00995213
0.0221977
-0.0620313
0.00632803
-0.0193238
-0.00101391
-0.00954947
0.00918928
0.0136171
0.00637253
-0.0105039
0.0230503
-0.0643614
0.00663441
-0.0197875
-0.00108621
-0.0098757
0.00941148
0.0138267
0.00662743
-0.011089
0.023926
-0.0667322
0.00697316
-0.02027
-0.00117702
-0.0102312
0.00960298
0.0140696
0.00696498
-0.0116315
0.024819
-0.0691837
0.00731891
-0.0206888
-0.00122876
-0.0105622
0.0098396
0.0143536
0.00733403
-0.0121357
0.025715
-0.071643
0.00757954
-0.0211971
-0.00121887
-0.0107775
0.0102403
0.0147647
0.00773021
-0.0125535
-0.000779056
0.00200406
0.000292668
0.000515224
0.000616748
0.000647494
0.000211282
-9.9119e-05
0.00170534
-0.00174072
0.00045463
0.00346339
0.000125073
0.000159529
0.000258959
0.000250382
-0.000249512
-0.0017083
0.0030975
0.000906493
0.00511079
0.0050755
-0.000633454
-0.000192812
-0.00031908
-0.000162268
-9.93239e-06
-0.00256996
0.00407819
0.00379583
0.00826998
0.00649612
-0.001095
-0.000295772
-0.000906182
-0.000530249
0.000525902
-0.0026961
0.00497244
0.0054723
0.00920244
0.0069152
-0.00142903
0.000607311
-0.000761581
-0.00102567
0.000820533
-0.00261511
0.00547489
0.00567855
0.00904988
0.00783941
-0.00108185
0.000966183
-0.00113205
-0.000947532
0.00171755
-0.00278257
0.00512519
0.00456159
0.00894399
0.00898759
-0.000874824
0.00134506
-0.000954049
-0.000757374
0.00207043
-0.00310096
0.00470766
0.00284087
0.0083562
0.00963837
-0.000729366
0.00208996
-0.000481459
-0.000605943
0.00202785
-0.00349655
0.00461963
0.00145302
0.00718645
0.0101361
-0.000513908
0.00259556
-0.00028321
-0.000294657
0.00221549
-0.00400343
0.00435905
0.000287987
0.00645248
0.0108341
-0.000417104
0.00320315
8.84227e-05
-6.58278e-05
0.00220073
-0.00455428
0.00390926
-0.00108267
0.0058764
0.0115
-0.000290449
0.00399272
0.000524481
-8.15159e-05
0.00185317
-0.00515505
0.00361478
-0.00207825
0.00499843
0.0120677
-8.10325e-05
0.00467837
0.000812812
-7.66257e-05
0.00149201
-0.00589142
0.00331735
-0.00261064
0.00415107
0.0126525
4.311e-05
0.00516108
0.00103147
0.000109409
0.00120426
-0.00680154
0.00285191
-0.00288282
0.00335267
0.0132833
0.00020349
0.00560222
0.00116312
0.000207359
0.00077742
-0.00779513
0.00238876
-0.0028859
0.00267592
0.0140657
0.000527144
0.00606364
0.00115059
0.000139605
0.000300564
-0.00860532
0.00211966
-0.00266716
0.00224296
0.0149149
0.000800845
0.00643479
0.00105829
4.71221e-05
-0.000160664
-0.00931703
0.00187059
-0.00239732
0.0018772
0.0156591
0.000901924
0.00676332
0.00106367
6.74223e-05
-0.000603411
-0.0100437
0.00155548
-0.00206701
0.001568
0.0164039
0.000966612
0.00711025
0.00112193
0.000113581
-0.00103627
-0.0106991
0.00123302
-0.0017522
0.00139112
0.0172758
0.00106891
0.00740596
0.00105666
1.99776e-05
-0.00150912
-0.0112215
0.000990667
-0.0014031
0.00135246
0.0182239
0.00111245
0.00759423
0.000899731
-0.000107349
-0.00192143
-0.0115672
0.000813807
-0.00108019
0.00133633
0.0191316
0.00102279
0.00769573
0.000744305
-0.00016349
-0.00224292
-0.0117916
0.000628705
-0.000844656
0.00123235
0.0200247
0.000932119
0.00784991
0.000656347
-0.000171966
-0.00256033
-0.0119788
0.000444396
-0.000587218
0.00114534
0.0209979
0.000906521
0.00806735
0.000602388
-0.00016907
-0.00288938
-0.0121292
0.000253232
-0.000365919
0.00108789
0.0219715
0.000796178
0.00819506
0.000481965
-0.000168608
-0.00318747
-0.012198
8.01491e-05
-0.000189055
0.000933664
0.0228841
0.000609161
0.00828656
0.000360347
-0.000117049
-0.0034371
-0.0121962
-5.29932e-05
2.01419e-05
0.000701214
0.0238155
0.0004801
0.00847139
0.000309278
-1.87028e-05
-0.00370254
-0.0122142
-0.000214493
0.000217716
0.00043613
0.024766
0.000366364
0.0086795
0.000249797
6.60754e-05
-0.00400869
-0.0122545
-0.000395311
0.000407293
0.000103466
0.0256726
0.000189792
0.00885166
0.000169035
0.00018813
-0.00425695
-0.0122173
-0.000524835
0.000617128
-0.00028823
0.0265538
-1.43467e-05
0.00904189
0.000125193
0.000395057
-0.00442512
-0.0121176
-0.000637002
0.000796836
-0.000714314
0.0274396
-0.000220687
0.00925502
8.5878e-05
0.000611666
-0.00461433
-0.0120509
-0.000773397
0.000970064
-0.00120463
0.0283198
-0.000434898
0.0094786
2.97833e-05
0.000811785
-0.00483909
-0.0120132
-0.000901628
0.00119792
-0.00176439
0.0292014
-0.000640176
0.00974291
4.06746e-06
0.00105359
-0.00503602
-0.0119636
-0.0010246
0.00142707
-0.00234829
0.0300962
-0.0008503
0.0100311
-2.09692e-06
0.00132931
-0.00521099
-0.0119176
-0.00116114
0.00164098
-0.00294601
0.0309988
-0.00108387
0.0103181
-1.8925e-05
0.00160419
-0.0053917
-0.0118848
-0.00129185
0.00188972
-0.00360032
0.0319078
-0.00131371
0.0106374
-1.71019e-05
0.0018976
-0.00556865
-0.0118679
-0.00144049
0.00212373
-0.00433018
0.0328118
-0.0015536
0.0109736
-4.60219e-06
0.00221171
-0.00573043
-0.0118525
-0.00159336
0.00236038
-0.00509453
0.033717
-0.00181979
0.0113086
1.49983e-05
0.00255888
-0.00585173
-0.0118039
-0.0017057
0.00265396
-0.0058749
0.0346593
-0.00206038
0.0116963
8.12176e-05
0.00294876
-0.00595645
-0.0117759
-0.00185628
0.00289987
-0.00668348
0.0356312
-0.00229607
0.012095
0.000134464
0.00331388
-0.00610289
-0.0118033
-0.00203738
0.00316362
-0.00750026
0.0366182
-0.00256769
0.012467
0.000162045
0.00367347
-0.00624273
-0.0118202
-0.00218128
0.00350931
-0.00832812
0.0376402
-0.00283004
0.0128773
0.000232176
0.00407961
-0.00635468
-0.0118454
-0.00235818
0.00380655
-0.00916638
0.0387018
-0.00309298
0.013286
0.000274077
0.00445023
-0.00650351
-0.0119048
-0.00254222
0.00413454
-0.0100435
0.039793
-0.00336367
0.0136847
0.000286157
0.00479927
-0.00665985
-0.0119682
-0.00272454
0.00447318
-0.0109978
0.0409042
-0.00363094
0.0141135
0.000329118
0.00517721
-0.0068079
-0.0120513
-0.00292558
0.00482054
-0.0119196
0.042058
-0.00393124
0.0145243
0.000362616
0.00555386
-0.00696028
-0.0121357
-0.00308953
0.00526595
-0.0128221
0.0432801
-0.00421674
0.0149686
0.000431938
0.00597098
-0.00707916
-0.0122142
-0.0032892
0.00563278
-0.0137255
0.044565
-0.00449968
0.0154261
0.000504005
0.00637299
-0.00724146
-0.01236
-0.00353927
0.00600638
-0.0146362
0.0458712
-0.00483974
0.0158518
0.000555472
0.00675225
-0.00743977
-0.0125506
-0.00381258
0.00640862
-0.0156476
0.0472399
-0.00513661
0.0163147
0.000605046
0.00712474
-0.00760518
-0.0126804
-0.00405021
0.00680706
-0.0165858
0.0487421
-0.00541119
0.0167568
0.000588894
0.00742352
-0.00781173
-0.0128111
-0.00425562
0.00728514
-0.0175209
0.0502693
-0.0057456
0.0172127
0.000650254
0.00780541
-0.00799049
-0.0129867
-0.00452451
0.00774302
-0.0184417
0.0519129
-0.00605352
0.0176677
0.000683354
0.00815469
-0.00819727
-0.0131836
-0.00480366
0.00822005
-0.0193266
0.053687
-0.00636518
0.0180728
0.000648753
0.00844517
-0.0084263
-0.013361
-0.00505062
0.00873311
-0.0202798
0.0554764
-0.00671739
0.0185325
0.000701973
0.00878833
-0.0086324
-0.0135452
-0.00532955
0.00924306
-0.0212432
0.0573269
-0.00708583
0.0190034
0.00075895
0.00913037
-0.00884182
-0.013772
-0.0056705
0.00975161
-0.0222006
0.0593161
-0.00744195
0.0194565
0.000826583
0.00950735
-0.00903103
-0.0139812
-0.00598836
0.0102902
-0.0230495
0.0614837
-0.00777119
0.0199274
0.00089972
0.00984473
-0.00926508
-0.0141857
-0.00627578
0.0108612
-0.0239217
0.0636923
-0.00813582
0.0204186
0.000991206
0.0102115
-0.00946816
-0.0144242
-0.00664651
0.0113889
-0.0248103
0.0659836
-0.00850994
0.0208481
0.00104378
0.0105542
-0.00971593
-0.0147041
-0.00704906
0.0118784
-0.0257108
0.0682936
-0.00879986
0.0213681
0.00103342
0.0107804
-0.0101285
-0.0151123
-0.00748
0.0122799
)
;
    }
    inlet
    {
        type            calculated;
        value           nonuniform List<scalar> 
20
(
-0.397904
-0.397904
-0.397904
-0.397904
-0.397904
-0.397904
-0.397904
-0.397904
-0.397904
-0.397904
-0.397904
-0.397904
-0.397904
-0.397904
-0.397904
-0.397904
-0.397904
-0.397904
-0.397904
-0.397904
)
;
    }
    outlet
    {
        type            calculated;
        value           nonuniform List<scalar> 
20
(
0.380569
0.406692
0.408268
0.408653
0.408708
0.408754
0.408614
0.408338
0.406174
0.38055
0.380621
0.406543
0.408317
0.408599
0.408703
0.408724
0.408638
0.408373
0.406252
0.38051
)
;
    }
    heatWall
    {
        type            calculated;
        value           nonuniform List<scalar> 
240
(
0
0
0
0
0
0
0
0
0
0
0
0
0
0
0
0
0
0
0
0
-1.0842e-19
0
0
0
1.0842e-19
1.0842e-19
0
0
1.0842e-19
-1.0842e-19
0
0
0
0
0
0
0
1.0842e-19
0
0
0
0
0
0
0
0
0
0
0
0
0
0
0
0
0
0
0
0
0
0
0
1.0842e-19
0
0
0
0
0
0
0
1.0842e-19
0
0
0
0
0
0
0
0
0
0
0
0
0
0
0
0
0
0
1.0842e-19
0
0
0
0
0
0
0
0
0
0
-1.0842e-19
0
0
-1.0842e-19
0
0
0
0
0
0
0
0
0
0
0
0
0
1.0842e-19
0
0
0
0
0
0
0
0
0
0
0
0
0
0
0
0
0
0
0
0
0
0
0
0
0
0
0
0
0
0
0
0
0
0
0
0
0
0
0
0
0
0
0
0
0
0
0
0
0
0
0
0
0
0
0
0
0
0
0
0
0
0
0
0
0
0
0
0
0
0
0
0
0
0
0
0
0
0
0
0
0
0
0
0
0
0
0
0
0
0
0
0
0
0
0
0
0
0
0
0
0
0
0
0
0
0
0
0
0
0
0
0
0
0
0
0
0
0
0
0
0
0
0
)
;
    }
}


// ************************************************************************* //
