/*--------------------------------*- C++ -*----------------------------------*\
  =========                 |
  \\      /  F ield         | OpenFOAM: The Open Source CFD Toolbox
   \\    /   O peration     | Website:  https://openfoam.org
    \\  /    A nd           | Version:  8
     \\/     M anipulation  |
\*---------------------------------------------------------------------------*/
FoamFile
{
    version     2.0;
    format      ascii;
    class       volScalarField;
    location    "800";
    object      T;
}
// * * * * * * * * * * * * * * * * * * * * * * * * * * * * * * * * * * * * * //

dimensions      [0 0 0 1 0 0 0];

internalField   nonuniform List<scalar> 
8400
(
302.04
302.05
302.063
302.073
302.081
302.087
302.091
302.093
302.093
302.091
302.087
302.082
302.074
302.066
302.055
302.044
302.032
302.019
302.005
301.99
301.976
301.961
301.946
301.932
301.917
301.903
301.889
301.875
301.862
301.849
301.837
301.825
301.813
301.802
301.791
301.78
301.769
301.758
301.747
301.736
301.725
301.714
301.702
301.69
301.677
301.664
301.651
301.636
301.621
301.605
301.547
301.552
301.559
301.564
301.566
301.567
301.566
301.563
301.558
301.551
301.543
301.533
301.522
301.51
301.498
301.484
301.471
301.457
301.443
301.429
301.415
301.402
301.389
301.377
301.366
301.356
301.346
301.337
301.329
301.322
301.315
301.309
301.304
301.299
301.295
301.291
301.288
301.285
301.281
301.278
301.275
301.271
301.267
301.263
301.258
301.253
301.247
301.241
301.234
301.226
301.156
301.154
301.155
301.154
301.151
301.147
301.141
301.135
301.127
301.117
301.107
301.096
301.084
301.072
301.06
301.047
301.034
301.021
301.009
300.996
300.985
300.973
300.963
300.953
300.944
300.936
300.928
300.921
300.915
300.91
300.905
300.902
300.898
300.896
300.893
300.892
300.89
300.889
300.888
300.887
300.885
300.884
300.883
300.881
300.879
300.877
300.875
300.872
300.868
300.865
300.867
300.861
300.857
300.852
300.846
300.84
300.832
300.824
300.815
300.805
300.795
300.784
300.773
300.762
300.75
300.739
300.728
300.717
300.706
300.696
300.686
300.676
300.668
300.659
300.651
300.644
300.638
300.632
300.627
300.622
300.618
300.615
300.612
300.609
300.607
300.605
300.603
300.602
300.6
300.599
300.598
300.597
300.596
300.595
300.593
300.592
300.59
300.588
300.586
300.584
300.632
300.624
300.619
300.613
300.606
300.599
300.591
300.582
300.574
300.564
300.555
300.545
300.536
300.526
300.516
300.507
300.498
300.489
300.48
300.471
300.463
300.456
300.448
300.442
300.435
300.43
300.424
300.419
300.415
300.411
300.407
300.404
300.401
300.399
300.397
300.394
300.393
300.391
300.389
300.388
300.387
300.385
300.384
300.383
300.381
300.38
300.379
300.378
300.377
300.376
300.417
300.41
300.406
300.401
300.396
300.39
300.383
300.377
300.37
300.363
300.355
300.348
300.341
300.334
300.326
300.319
300.313
300.306
300.3
300.294
300.288
300.282
300.277
300.272
300.268
300.264
300.26
300.257
300.253
300.25
300.248
300.245
300.243
300.241
300.239
300.238
300.236
300.234
300.233
300.232
300.231
300.229
300.228
300.227
300.226
300.225
300.224
300.224
300.223
300.223
300.223
300.219
300.218
300.217
300.214
300.211
300.208
300.205
300.201
300.197
300.193
300.189
300.185
300.181
300.177
300.173
300.169
300.165
300.162
300.158
300.155
300.152
300.149
300.147
300.144
300.142
300.14
300.138
300.136
300.134
300.133
300.131
300.13
300.129
300.128
300.126
300.125
300.125
300.124
300.123
300.122
300.121
300.121
300.12
300.12
300.119
300.119
300.119
300.12
300.12
300.088
300.087
300.088
300.089
300.089
300.089
300.088
300.088
300.087
300.086
300.085
300.083
300.082
300.081
300.079
300.078
300.077
300.075
300.074
300.073
300.072
300.071
300.07
300.069
300.068
300.067
300.066
300.065
300.064
300.064
300.063
300.062
300.062
300.061
300.061
300.06
300.06
300.06
300.059
300.059
300.059
300.059
300.059
300.059
300.059
300.059
300.059
300.06
300.06
300.061
300.026
300.025
300.026
300.027
300.028
300.029
300.029
300.03
300.03
300.03
300.031
300.031
300.031
300.031
300.031
300.031
300.031
300.031
300.031
300.03
300.03
300.03
300.03
300.03
300.03
300.03
300.029
300.029
300.029
300.029
300.029
300.029
300.029
300.029
300.028
300.028
300.028
300.028
300.029
300.029
300.029
300.029
300.029
300.029
300.03
300.03
300.031
300.031
300.032
300.033
300.007
300.006
300.007
300.007
300.008
300.009
300.009
300.01
300.01
300.011
300.011
300.011
300.012
300.012
300.013
300.013
300.013
300.013
300.014
300.014
300.014
300.014
300.014
300.015
300.015
300.015
300.015
300.015
300.015
300.015
300.015
300.016
300.016
300.016
300.016
300.016
300.016
300.016
300.017
300.017
300.017
300.017
300.017
300.018
300.018
300.018
300.019
300.019
300.02
300.02
300.001
300.002
300.002
300.002
300.003
300.003
300.004
300.004
300.004
300.005
300.005
300.005
300.006
300.006
300.006
300.007
300.007
300.007
300.008
300.008
300.008
300.008
300.009
300.009
300.009
300.009
300.01
300.01
300.01
300.01
300.011
300.011
300.011
300.011
300.012
300.012
300.012
300.012
300.012
300.013
300.013
300.013
300.014
300.014
300.014
300.015
300.015
300.016
300.016
300.017
300.002
300.002
300.002
300.003
300.003
300.003
300.004
300.004
300.005
300.005
300.005
300.006
300.006
300.007
300.007
300.007
300.008
300.008
300.008
300.008
300.009
300.009
300.009
300.01
300.01
300.01
300.01
300.011
300.011
300.011
300.012
300.012
300.012
300.012
300.013
300.013
300.013
300.014
300.014
300.014
300.015
300.015
300.015
300.016
300.016
300.017
300.017
300.018
300.018
300.019
300.003
300.004
300.004
300.004
300.005
300.006
300.006
300.007
300.007
300.008
300.009
300.009
300.01
300.01
300.011
300.011
300.011
300.012
300.012
300.013
300.013
300.013
300.014
300.014
300.015
300.015
300.015
300.016
300.016
300.016
300.017
300.017
300.018
300.018
300.018
300.019
300.019
300.019
300.02
300.02
300.021
300.021
300.021
300.022
300.022
300.023
300.023
300.024
300.025
300.025
300.007
300.009
300.009
300.01
300.011
300.011
300.012
300.013
300.014
300.014
300.015
300.015
300.016
300.016
300.017
300.017
300.018
300.018
300.019
300.019
300.02
300.02
300.021
300.021
300.021
300.022
300.022
300.023
300.023
300.024
300.024
300.024
300.025
300.025
300.026
300.026
300.027
300.027
300.028
300.028
300.029
300.029
300.03
300.03
300.031
300.031
300.032
300.033
300.033
300.034
300.004
300.005
300.005
300.005
300.005
300.006
300.007
300.007
300.008
300.009
300.01
300.01
300.011
300.012
300.013
300.013
300.014
300.015
300.016
300.017
300.018
300.019
300.019
300.02
300.021
300.022
300.023
300.024
300.025
300.026
300.026
300.027
300.028
300.029
300.03
300.031
300.032
300.033
300.034
300.035
300.036
300.037
300.038
300.039
300.04
300.041
300.042
300.043
300.044
300.045
300.016
300.02
300.022
300.024
300.027
300.029
300.031
300.033
300.035
300.036
300.038
300.04
300.041
300.042
300.044
300.045
300.047
300.048
300.049
300.05
300.052
300.053
300.054
300.055
300.056
300.057
300.058
300.059
300.06
300.061
300.062
300.063
300.064
300.065
300.066
300.067
300.068
300.069
300.07
300.071
300.071
300.072
300.073
300.074
300.075
300.075
300.076
300.077
300.078
300.078
300.004
300.003
300.002
300.001
300
300
300
300
300.001
300.001
300.001
300.001
300.001
300.002
300.002
300.002
300.003
300.003
300.004
300.005
300.005
300.006
300.007
300.007
300.008
300.009
300.01
300.011
300.012
300.013
300.013
300.014
300.015
300.016
300.017
300.018
300.019
300.02
300.021
300.022
300.023
300.024
300.025
300.027
300.028
300.029
300.03
300.031
300.032
300.032
300.028
300.033
300.037
300.042
300.047
300.052
300.056
300.06
300.065
300.069
300.072
300.076
300.08
300.083
300.087
300.09
300.093
300.096
300.1
300.103
300.106
300.11
300.113
300.116
300.119
300.123
300.126
300.129
300.132
300.135
300.139
300.142
300.145
300.148
300.151
300.154
300.157
300.16
300.163
300.166
300.168
300.171
300.174
300.177
300.18
300.183
300.186
300.189
300.192
300.195
300.002
300.003
300.003
300.004
300.004
300.004
300.005
300.005
300.006
300.006
300.006
300.007
300.007
300.008
300.008
300.009
300.009
300.01
300.01
300.011
300.012
300.012
300.013
300.015
300.016
300.017
300.019
300.021
300.022
300.024
300.026
300.028
300.029
300.031
300.033
300.035
300.036
300.038
300.039
300.04
300.041
300.043
300.044
300.045
300.046
300.048
300.05
300.051
300.053
300.057
301.63
301.637
301.643
301.649
301.653
301.657
301.66
301.663
301.666
301.669
301.672
301.675
301.677
301.68
301.682
301.683
301.685
301.686
301.686
301.687
301.687
301.687
301.686
301.686
301.685
301.685
301.684
301.683
301.682
301.68
301.679
301.677
301.676
301.674
301.672
301.67
301.669
301.667
301.665
301.663
301.661
301.658
301.655
301.651
301.647
301.642
301.637
301.632
301.628
301.624
303.149
303.148
303.146
303.145
303.144
303.142
303.141
303.14
303.139
303.138
303.136
303.135
303.134
303.133
303.132
303.131
303.13
303.128
303.127
303.126
303.125
303.124
303.123
303.122
303.121
303.12
303.119
303.118
303.117
303.116
303.115
303.114
303.113
303.113
303.112
303.111
303.11
303.109
303.108
303.107
303.106
303.105
303.105
303.104
303.103
303.102
303.102
303.101
303.101
303.1
303.15
303.15
303.15
303.15
303.15
303.15
303.15
303.15
303.15
303.15
303.149
303.149
303.149
303.149
303.149
303.149
303.149
303.149
303.148
303.148
303.148
303.148
303.148
303.148
303.148
303.147
303.147
303.147
303.147
303.147
303.147
303.146
303.146
303.146
303.146
303.146
303.146
303.146
303.145
303.145
303.145
303.145
303.145
303.145
303.145
303.144
303.144
303.144
303.144
303.144
303.15
303.15
303.15
303.15
303.15
303.15
303.15
303.15
303.15
303.15
303.15
303.15
303.15
303.15
303.15
303.15
303.15
303.15
303.15
303.15
303.15
303.15
303.15
303.15
303.15
303.15
303.15
303.15
303.15
303.15
303.15
303.15
303.15
303.15
303.15
303.15
303.15
303.15
303.15
303.15
303.15
303.15
303.15
303.15
303.15
303.15
303.15
303.15
303.15
303.15
303.15
303.15
303.15
303.15
303.15
303.15
303.15
303.15
303.15
303.15
303.15
303.15
303.15
303.15
303.15
303.15
303.15
303.15
303.15
303.15
303.15
303.15
303.15
303.15
303.15
303.15
303.15
303.15
303.15
303.15
303.15
303.15
303.15
303.15
303.15
303.15
303.15
303.15
303.15
303.15
303.15
303.15
303.15
303.15
303.15
303.15
303.15
303.15
303.15
303.15
303.15
303.15
303.15
303.15
303.15
303.15
303.15
303.15
303.15
303.15
303.15
303.15
303.15
303.15
303.15
303.15
303.15
303.15
303.15
303.15
303.15
303.15
303.15
303.15
303.15
303.15
303.15
303.15
303.15
303.15
303.15
303.15
303.15
303.15
303.15
303.15
303.15
303.15
303.15
303.15
303.15
303.15
303.15
303.15
303.15
303.15
303.15
303.15
303.15
303.15
303.15
303.15
303.15
303.15
303.15
303.15
303.15
303.15
303.15
303.15
303.15
303.15
303.15
303.15
303.15
303.15
303.15
303.15
303.15
303.15
303.15
303.15
303.15
303.15
303.15
303.15
303.15
303.15
303.15
303.15
303.15
303.15
303.15
303.15
303.15
303.15
303.15
303.15
303.15
303.15
303.15
303.15
303.15
303.15
303.15
303.15
303.15
303.15
303.15
303.15
303.15
303.15
303.15
303.15
303.15
303.15
303.15
303.15
303.15
303.15
303.15
303.15
303.15
303.15
303.15
303.15
303.15
303.15
303.15
303.15
303.15
303.15
303.15
303.15
303.15
303.15
303.15
303.15
303.15
303.15
303.15
303.15
303.15
303.15
303.15
303.15
303.15
303.15
303.15
303.15
303.15
303.15
303.15
303.15
303.15
303.15
303.15
303.15
303.15
303.15
303.15
303.15
303.15
303.15
303.15
303.15
303.15
303.15
303.15
303.15
303.15
303.15
303.15
303.15
303.15
303.15
303.15
303.15
303.15
303.15
303.15
303.15
303.15
303.15
303.15
303.15
303.15
303.15
303.15
303.15
303.15
303.15
303.15
303.15
303.15
303.15
303.15
303.15
303.15
303.15
303.15
303.15
303.15
303.15
303.15
303.15
303.15
303.15
303.15
303.15
303.15
303.15
303.15
303.15
303.15
303.15
303.15
303.15
303.15
303.15
303.15
303.15
303.15
303.15
303.15
303.15
303.15
303.15
303.15
303.15
303.15
303.15
303.15
303.15
303.15
303.15
303.15
303.15
303.15
303.15
303.15
303.15
303.15
303.15
303.15
303.15
303.15
303.15
303.15
303.15
303.15
303.15
303.15
303.15
303.15
303.15
303.15
303.15
303.15
303.15
303.15
303.15
303.15
303.15
303.15
303.15
303.15
303.15
303.15
303.15
303.15
303.15
303.15
303.15
303.15
303.15
303.15
303.15
303.15
303.15
303.15
303.15
303.15
303.15
303.15
303.15
303.15
303.15
303.15
303.15
303.15
303.15
303.15
303.15
303.15
303.15
303.15
303.15
303.15
303.15
303.15
303.15
303.15
303.15
303.15
303.15
303.15
303.15
303.15
303.15
303.15
303.15
303.15
303.15
303.15
303.15
303.15
303.15
303.15
303.15
303.15
303.15
303.15
303.15
303.15
303.15
303.15
303.15
303.15
303.15
303.15
303.15
303.15
303.15
303.15
303.15
303.15
303.15
303.15
303.15
303.15
303.15
303.15
303.15
303.15
303.15
303.15
303.15
303.15
303.15
303.15
303.15
303.15
303.15
303.15
303.15
303.15
303.15
303.15
303.15
303.15
303.15
303.15
303.15
303.15
303.15
303.15
303.15
303.15
303.15
303.15
303.15
303.15
303.15
303.15
303.15
303.15
303.15
303.15
303.15
303.15
303.15
303.15
303.15
303.15
303.15
303.15
303.15
303.15
303.15
303.15
303.15
303.15
303.15
303.15
303.15
303.15
303.15
303.15
303.15
303.15
303.15
303.15
303.15
303.15
303.15
303.15
303.15
303.15
303.15
303.15
303.15
303.15
303.15
303.15
303.15
303.15
303.15
303.15
303.15
303.15
303.15
303.15
303.15
303.15
303.15
303.15
303.15
303.15
303.15
303.15
303.15
303.15
303.15
303.15
303.15
303.15
303.15
303.15
303.15
303.15
303.15
303.15
303.15
303.15
303.15
303.15
303.15
303.15
303.15
303.15
303.15
303.15
303.15
303.15
303.15
303.15
303.15
303.15
303.15
303.15
303.15
303.15
303.15
303.15
303.15
303.15
303.15
303.15
303.15
303.15
303.15
303.15
303.15
303.15
303.15
303.15
303.15
303.15
303.15
303.15
303.15
303.15
303.15
303.15
303.15
303.15
303.15
303.15
303.15
303.15
303.15
303.15
303.15
303.15
303.15
303.15
303.15
303.15
303.15
303.15
303.15
303.15
303.15
303.15
303.15
303.15
303.15
303.15
303.15
303.15
303.15
303.15
303.15
303.15
303.15
303.15
303.15
303.15
303.15
303.15
303.15
303.15
303.15
303.15
303.15
303.15
303.15
303.15
303.15
303.15
303.15
303.15
303.15
303.15
303.15
303.15
303.15
303.15
303.15
303.15
303.15
303.15
303.15
303.15
303.15
303.15
303.15
303.15
303.15
303.15
303.15
303.15
303.15
303.15
303.15
303.15
303.15
303.15
303.15
303.15
303.15
303.15
303.15
303.15
303.15
303.15
303.15
303.15
303.15
303.15
303.15
303.15
303.15
303.15
303.15
303.15
303.15
303.15
303.15
303.15
303.15
303.15
303.15
303.15
303.15
303.15
303.15
303.15
303.15
303.15
303.15
303.15
303.15
303.15
303.15
303.15
303.15
303.15
303.15
303.15
303.15
303.15
303.15
303.15
303.15
303.15
303.15
303.15
303.15
303.15
303.15
303.15
303.15
303.15
303.15
303.15
303.15
303.15
303.15
303.15
303.15
303.15
303.15
303.15
303.15
303.15
303.15
303.15
303.15
303.15
303.15
303.15
303.15
303.15
303.15
303.15
303.15
303.15
303.15
303.15
303.15
303.15
303.15
303.15
303.15
303.15
303.15
303.15
303.15
303.15
303.15
303.15
303.15
303.15
303.15
303.15
303.15
303.15
303.15
303.15
303.15
303.15
303.15
303.15
303.15
303.15
303.15
303.15
303.15
303.15
303.15
303.15
303.15
303.15
303.15
303.15
303.15
303.15
303.15
303.15
303.15
303.15
303.15
303.15
303.15
303.15
303.15
303.15
303.15
303.15
303.15
303.15
303.15
303.15
303.15
303.15
303.15
303.15
303.15
303.15
303.149
303.149
303.149
303.149
303.149
303.149
303.149
303.149
303.149
303.15
303.15
303.15
303.15
303.15
303.15
303.15
303.15
303.15
303.15
303.149
303.149
303.149
303.149
303.149
303.149
303.149
303.149
303.148
303.148
303.148
303.148
303.148
303.148
303.148
303.147
303.147
303.147
303.147
303.147
303.147
303.146
303.146
303.146
303.146
303.146
303.145
303.145
303.145
303.145
303.145
303.144
303.144
303.144
303.143
303.143
303.143
303.142
303.142
303.141
303.149
303.148
303.146
303.145
303.144
303.142
303.141
303.14
303.139
303.138
303.136
303.135
303.134
303.133
303.132
303.131
303.13
303.128
303.127
303.126
303.125
303.124
303.123
303.122
303.121
303.12
303.119
303.118
303.117
303.116
303.115
303.114
303.113
303.112
303.112
303.111
303.11
303.109
303.108
303.107
303.106
303.105
303.104
303.104
303.103
303.102
303.101
303.1
303.099
303.098
303.01
303.109
303.143
303.149
303.15
303.15
303.15
303.15
303.15
303.15
303.15
303.15
303.15
303.15
303.15
303.15
303.148
303.138
303.096
302.984
303.01
303.11
303.143
303.149
303.15
303.15
303.15
303.15
303.15
303.15
303.15
303.15
303.15
303.15
303.15
303.15
303.148
303.138
303.096
302.985
303.011
303.11
303.143
303.149
303.15
303.15
303.15
303.15
303.15
303.15
303.15
303.15
303.15
303.15
303.15
303.15
303.148
303.138
303.096
302.985
303.011
303.11
303.143
303.149
303.15
303.15
303.15
303.15
303.15
303.15
303.15
303.15
303.15
303.15
303.15
303.15
303.148
303.138
303.097
302.986
303.012
303.11
303.143
303.149
303.15
303.15
303.15
303.15
303.15
303.15
303.15
303.15
303.15
303.15
303.15
303.15
303.148
303.138
303.097
302.986
303.012
303.11
303.143
303.149
303.15
303.15
303.15
303.15
303.15
303.15
303.15
303.15
303.15
303.15
303.15
303.15
303.148
303.138
303.097
302.987
303.013
303.111
303.143
303.149
303.15
303.15
303.15
303.15
303.15
303.15
303.15
303.15
303.15
303.15
303.15
303.15
303.148
303.139
303.097
302.987
303.013
303.111
303.143
303.149
303.15
303.15
303.15
303.15
303.15
303.15
303.15
303.15
303.15
303.15
303.15
303.15
303.148
303.139
303.098
302.988
303.014
303.111
303.143
303.149
303.15
303.15
303.15
303.15
303.15
303.15
303.15
303.15
303.15
303.15
303.15
303.15
303.148
303.139
303.098
302.989
303.014
303.111
303.143
303.149
303.15
303.15
303.15
303.15
303.15
303.15
303.15
303.15
303.15
303.15
303.15
303.15
303.148
303.139
303.098
302.989
303.015
303.112
303.144
303.149
303.15
303.15
303.15
303.15
303.15
303.15
303.15
303.15
303.15
303.15
303.15
303.15
303.148
303.139
303.098
302.99
303.015
303.112
303.144
303.149
303.15
303.15
303.15
303.15
303.15
303.15
303.15
303.15
303.15
303.15
303.15
303.15
303.148
303.139
303.099
302.99
303.016
303.112
303.144
303.149
303.15
303.15
303.15
303.15
303.15
303.15
303.15
303.15
303.15
303.15
303.15
303.15
303.148
303.139
303.099
302.991
303.016
303.112
303.144
303.149
303.15
303.15
303.15
303.15
303.15
303.15
303.15
303.15
303.15
303.15
303.15
303.15
303.148
303.139
303.099
302.991
303.017
303.113
303.144
303.149
303.15
303.15
303.15
303.15
303.15
303.15
303.15
303.15
303.15
303.15
303.15
303.15
303.148
303.139
303.1
302.992
303.017
303.113
303.144
303.149
303.15
303.15
303.15
303.15
303.15
303.15
303.15
303.15
303.15
303.15
303.15
303.15
303.148
303.139
303.1
302.993
303.018
303.113
303.144
303.149
303.15
303.15
303.15
303.15
303.15
303.15
303.15
303.15
303.15
303.15
303.15
303.15
303.148
303.139
303.1
302.993
303.018
303.113
303.144
303.149
303.15
303.15
303.15
303.15
303.15
303.15
303.15
303.15
303.15
303.15
303.15
303.15
303.148
303.139
303.1
302.994
303.019
303.113
303.144
303.149
303.15
303.15
303.15
303.15
303.15
303.15
303.15
303.15
303.15
303.15
303.15
303.15
303.148
303.139
303.101
302.994
303.019
303.114
303.144
303.149
303.15
303.15
303.15
303.15
303.15
303.15
303.15
303.15
303.15
303.15
303.15
303.15
303.148
303.139
303.101
302.995
303.02
303.114
303.144
303.149
303.15
303.15
303.15
303.15
303.15
303.15
303.15
303.15
303.15
303.15
303.15
303.15
303.148
303.14
303.101
302.995
303.02
303.114
303.144
303.149
303.15
303.15
303.15
303.15
303.15
303.15
303.15
303.15
303.15
303.15
303.15
303.15
303.148
303.14
303.102
302.996
303.021
303.114
303.144
303.149
303.15
303.15
303.15
303.15
303.15
303.15
303.15
303.15
303.15
303.15
303.15
303.15
303.148
303.14
303.102
302.997
303.021
303.115
303.144
303.149
303.15
303.15
303.15
303.15
303.15
303.15
303.15
303.15
303.15
303.15
303.15
303.15
303.148
303.14
303.102
302.997
303.022
303.115
303.144
303.149
303.15
303.15
303.15
303.15
303.15
303.15
303.15
303.15
303.15
303.15
303.15
303.15
303.148
303.14
303.102
302.998
303.022
303.115
303.144
303.149
303.15
303.15
303.15
303.15
303.15
303.15
303.15
303.15
303.15
303.15
303.15
303.15
303.148
303.14
303.103
302.998
303.023
303.115
303.144
303.149
303.15
303.15
303.15
303.15
303.15
303.15
303.15
303.15
303.15
303.15
303.15
303.15
303.148
303.14
303.103
302.999
303.023
303.116
303.145
303.149
303.15
303.15
303.15
303.15
303.15
303.15
303.15
303.15
303.15
303.15
303.15
303.15
303.148
303.14
303.103
302.999
303.024
303.116
303.145
303.149
303.15
303.15
303.15
303.15
303.15
303.15
303.15
303.15
303.15
303.15
303.15
303.15
303.148
303.14
303.104
303
303.024
303.116
303.145
303.149
303.15
303.15
303.15
303.15
303.15
303.15
303.15
303.15
303.15
303.15
303.15
303.15
303.148
303.14
303.104
303.001
303.025
303.116
303.145
303.149
303.15
303.15
303.15
303.15
303.15
303.15
303.15
303.15
303.15
303.15
303.15
303.15
303.148
303.14
303.104
303.001
303.025
303.117
303.145
303.149
303.15
303.15
303.15
303.15
303.15
303.15
303.15
303.15
303.15
303.15
303.15
303.15
303.148
303.14
303.104
303.002
303.026
303.117
303.145
303.149
303.15
303.15
303.15
303.15
303.15
303.15
303.15
303.15
303.15
303.15
303.15
303.15
303.148
303.14
303.105
303.002
303.026
303.117
303.145
303.149
303.15
303.15
303.15
303.15
303.15
303.15
303.15
303.15
303.15
303.15
303.15
303.15
303.148
303.141
303.105
303.003
303.027
303.117
303.145
303.149
303.15
303.15
303.15
303.15
303.15
303.15
303.15
303.15
303.15
303.15
303.15
303.15
303.148
303.141
303.105
303.004
303.027
303.117
303.145
303.149
303.15
303.15
303.15
303.15
303.15
303.15
303.15
303.15
303.15
303.15
303.15
303.15
303.148
303.141
303.105
303.004
303.028
303.118
303.145
303.149
303.15
303.15
303.15
303.15
303.15
303.15
303.15
303.15
303.15
303.15
303.15
303.15
303.148
303.141
303.106
303.005
303.028
303.118
303.145
303.149
303.15
303.15
303.15
303.15
303.15
303.15
303.15
303.15
303.15
303.15
303.15
303.15
303.148
303.141
303.106
303.005
303.029
303.118
303.145
303.149
303.15
303.15
303.15
303.15
303.15
303.15
303.15
303.15
303.15
303.15
303.15
303.15
303.148
303.141
303.106
303.006
303.029
303.118
303.145
303.149
303.15
303.15
303.15
303.15
303.15
303.15
303.15
303.15
303.15
303.15
303.15
303.15
303.148
303.141
303.107
303.007
303.03
303.119
303.145
303.149
303.15
303.15
303.15
303.15
303.15
303.15
303.15
303.15
303.15
303.15
303.15
303.15
303.148
303.141
303.107
303.007
303.03
303.119
303.145
303.149
303.15
303.15
303.15
303.15
303.15
303.15
303.15
303.15
303.15
303.15
303.15
303.15
303.148
303.141
303.107
303.008
303.031
303.119
303.145
303.149
303.15
303.15
303.15
303.15
303.15
303.15
303.15
303.15
303.15
303.15
303.15
303.15
303.148
303.141
303.107
303.008
303.031
303.119
303.145
303.149
303.15
303.15
303.15
303.15
303.15
303.15
303.15
303.15
303.15
303.15
303.15
303.15
303.148
303.141
303.108
303.009
303.032
303.12
303.145
303.149
303.15
303.15
303.15
303.15
303.15
303.15
303.15
303.15
303.15
303.15
303.15
303.15
303.148
303.141
303.108
303.01
303.032
303.12
303.146
303.149
303.15
303.15
303.15
303.15
303.15
303.15
303.15
303.15
303.15
303.15
303.15
303.15
303.149
303.141
303.108
303.01
303.033
303.12
303.146
303.149
303.15
303.15
303.15
303.15
303.15
303.15
303.15
303.15
303.15
303.15
303.15
303.15
303.149
303.141
303.109
303.011
303.033
303.12
303.146
303.149
303.15
303.15
303.15
303.15
303.15
303.15
303.15
303.15
303.15
303.15
303.15
303.15
303.149
303.142
303.109
303.012
303.034
303.12
303.146
303.149
303.15
303.15
303.15
303.15
303.15
303.15
303.15
303.15
303.15
303.15
303.15
303.15
303.149
303.142
303.109
303.012
303.034
303.121
303.146
303.15
303.15
303.15
303.15
303.15
303.15
303.15
303.15
303.15
303.15
303.15
303.15
303.15
303.149
303.142
303.109
303.013
303.035
303.121
303.146
303.15
303.15
303.15
303.15
303.15
303.15
303.15
303.15
303.15
303.15
303.15
303.15
303.15
303.149
303.142
303.11
303.013
303.036
303.121
303.146
303.15
303.15
303.15
303.15
303.15
303.15
303.15
303.15
303.15
303.15
303.15
303.15
303.15
303.149
303.142
303.11
303.014
303.036
303.121
303.146
303.15
303.15
303.15
303.15
303.15
303.15
303.15
303.15
303.15
303.15
303.15
303.15
303.15
303.149
303.142
303.11
303.015
303.037
303.122
303.146
303.15
303.15
303.15
303.15
303.15
303.15
303.15
303.15
303.15
303.15
303.15
303.15
303.15
303.149
303.142
303.111
303.015
303.037
303.122
303.146
303.15
303.15
303.15
303.15
303.15
303.15
303.15
303.15
303.15
303.15
303.15
303.15
303.15
303.149
303.142
303.111
303.016
303.038
303.122
303.146
303.15
303.15
303.15
303.15
303.15
303.15
303.15
303.15
303.15
303.15
303.15
303.15
303.15
303.149
303.142
303.111
303.017
303.038
303.122
303.146
303.15
303.15
303.15
303.15
303.15
303.15
303.15
303.15
303.15
303.15
303.15
303.15
303.15
303.149
303.142
303.111
303.017
303.039
303.123
303.146
303.15
303.15
303.15
303.15
303.15
303.15
303.15
303.15
303.15
303.15
303.15
303.15
303.15
303.149
303.142
303.112
303.018
303.039
303.123
303.146
303.15
303.15
303.15
303.15
303.15
303.15
303.15
303.15
303.15
303.15
303.15
303.15
303.15
303.149
303.142
303.112
303.018
303.04
303.123
303.146
303.15
303.15
303.15
303.15
303.15
303.15
303.15
303.15
303.15
303.15
303.15
303.15
303.15
303.149
303.142
303.112
303.019
303.04
303.123
303.146
303.15
303.15
303.15
303.15
303.15
303.15
303.15
303.15
303.15
303.15
303.15
303.15
303.15
303.149
303.142
303.112
303.02
303.041
303.124
303.146
303.15
303.15
303.15
303.15
303.15
303.15
303.15
303.15
303.15
303.15
303.15
303.15
303.15
303.149
303.143
303.113
303.02
303.041
303.124
303.146
303.15
303.15
303.15
303.15
303.15
303.15
303.15
303.15
303.15
303.15
303.15
303.15
303.15
303.149
303.143
303.113
303.021
303.042
303.124
303.146
303.15
303.15
303.15
303.15
303.15
303.15
303.15
303.15
303.15
303.15
303.15
303.15
303.15
303.149
303.143
303.113
303.022
303.042
303.124
303.146
303.15
303.15
303.15
303.15
303.15
303.15
303.15
303.15
303.15
303.15
303.15
303.15
303.15
303.149
303.143
303.114
303.022
303.043
303.124
303.147
303.15
303.15
303.15
303.15
303.15
303.15
303.15
303.15
303.15
303.15
303.15
303.15
303.15
303.149
303.143
303.114
303.023
303.044
303.125
303.147
303.15
303.15
303.15
303.15
303.15
303.15
303.15
303.15
303.15
303.15
303.15
303.15
303.15
303.149
303.143
303.114
303.024
303.044
303.125
303.147
303.15
303.15
303.15
303.15
303.15
303.15
303.15
303.15
303.15
303.15
303.15
303.15
303.15
303.149
303.143
303.114
303.024
303.045
303.125
303.147
303.15
303.15
303.15
303.15
303.15
303.15
303.15
303.15
303.15
303.15
303.15
303.15
303.15
303.149
303.143
303.115
303.025
303.045
303.125
303.147
303.15
303.15
303.15
303.15
303.15
303.15
303.15
303.15
303.15
303.15
303.15
303.15
303.15
303.149
303.143
303.115
303.026
303.046
303.126
303.147
303.15
303.15
303.15
303.15
303.15
303.15
303.15
303.15
303.15
303.15
303.15
303.15
303.15
303.149
303.143
303.115
303.026
303.046
303.126
303.147
303.15
303.15
303.15
303.15
303.15
303.15
303.15
303.15
303.15
303.15
303.15
303.15
303.15
303.149
303.143
303.116
303.027
303.047
303.126
303.147
303.15
303.15
303.15
303.15
303.15
303.15
303.15
303.15
303.15
303.15
303.15
303.15
303.15
303.149
303.143
303.116
303.028
303.047
303.126
303.147
303.15
303.15
303.15
303.15
303.15
303.15
303.15
303.15
303.15
303.15
303.15
303.15
303.15
303.149
303.143
303.116
303.028
303.048
303.127
303.147
303.15
303.15
303.15
303.15
303.15
303.15
303.15
303.15
303.15
303.15
303.15
303.15
303.15
303.149
303.143
303.116
303.029
303.048
303.127
303.147
303.15
303.15
303.15
303.15
303.15
303.15
303.15
303.15
303.15
303.15
303.15
303.15
303.15
303.149
303.143
303.117
303.03
303.049
303.127
303.147
303.15
303.15
303.15
303.15
303.15
303.15
303.15
303.15
303.15
303.15
303.15
303.15
303.15
303.149
303.144
303.117
303.03
303.05
303.127
303.147
303.15
303.15
303.15
303.15
303.15
303.15
303.15
303.15
303.15
303.15
303.15
303.15
303.15
303.149
303.144
303.117
303.031
303.05
303.127
303.147
303.15
303.15
303.15
303.15
303.15
303.15
303.15
303.15
303.15
303.15
303.15
303.15
303.15
303.149
303.144
303.117
303.032
303.051
303.128
303.147
303.15
303.15
303.15
303.15
303.15
303.15
303.15
303.15
303.15
303.15
303.15
303.15
303.15
303.149
303.144
303.118
303.032
303.051
303.128
303.147
303.15
303.15
303.15
303.15
303.15
303.15
303.15
303.15
303.15
303.15
303.15
303.15
303.15
303.149
303.144
303.118
303.033
303.052
303.128
303.147
303.15
303.15
303.15
303.15
303.15
303.15
303.15
303.15
303.15
303.15
303.15
303.15
303.15
303.149
303.144
303.118
303.034
303.052
303.128
303.147
303.15
303.15
303.15
303.15
303.15
303.15
303.15
303.15
303.15
303.15
303.15
303.15
303.15
303.149
303.144
303.119
303.034
303.053
303.129
303.147
303.15
303.15
303.15
303.15
303.15
303.15
303.15
303.15
303.15
303.15
303.15
303.15
303.15
303.149
303.144
303.119
303.035
303.054
303.129
303.147
303.15
303.15
303.15
303.15
303.15
303.15
303.15
303.15
303.15
303.15
303.15
303.15
303.15
303.149
303.144
303.119
303.036
303.054
303.129
303.147
303.15
303.15
303.15
303.15
303.15
303.15
303.15
303.15
303.15
303.15
303.15
303.15
303.15
303.149
303.144
303.119
303.036
303.055
303.129
303.147
303.15
303.15
303.15
303.15
303.15
303.15
303.15
303.15
303.15
303.15
303.15
303.15
303.15
303.149
303.144
303.12
303.037
303.055
303.13
303.148
303.15
303.15
303.15
303.15
303.15
303.15
303.15
303.15
303.15
303.15
303.15
303.15
303.15
303.149
303.144
303.12
303.038
303.056
303.13
303.148
303.15
303.15
303.15
303.15
303.15
303.15
303.15
303.15
303.15
303.15
303.15
303.15
303.15
303.149
303.144
303.12
303.038
303.056
303.13
303.148
303.15
303.15
303.15
303.15
303.15
303.15
303.15
303.15
303.15
303.15
303.15
303.15
303.15
303.149
303.144
303.121
303.039
303.057
303.13
303.148
303.15
303.15
303.15
303.15
303.15
303.15
303.15
303.15
303.15
303.15
303.15
303.15
303.15
303.149
303.144
303.121
303.04
303.058
303.131
303.148
303.15
303.15
303.15
303.15
303.15
303.15
303.15
303.15
303.15
303.15
303.15
303.15
303.15
303.149
303.144
303.121
303.041
303.058
303.131
303.148
303.15
303.15
303.15
303.15
303.15
303.15
303.15
303.15
303.15
303.15
303.15
303.15
303.15
303.149
303.145
303.121
303.041
303.059
303.131
303.148
303.15
303.15
303.15
303.15
303.15
303.15
303.15
303.15
303.15
303.15
303.15
303.15
303.15
303.149
303.145
303.122
303.042
303.059
303.131
303.148
303.15
303.15
303.15
303.15
303.15
303.15
303.15
303.15
303.15
303.15
303.15
303.15
303.15
303.149
303.145
303.122
303.043
303.06
303.131
303.148
303.15
303.15
303.15
303.15
303.15
303.15
303.15
303.15
303.15
303.15
303.15
303.15
303.15
303.149
303.145
303.122
303.043
303.06
303.132
303.148
303.15
303.15
303.15
303.15
303.15
303.15
303.15
303.15
303.15
303.15
303.15
303.15
303.15
303.149
303.145
303.123
303.044
303.061
303.132
303.148
303.15
303.15
303.15
303.15
303.15
303.15
303.15
303.15
303.15
303.15
303.15
303.15
303.15
303.149
303.145
303.123
303.045
303.062
303.132
303.148
303.15
303.15
303.15
303.15
303.15
303.15
303.15
303.15
303.15
303.15
303.15
303.15
303.15
303.149
303.145
303.123
303.046
303.062
303.132
303.148
303.15
303.15
303.15
303.15
303.15
303.15
303.15
303.15
303.15
303.15
303.15
303.15
303.15
303.149
303.145
303.123
303.046
303.063
303.133
303.148
303.15
303.15
303.15
303.15
303.15
303.15
303.15
303.15
303.15
303.15
303.15
303.15
303.15
303.149
303.145
303.124
303.047
303.063
303.133
303.148
303.15
303.15
303.15
303.15
303.15
303.15
303.15
303.15
303.15
303.15
303.15
303.15
303.15
303.149
303.145
303.124
303.048
303.064
303.133
303.148
303.15
303.15
303.15
303.15
303.15
303.15
303.15
303.15
303.15
303.15
303.15
303.15
303.15
303.149
303.145
303.124
303.048
303.064
303.133
303.148
303.15
303.15
303.15
303.15
303.15
303.15
303.15
303.15
303.15
303.15
303.15
303.15
303.15
303.149
303.145
303.124
303.049
303.065
303.134
303.148
303.15
303.15
303.15
303.15
303.15
303.15
303.15
303.15
303.15
303.15
303.15
303.15
303.15
303.149
303.145
303.125
303.05
303.066
303.134
303.148
303.15
303.15
303.15
303.15
303.15
303.15
303.15
303.15
303.15
303.15
303.15
303.15
303.15
303.149
303.145
303.125
303.051
303.066
303.134
303.148
303.15
303.15
303.15
303.15
303.15
303.15
303.15
303.15
303.15
303.15
303.15
303.15
303.15
303.149
303.145
303.125
303.051
303.067
303.134
303.148
303.15
303.15
303.15
303.15
303.15
303.15
303.15
303.15
303.15
303.15
303.15
303.15
303.15
303.149
303.145
303.126
303.052
303.067
303.134
303.148
303.15
303.15
303.15
303.15
303.15
303.15
303.15
303.15
303.15
303.15
303.15
303.15
303.15
303.149
303.146
303.126
303.053
303.068
303.135
303.148
303.15
303.15
303.15
303.15
303.15
303.15
303.15
303.15
303.15
303.15
303.15
303.15
303.15
303.149
303.146
303.126
303.054
303.069
303.135
303.148
303.15
303.15
303.15
303.15
303.15
303.15
303.15
303.15
303.15
303.15
303.15
303.15
303.15
303.149
303.146
303.126
303.054
303.069
303.135
303.148
303.15
303.15
303.15
303.15
303.15
303.15
303.15
303.15
303.15
303.15
303.15
303.15
303.15
303.149
303.146
303.127
303.055
303.07
303.135
303.148
303.15
303.15
303.15
303.15
303.15
303.15
303.15
303.15
303.15
303.15
303.15
303.15
303.15
303.149
303.146
303.127
303.056
303.07
303.136
303.149
303.15
303.15
303.15
303.15
303.15
303.15
303.15
303.15
303.15
303.15
303.15
303.15
303.15
303.149
303.146
303.127
303.057
303.071
303.136
303.149
303.15
303.15
303.15
303.15
303.15
303.15
303.15
303.15
303.15
303.15
303.15
303.15
303.15
303.149
303.146
303.127
303.058
303.072
303.136
303.149
303.15
303.15
303.15
303.15
303.15
303.15
303.15
303.15
303.15
303.15
303.15
303.15
303.15
303.149
303.146
303.128
303.058
303.072
303.136
303.149
303.15
303.15
303.15
303.15
303.15
303.15
303.15
303.15
303.15
303.15
303.15
303.15
303.15
303.149
303.146
303.128
303.059
303.073
303.136
303.149
303.15
303.15
303.15
303.15
303.15
303.15
303.15
303.15
303.15
303.15
303.15
303.15
303.15
303.149
303.146
303.128
303.06
303.074
303.137
303.149
303.15
303.15
303.15
303.15
303.15
303.15
303.15
303.15
303.15
303.15
303.15
303.15
303.15
303.149
303.146
303.129
303.061
303.074
303.137
303.149
303.15
303.15
303.15
303.15
303.15
303.15
303.15
303.15
303.15
303.15
303.15
303.15
303.15
303.149
303.146
303.129
303.061
303.075
303.137
303.149
303.15
303.15
303.15
303.15
303.15
303.15
303.15
303.15
303.15
303.15
303.15
303.15
303.15
303.149
303.146
303.129
303.062
303.075
303.137
303.149
303.15
303.15
303.15
303.15
303.15
303.15
303.15
303.15
303.15
303.15
303.15
303.15
303.15
303.149
303.146
303.129
303.063
303.076
303.138
303.149
303.15
303.15
303.15
303.15
303.15
303.15
303.15
303.15
303.15
303.15
303.15
303.15
303.15
303.149
303.146
303.13
303.064
303.077
303.138
303.149
303.15
303.15
303.15
303.15
303.15
303.15
303.15
303.15
303.15
303.15
303.15
303.15
303.15
303.149
303.146
303.13
303.065
303.077
303.138
303.149
303.15
303.15
303.15
303.15
303.15
303.15
303.15
303.15
303.15
303.15
303.15
303.15
303.15
303.149
303.146
303.13
303.066
303.078
303.138
303.149
303.15
303.15
303.15
303.15
303.15
303.15
303.15
303.15
303.15
303.15
303.15
303.15
303.15
303.149
303.146
303.13
303.066
303.078
303.138
303.149
303.15
303.15
303.15
303.15
303.15
303.15
303.15
303.15
303.15
303.15
303.15
303.15
303.15
303.149
303.147
303.131
303.067
303.079
303.139
303.149
303.15
303.15
303.15
303.15
303.15
303.15
303.15
303.15
303.15
303.15
303.15
303.15
303.15
303.149
303.147
303.131
303.068
303.08
303.139
303.149
303.15
303.15
303.15
303.15
303.15
303.15
303.15
303.15
303.15
303.15
303.15
303.15
303.15
303.149
303.147
303.131
303.069
303.08
303.139
303.149
303.15
303.15
303.15
303.15
303.15
303.15
303.15
303.15
303.15
303.15
303.15
303.15
303.15
303.149
303.147
303.132
303.07
303.081
303.139
303.149
303.15
303.15
303.15
303.15
303.15
303.15
303.15
303.15
303.15
303.15
303.15
303.15
303.15
303.149
303.147
303.132
303.07
303.082
303.139
303.149
303.15
303.15
303.15
303.15
303.15
303.15
303.15
303.15
303.15
303.15
303.15
303.15
303.15
303.149
303.147
303.132
303.071
303.082
303.14
303.149
303.15
303.15
303.15
303.15
303.15
303.15
303.15
303.15
303.15
303.15
303.15
303.15
303.15
303.15
303.147
303.132
303.072
303.083
303.14
303.149
303.15
303.15
303.15
303.15
303.15
303.15
303.15
303.15
303.15
303.15
303.15
303.15
303.15
303.15
303.147
303.133
303.073
303.084
303.14
303.149
303.15
303.15
303.15
303.15
303.15
303.15
303.15
303.15
303.15
303.15
303.15
303.15
303.15
303.15
303.147
303.133
303.074
303.084
303.14
303.149
303.15
303.15
303.15
303.15
303.15
303.15
303.15
303.15
303.15
303.15
303.15
303.15
303.15
303.15
303.147
303.133
303.075
303.085
303.141
303.149
303.15
303.15
303.15
303.15
303.15
303.15
303.15
303.15
303.15
303.15
303.15
303.15
303.15
303.15
303.147
303.133
303.076
303.086
303.141
303.149
303.15
303.15
303.15
303.15
303.15
303.15
303.15
303.15
303.15
303.15
303.15
303.15
303.15
303.15
303.147
303.134
303.077
303.086
303.141
303.149
303.15
303.15
303.15
303.15
303.15
303.15
303.15
303.15
303.15
303.15
303.15
303.15
303.15
303.15
303.147
303.134
303.077
303.087
303.141
303.149
303.15
303.15
303.15
303.15
303.15
303.15
303.15
303.15
303.15
303.15
303.15
303.15
303.15
303.15
303.147
303.134
303.078
303.088
303.141
303.149
303.15
303.15
303.15
303.15
303.15
303.15
303.15
303.15
303.15
303.15
303.15
303.15
303.15
303.15
303.147
303.134
303.079
303.088
303.142
303.149
303.15
303.15
303.15
303.15
303.15
303.15
303.15
303.15
303.15
303.15
303.15
303.15
303.15
303.15
303.147
303.135
303.08
303.089
303.142
303.149
303.15
303.15
303.15
303.15
303.15
303.15
303.15
303.15
303.15
303.15
303.15
303.15
303.15
303.15
303.147
303.135
303.081
303.09
303.142
303.149
303.15
303.15
303.15
303.15
303.15
303.15
303.15
303.15
303.15
303.15
303.15
303.15
303.15
303.15
303.147
303.135
303.082
303.09
303.142
303.149
303.15
303.15
303.15
303.15
303.15
303.15
303.15
303.15
303.15
303.15
303.15
303.15
303.15
303.15
303.147
303.136
303.083
303.091
303.142
303.149
303.15
303.15
303.15
303.15
303.15
303.15
303.15
303.15
303.15
303.15
303.15
303.15
303.15
303.15
303.148
303.136
303.084
303.092
303.142
303.149
303.15
303.15
303.15
303.15
303.15
303.15
303.15
303.15
303.15
303.15
303.15
303.15
303.15
303.15
303.148
303.136
303.085
303.092
303.143
303.149
303.15
303.15
303.15
303.15
303.15
303.15
303.15
303.15
303.15
303.15
303.15
303.15
303.15
303.15
303.148
303.136
303.086
303.093
303.143
303.149
303.15
303.15
303.15
303.15
303.15
303.15
303.15
303.15
303.15
303.15
303.15
303.15
303.15
303.15
303.148
303.137
303.087
303.094
303.143
303.149
303.15
303.15
303.15
303.15
303.15
303.15
303.15
303.15
303.15
303.15
303.15
303.15
303.15
303.15
303.148
303.137
303.088
303.094
303.143
303.149
303.15
303.15
303.15
303.15
303.15
303.15
303.15
303.15
303.15
303.15
303.15
303.15
303.15
303.15
303.148
303.137
303.089
303.095
303.143
303.149
303.15
303.15
303.15
303.15
303.15
303.15
303.15
303.15
303.15
303.15
303.15
303.15
303.15
303.15
303.148
303.138
303.09
303.096
303.143
303.149
303.15
303.15
303.15
303.15
303.15
303.15
303.15
303.15
303.15
303.15
303.15
303.15
303.15
303.15
303.148
303.138
303.09
303.096
303.143
303.149
303.15
303.15
303.15
303.15
303.15
303.15
303.15
303.15
303.15
303.15
303.15
303.15
303.15
303.15
303.148
303.138
303.091
303.097
303.144
303.15
303.15
303.15
303.15
303.15
303.15
303.15
303.15
303.15
303.15
303.15
303.15
303.15
303.15
303.15
303.148
303.139
303.092
303.098
303.144
303.15
303.15
303.15
303.15
303.15
303.15
303.15
303.15
303.15
303.15
303.15
303.15
303.15
303.15
303.15
303.148
303.139
303.093
303.098
303.144
303.15
303.15
303.15
303.15
303.15
303.15
303.15
303.15
303.15
303.15
303.15
303.15
303.15
303.15
303.15
303.148
303.139
303.094
303.099
303.144
303.15
303.15
303.15
303.15
303.15
303.15
303.15
303.15
303.15
303.15
303.15
303.15
303.15
303.15
303.15
303.148
303.14
303.095
303.099
303.144
303.15
303.15
303.15
303.15
303.15
303.15
303.15
303.15
303.15
303.15
303.15
303.15
303.15
303.15
303.15
303.149
303.14
303.096
303.1
303.144
303.15
303.15
303.15
303.15
303.15
303.15
303.15
303.15
303.15
303.15
303.15
303.15
303.15
303.15
303.15
303.149
303.141
303.097
301.621
300.072
300.201
300.031
300.078
300.046
300.034
300.026
300.019
300.017
300.021
300.034
300.062
300.121
300.224
300.375
300.583
300.861
301.217
301.588
301.621
300.099
300.209
300.032
300.078
300.046
300.035
300.026
300.02
300.018
300.022
300.035
300.063
300.122
300.224
300.375
300.581
300.857
301.209
301.573
301.623
300.133
300.219
300.034
300.077
300.047
300.035
300.027
300.021
300.019
300.023
300.036
300.064
300.122
300.224
300.374
300.578
300.852
301.2
301.557
301.624
300.169
300.231
300.038
300.077
300.049
300.036
300.027
300.022
300.02
300.025
300.037
300.065
300.123
300.224
300.372
300.575
300.845
301.189
301.539
301.624
300.198
300.243
300.043
300.078
300.051
300.037
300.028
300.023
300.021
300.026
300.038
300.066
300.124
300.223
300.37
300.571
300.838
301.176
301.519
301.62
300.214
300.254
300.05
300.078
300.053
300.039
300.029
300.024
300.022
300.027
300.04
300.067
300.125
300.223
300.368
300.566
300.829
301.161
301.497
301.609
300.22
300.264
300.056
300.08
300.055
300.04
300.031
300.025
300.024
300.029
300.041
300.069
300.126
300.223
300.367
300.561
300.819
301.146
301.475
301.594
300.226
300.273
300.063
300.081
300.058
300.042
300.032
300.027
300.026
300.031
300.043
300.071
300.127
300.224
300.365
300.556
300.809
301.129
301.451
301.578
300.231
300.282
300.071
300.083
300.06
300.045
300.034
300.028
300.028
300.033
300.045
300.073
300.129
300.225
300.364
300.551
300.799
301.111
301.427
301.56
300.235
300.292
300.079
300.084
300.063
300.047
300.037
300.031
300.03
300.035
300.048
300.076
300.132
300.226
300.363
300.546
300.788
301.093
301.402
301.543
300.238
300.303
300.089
300.087
300.066
300.05
300.039
300.033
300.033
300.038
300.051
300.079
300.135
300.229
300.363
300.542
300.777
301.075
301.376
301.528
300.24
300.315
300.101
300.089
300.07
300.053
300.043
300.037
300.036
300.041
300.054
300.083
300.14
300.232
300.364
300.538
300.767
301.056
301.349
301.514
300.24
300.329
300.115
300.093
300.073
300.057
300.046
300.041
300.04
300.045
300.059
300.088
300.145
300.237
300.366
300.536
300.757
301.037
301.322
301.503
300.239
300.344
300.133
300.098
300.077
300.062
300.051
300.045
300.045
300.05
300.064
300.095
300.153
300.244
300.37
300.534
300.749
301.018
301.294
301.495
300.237
300.36
300.154
300.105
300.083
300.067
300.056
300.051
300.051
300.056
300.071
300.103
300.162
300.253
300.376
300.535
300.741
301.001
301.267
301.491
300.231
300.375
300.18
300.117
300.09
300.073
300.063
300.057
300.057
300.063
300.08
300.114
300.175
300.264
300.384
300.538
300.736
300.984
301.239
301.494
300.223
300.389
300.21
300.135
300.101
300.082
300.071
300.066
300.066
300.073
300.091
300.129
300.191
300.279
300.395
300.543
300.733
300.97
301.213
301.505
300.21
300.4
300.245
300.16
300.118
300.095
300.083
300.077
300.077
300.086
300.107
300.148
300.211
300.298
300.41
300.552
300.733
300.958
301.188
301.533
300.19
300.406
300.281
300.194
300.144
300.117
300.101
300.094
300.094
300.105
300.129
300.173
300.237
300.322
300.43
300.565
300.737
300.949
301.165
301.586
300.162
300.402
300.317
300.235
300.181
300.148
300.129
300.121
300.121
300.133
300.16
300.206
300.27
300.352
300.455
300.584
300.747
300.945
301.145
301.686
300.123
300.386
300.347
300.28
300.227
300.191
300.17
300.159
300.159
300.172
300.202
300.247
300.31
300.389
300.487
300.609
300.763
300.947
301.129
301.861
300.169
300.364
300.367
300.323
300.278
300.244
300.221
300.21
300.21
300.224
300.253
300.298
300.357
300.433
300.526
300.643
300.788
300.956
301.117
302.165
301.704
300.631
300.455
300.384
300.337
300.303
300.281
300.27
300.271
300.285
300.313
300.356
300.413
300.485
300.575
300.687
300.822
300.972
301.11
302.224
301.793
300.822
300.57
300.465
300.407
300.371
300.348
300.338
300.339
300.353
300.381
300.422
300.477
300.548
300.636
300.742
300.866
300.996
301.108
302.213
301.763
300.838
300.671
300.561
300.493
300.451
300.426
300.415
300.417
300.431
300.459
300.5
300.555
300.625
300.71
300.81
300.919
301.025
301.109
302.202
301.723
301.427
300.861
300.693
300.603
300.55
300.52
300.507
300.508
300.523
300.551
300.593
300.649
300.718
300.8
300.889
300.977
301.053
301.11
302.238
301.784
301.48
300.997
300.824
300.724
300.664
300.63
300.615
300.616
300.633
300.664
300.708
300.763
300.828
300.898
300.967
301.026
301.068
301.104
302.285
301.829
301.462
301.266
300.943
300.848
300.789
300.756
300.742
300.747
300.768
300.801
300.842
300.889
300.937
300.981
301.015
301.036
301.046
301.081
302.327
301.89
301.498
301.226
301.075
300.92
300.893
300.876
300.874
300.891
300.911
300.933
300.955
300.974
300.987
300.991
300.985
300.974
300.969
301.014
302.354
301.934
301.538
301.239
301.035
300.91
300.826
300.858
300.884
300.904
300.917
300.922
300.92
300.912
300.898
300.882
300.865
300.855
300.866
300.985
302.367
301.955
301.557
301.245
301.027
300.876
300.784
300.764
300.761
300.763
300.764
300.763
300.757
300.749
300.739
300.731
300.729
300.739
300.777
300.942
302.368
301.957
301.554
301.232
301.003
300.84
300.747
300.693
300.661
300.64
300.625
300.612
300.602
300.594
300.59
300.592
300.604
300.632
300.671
300.892
302.359
301.942
301.534
301.205
300.967
300.805
300.694
300.619
300.567
300.53
300.503
300.483
300.469
300.462
300.462
300.471
300.494
300.53
300.616
300.851
302.343
301.916
301.5
301.168
300.929
300.758
300.636
300.549
300.485
300.437
300.401
300.376
300.359
300.352
300.355
300.37
300.401
300.45
300.57
300.819
302.322
301.883
301.46
301.124
300.881
300.706
300.578
300.484
300.413
300.359
300.318
300.288
300.27
300.263
300.267
300.286
300.313
300.392
300.536
300.795
302.3
301.845
301.414
301.075
300.83
300.653
300.524
300.427
300.352
300.294
300.25
300.218
300.198
300.19
300.196
300.217
300.26
300.352
300.51
300.777
302.278
301.806
301.364
301.022
300.779
300.604
300.476
300.378
300.302
300.242
300.195
300.161
300.14
300.131
300.138
300.155
300.214
300.32
300.491
300.765
302.256
301.765
301.313
300.97
300.731
300.559
300.434
300.337
300.261
300.199
300.151
300.115
300.092
300.084
300.09
300.114
300.179
300.295
300.477
300.758
302.234
301.723
301.262
300.921
300.686
300.52
300.399
300.304
300.228
300.165
300.115
300.077
300.054
300.045
300.051
300.081
300.151
300.275
300.466
300.754
302.211
301.681
301.213
300.875
300.647
300.487
300.37
300.278
300.202
300.137
300.085
300.046
300.021
300.012
300.019
300.053
300.128
300.258
300.459
300.753
302.189
301.641
301.166
300.833
300.613
300.46
300.348
300.257
300.181
300.115
300.061
300.02
299.994
299.984
299.99
300.028
300.109
300.246
300.454
300.754
302.167
301.601
301.122
300.795
300.584
300.439
300.331
300.242
300.165
300.097
300.04
299.997
299.97
299.961
299.968
300.008
300.093
300.236
300.452
300.757
302.146
301.563
301.081
300.763
300.561
300.423
300.318
300.23
300.152
300.082
300.023
299.978
299.949
299.94
299.949
299.991
300.079
300.228
300.452
300.762
302.124
301.527
301.044
300.736
300.543
300.412
300.31
300.222
300.142
300.069
300.007
299.96
299.931
299.921
299.932
299.976
300.068
300.222
300.453
300.768
302.103
301.492
301.011
300.713
300.53
300.404
300.305
300.217
300.134
300.059
299.994
299.945
299.914
299.905
299.918
299.964
300.058
300.219
300.457
300.776
302.082
301.46
300.982
300.695
300.521
300.401
300.303
300.214
300.129
300.05
299.983
299.931
299.9
299.89
299.904
299.953
300.051
300.217
300.462
300.784
302.062
301.429
300.957
300.681
300.516
300.4
300.304
300.212
300.125
300.043
299.973
299.919
299.887
299.877
299.893
299.943
300.044
300.216
300.468
300.794
302.043
301.401
300.936
300.671
300.514
300.402
300.306
300.213
300.122
300.037
299.964
299.909
299.876
299.866
299.882
299.934
300.039
300.217
300.475
300.806
302.024
301.376
300.918
300.665
300.515
300.406
300.309
300.214
300.12
300.033
299.958
299.901
299.867
299.856
299.873
299.927
300.036
300.219
300.484
300.818
302.005
301.353
300.904
300.662
300.518
300.411
300.314
300.216
300.12
300.03
299.952
299.894
299.859
299.848
299.865
299.92
300.033
300.223
300.494
300.831
301.988
301.332
300.894
300.662
300.524
300.418
300.319
300.219
300.12
300.028
299.949
299.89
299.853
299.842
299.858
299.915
300.031
300.228
300.505
300.846
301.971
301.313
300.886
300.664
300.531
300.426
300.326
300.223
300.122
300.027
299.947
299.887
299.85
299.838
299.852
299.91
300.031
300.233
300.518
300.861
301.955
301.297
300.881
300.668
300.539
300.435
300.333
300.228
300.124
300.028
299.946
299.885
299.847
299.835
299.847
299.906
300.031
300.24
300.531
300.878
301.94
301.284
300.879
300.675
300.549
300.444
300.34
300.233
300.127
300.029
299.947
299.885
299.847
299.833
299.842
299.902
300.032
300.248
300.545
300.895
301.926
301.272
300.88
300.682
300.559
300.454
300.348
300.239
300.131
300.032
299.949
299.886
299.847
299.833
299.839
299.9
300.034
300.257
300.56
300.913
301.913
301.263
300.882
300.692
300.571
300.464
300.356
300.245
300.135
300.035
299.952
299.889
299.849
299.835
299.836
299.898
300.037
300.267
300.576
300.932
301.901
301.256
300.886
300.702
300.582
300.474
300.365
300.251
300.141
300.04
299.956
299.893
299.852
299.837
299.833
299.896
300.04
300.278
300.593
300.952
301.891
301.25
300.892
300.713
300.594
300.485
300.373
300.258
300.146
300.045
299.961
299.898
299.857
299.841
299.831
299.895
300.044
300.289
300.611
300.972
301.881
301.247
300.9
300.725
300.606
300.495
300.382
300.265
300.152
300.051
299.967
299.904
299.862
299.845
299.83
299.894
300.049
300.301
300.629
300.993
301.872
301.245
300.908
300.737
300.618
300.506
300.39
300.272
300.159
300.057
299.973
299.91
299.868
299.85
299.829
299.894
300.055
300.314
300.648
301.014
301.865
301.245
300.918
300.75
300.63
300.516
300.399
300.28
300.166
300.064
299.981
299.918
299.875
299.856
299.828
299.894
300.061
300.328
300.668
301.036
301.858
301.247
300.928
300.763
300.642
300.526
300.407
300.287
300.173
300.072
299.989
299.926
299.882
299.863
299.828
299.894
300.068
300.343
300.688
301.058
301.853
301.25
300.939
300.776
300.654
300.535
300.415
300.294
300.18
300.08
299.998
299.935
299.89
299.87
299.828
299.895
300.075
300.358
300.709
301.08
301.848
301.254
300.951
300.788
300.665
300.545
300.423
300.302
300.188
300.088
300.007
299.945
299.899
299.877
299.828
299.897
300.084
300.374
300.73
301.103
301.845
301.259
300.963
300.801
300.676
300.554
300.431
300.31
300.196
300.097
300.017
299.955
299.908
299.885
299.828
299.899
300.092
300.39
300.751
301.126
301.842
301.265
300.975
300.813
300.686
300.562
300.438
300.317
300.205
300.107
300.028
299.966
299.917
299.892
299.828
299.901
300.102
300.407
300.773
301.149
301.841
301.273
300.987
300.825
300.696
300.57
300.446
300.325
300.214
300.117
300.039
299.977
299.926
299.899
299.829
299.904
300.112
300.425
300.795
301.172
301.84
301.281
300.999
300.836
300.705
300.578
300.453
300.333
300.223
300.128
300.05
299.988
299.936
299.905
299.829
299.907
300.123
300.443
300.817
301.196
301.84
301.289
301.011
300.847
300.714
300.585
300.46
300.34
300.232
300.138
300.062
299.999
299.944
299.91
299.83
299.91
300.134
300.461
300.839
301.219
301.842
301.298
301.022
300.857
300.722
300.593
300.467
300.349
300.241
300.15
300.074
300.011
299.953
299.912
299.831
299.914
300.146
300.48
300.861
301.243
301.844
301.307
301.033
300.867
300.73
300.599
300.474
300.357
300.252
300.161
300.086
300.021
299.96
299.913
299.831
299.919
300.158
300.499
300.884
301.267
301.847
301.316
301.044
300.876
300.737
300.606
300.482
300.366
300.262
300.173
300.098
300.032
299.967
299.911
299.832
299.924
300.171
300.518
300.906
301.29
301.85
301.326
301.055
300.884
300.744
300.613
300.489
300.375
300.273
300.185
300.11
300.042
299.973
299.906
299.832
299.93
300.185
300.538
300.929
301.314
301.854
301.335
301.064
300.892
300.75
300.619
300.497
300.385
300.285
300.198
300.122
300.051
299.977
299.899
299.833
299.936
300.199
300.558
300.952
301.338
301.859
301.345
301.074
300.9
300.757
300.626
300.505
300.395
300.297
300.211
300.135
300.061
299.98
299.895
299.833
299.943
300.213
300.578
300.974
301.362
301.865
301.355
301.083
300.907
300.763
300.633
300.514
300.406
300.31
300.225
300.147
300.07
299.983
299.892
299.833
299.95
300.228
300.598
300.997
301.385
301.871
301.364
301.091
300.914
300.77
300.641
300.524
300.418
300.324
300.24
300.161
300.079
299.986
299.888
299.833
299.958
300.245
300.619
301.02
301.409
301.878
301.374
301.1
300.921
300.777
300.65
300.535
300.431
300.339
300.255
300.174
300.088
299.989
299.887
299.836
299.968
300.262
300.64
301.043
301.433
301.886
301.383
301.108
300.929
300.785
300.659
300.547
300.446
300.355
300.272
300.189
300.098
299.994
299.888
299.841
299.98
300.28
300.662
301.066
301.456
301.894
301.393
301.117
300.936
300.793
300.67
300.56
300.462
300.373
300.29
300.205
300.11
300.001
299.894
299.85
299.995
300.3
300.684
301.089
301.479
301.904
301.404
301.126
300.944
300.803
300.682
300.575
300.48
300.392
300.309
300.222
300.124
300.012
299.905
299.862
300.012
300.321
300.706
301.112
301.502
301.914
301.415
301.135
300.954
300.813
300.695
300.592
300.499
300.414
300.33
300.242
300.141
300.028
299.922
299.88
300.032
300.344
300.729
301.135
301.525
301.925
301.427
301.145
300.964
300.826
300.711
300.611
300.521
300.437
300.354
300.265
300.163
300.049
299.945
299.904
300.057
300.368
300.753
301.159
301.548
301.938
301.44
301.157
300.976
300.84
300.729
300.633
300.546
300.464
300.381
300.291
300.189
300.076
299.974
299.934
300.085
300.395
300.778
301.182
301.57
301.952
301.454
301.17
300.99
300.857
300.75
300.657
300.573
300.493
300.411
300.322
300.22
300.109
300.011
299.971
300.117
300.424
300.804
301.206
301.592
301.968
301.47
301.185
301.006
300.877
300.773
300.684
300.603
300.525
300.445
300.356
300.257
300.15
300.056
300.015
300.154
300.455
300.831
301.23
301.614
301.986
301.489
301.202
301.025
300.899
300.799
300.714
300.636
300.56
300.482
300.396
300.299
300.197
300.108
300.068
300.195
300.488
300.859
301.254
301.636
302.006
301.509
301.223
301.047
300.924
300.828
300.747
300.672
300.6
300.524
300.44
300.348
300.251
300.167
300.129
300.242
300.525
300.888
301.279
301.657
302.029
301.533
301.246
301.072
300.953
300.861
300.784
300.713
300.643
300.57
300.49
300.402
300.312
300.233
300.197
300.293
300.564
300.919
301.304
301.678
302.055
301.561
301.273
301.101
300.985
300.898
300.824
300.757
300.69
300.62
300.544
300.462
300.378
300.306
300.272
300.35
300.607
300.952
301.329
301.699
302.084
301.593
301.304
301.134
301.022
300.939
300.869
300.805
300.741
300.675
300.604
300.527
300.45
300.385
300.353
300.413
300.653
300.986
301.355
301.719
302.116
301.629
301.34
301.171
301.063
300.983
300.917
300.857
300.797
300.735
300.668
300.598
300.528
300.47
300.443
300.48
300.703
301.023
301.382
301.74
302.152
301.67
301.381
301.214
301.108
301.032
300.97
300.913
300.857
300.799
300.738
300.673
300.609
300.557
300.531
300.554
300.757
301.062
301.41
301.76
302.191
301.717
301.428
301.261
301.158
301.086
301.028
300.974
300.922
300.868
300.812
300.752
300.694
300.645
300.619
300.633
300.815
301.104
301.439
301.779
302.235
301.77
301.481
301.315
301.214
301.145
301.09
301.04
300.992
300.942
300.89
300.836
300.783
300.737
300.709
300.719
300.878
301.148
301.468
301.798
302.283
301.829
301.541
301.375
301.275
301.209
301.157
301.111
301.066
301.021
300.974
300.925
300.876
300.833
300.806
300.811
300.947
301.195
301.499
301.817
302.335
301.895
301.608
301.442
301.343
301.278
301.229
301.186
301.146
301.105
301.062
301.018
300.975
300.936
300.91
300.912
301.021
301.246
301.531
301.836
302.39
301.968
301.683
301.516
301.417
301.354
301.307
301.267
301.23
301.193
301.156
301.117
301.079
301.045
301.022
301.024
301.102
301.301
301.565
301.854
302.448
302.047
301.766
301.597
301.498
301.436
301.391
301.354
301.32
301.287
301.254
301.221
301.188
301.16
301.142
301.146
301.189
301.36
301.601
301.872
302.508
302.132
301.856
301.687
301.586
301.524
301.481
301.447
301.416
301.387
301.358
301.33
301.302
301.278
301.262
301.261
301.284
301.424
301.639
301.89
302.57
302.221
301.954
301.785
301.683
301.62
301.579
301.547
301.519
301.493
301.468
301.443
301.42
301.399
301.383
301.376
301.387
301.493
301.68
301.907
302.631
302.314
302.058
301.89
301.787
301.724
301.683
301.653
301.628
301.605
301.583
301.562
301.542
301.524
301.509
301.5
301.506
301.568
301.723
301.923
302.691
302.409
302.167
302.002
301.898
301.835
301.795
301.767
301.744
301.725
301.706
301.688
301.671
301.655
301.641
301.632
301.632
301.65
301.769
301.94
302.749
302.504
302.279
302.119
302.016
301.952
301.913
301.887
301.867
301.851
301.836
301.822
301.808
301.793
301.78
301.768
301.758
301.75
301.819
301.956
302.802
302.596
302.391
302.24
302.138
302.075
302.036
302.012
301.996
301.984
301.973
301.963
301.953
301.942
301.931
301.919
301.905
301.889
301.875
301.971
302.85
302.683
302.501
302.36
302.263
302.201
302.163
302.142
302.129
302.121
302.115
302.111
302.106
302.101
302.094
302.086
302.074
302.056
302.017
301.986
302.893
302.763
302.605
302.478
302.386
302.327
302.291
302.272
302.262
302.259
302.259
302.26
302.262
302.264
302.266
302.265
302.261
302.252
302.225
302.096
302.929
302.835
302.702
302.589
302.505
302.45
302.416
302.399
302.392
302.393
302.398
302.405
302.414
302.423
302.433
302.442
302.45
302.456
302.458
302.461
302.959
302.897
302.788
302.692
302.617
302.566
302.535
302.52
302.515
302.519
302.527
302.539
302.553
302.568
302.583
302.599
302.615
302.63
302.646
302.67
302.983
302.949
302.864
302.783
302.718
302.673
302.645
302.631
302.629
302.633
302.644
302.658
302.674
302.691
302.709
302.727
302.744
302.759
302.771
302.777
303.001
302.992
302.928
302.863
302.808
302.769
302.744
302.732
302.73
302.735
302.746
302.76
302.776
302.793
302.811
302.827
302.84
302.849
302.851
302.837
303.014
303.027
302.981
302.929
302.884
302.852
302.83
302.82
302.818
302.822
302.832
302.845
302.86
302.876
302.89
302.903
302.911
302.913
302.904
302.874
303.023
303.053
303.023
302.984
302.948
302.921
302.903
302.894
302.892
302.896
302.904
302.916
302.928
302.941
302.953
302.961
302.965
302.959
302.942
302.898
303.028
303.073
303.056
303.027
302.999
302.978
302.963
302.956
302.954
302.957
302.963
302.973
302.983
302.993
303.001
303.006
303.005
302.995
302.97
302.915
303.031
303.088
303.081
303.06
303.039
303.023
303.011
303.005
303.003
303.006
303.011
303.018
303.025
303.033
303.039
303.041
303.037
303.022
302.991
302.927
303.031
303.098
303.1
303.086
303.07
303.058
303.049
303.044
303.042
303.044
303.048
303.053
303.059
303.064
303.068
303.068
303.062
303.044
303.008
302.936
303.031
303.105
303.114
303.105
303.093
303.084
303.078
303.074
303.073
303.074
303.076
303.08
303.084
303.088
303.09
303.088
303.081
303.061
303.022
302.943
303.029
303.109
303.124
303.118
303.11
303.104
303.099
303.096
303.095
303.096
303.098
303.1
303.103
303.105
303.106
303.104
303.096
303.075
303.032
302.948
303.026
303.112
303.13
303.128
303.123
303.118
303.115
303.113
303.112
303.112
303.113
303.115
303.117
303.119
303.119
303.116
303.108
303.086
303.041
302.952
303.024
303.113
303.135
303.135
303.131
303.128
303.126
303.124
303.124
303.124
303.125
303.126
303.127
303.128
303.128
303.125
303.117
303.095
303.049
302.954
303.021
303.114
303.138
303.14
303.137
303.135
303.134
303.133
303.132
303.132
303.133
303.134
303.134
303.135
303.135
303.132
303.124
303.102
303.055
302.957
303.018
303.114
303.14
303.143
303.142
303.14
303.139
303.138
303.138
303.138
303.139
303.139
303.14
303.14
303.139
303.137
303.129
303.108
303.06
302.959
303.015
303.113
303.142
303.145
303.144
303.144
303.143
303.142
303.142
303.142
303.142
303.143
303.143
303.143
303.143
303.14
303.133
303.113
303.064
302.96
303.013
303.112
303.142
303.147
303.146
303.146
303.145
303.145
303.145
303.145
303.145
303.145
303.145
303.145
303.145
303.143
303.136
303.117
303.067
302.961
303.01
303.112
303.143
303.147
303.148
303.147
303.147
303.147
303.147
303.147
303.147
303.147
303.147
303.147
303.147
303.145
303.139
303.12
303.07
302.962
303.008
303.111
303.143
303.148
303.148
303.148
303.148
303.148
303.148
303.148
303.148
303.148
303.148
303.148
303.148
303.146
303.141
303.122
303.073
302.963
303.006
303.11
303.143
303.148
303.149
303.149
303.149
303.149
303.149
303.149
303.149
303.149
303.149
303.149
303.148
303.147
303.142
303.125
303.075
302.964
303.005
303.109
303.143
303.149
303.149
303.149
303.149
303.149
303.149
303.149
303.149
303.149
303.149
303.149
303.149
303.148
303.143
303.126
303.077
302.965
303.003
303.109
303.143
303.149
303.15
303.15
303.15
303.149
303.149
303.15
303.15
303.15
303.15
303.15
303.149
303.148
303.144
303.128
303.079
302.966
303.002
303.108
303.143
303.149
303.15
303.15
303.15
303.15
303.15
303.15
303.15
303.15
303.15
303.15
303.15
303.148
303.145
303.129
303.08
302.966
303.001
303.108
303.143
303.149
303.15
303.15
303.15
303.15
303.15
303.15
303.15
303.15
303.15
303.15
303.15
303.149
303.145
303.13
303.081
302.967
303.001
303.107
303.143
303.149
303.15
303.15
303.15
303.15
303.15
303.15
303.15
303.15
303.15
303.15
303.15
303.149
303.146
303.131
303.082
302.968
303
303.107
303.143
303.149
303.15
303.15
303.15
303.15
303.15
303.15
303.15
303.15
303.15
303.15
303.15
303.149
303.146
303.132
303.083
302.968
303
303.107
303.143
303.149
303.15
303.15
303.15
303.15
303.15
303.15
303.15
303.15
303.15
303.15
303.15
303.149
303.146
303.133
303.084
302.969
303
303.106
303.143
303.149
303.15
303.15
303.15
303.15
303.15
303.15
303.15
303.15
303.15
303.15
303.15
303.149
303.146
303.133
303.085
302.969
303
303.106
303.143
303.149
303.15
303.15
303.15
303.15
303.15
303.15
303.15
303.15
303.15
303.15
303.15
303.149
303.147
303.134
303.086
302.97
303
303.106
303.143
303.149
303.15
303.15
303.15
303.15
303.15
303.15
303.15
303.15
303.15
303.15
303.15
303.149
303.147
303.134
303.087
302.971
303
303.106
303.143
303.149
303.15
303.15
303.15
303.15
303.15
303.15
303.15
303.15
303.15
303.15
303.15
303.149
303.147
303.134
303.087
302.971
303
303.106
303.143
303.149
303.15
303.15
303.15
303.15
303.15
303.15
303.15
303.15
303.15
303.15
303.15
303.149
303.147
303.135
303.088
302.972
303
303.106
303.142
303.149
303.15
303.15
303.15
303.15
303.15
303.15
303.15
303.15
303.15
303.15
303.15
303.15
303.147
303.135
303.088
302.972
303.001
303.106
303.142
303.149
303.15
303.15
303.15
303.15
303.15
303.15
303.15
303.15
303.15
303.15
303.15
303.15
303.147
303.135
303.089
302.973
303.001
303.106
303.142
303.149
303.15
303.15
303.15
303.15
303.15
303.15
303.15
303.15
303.15
303.15
303.15
303.15
303.147
303.136
303.089
302.973
303.001
303.106
303.142
303.149
303.15
303.15
303.15
303.15
303.15
303.15
303.15
303.15
303.15
303.15
303.15
303.15
303.147
303.136
303.09
302.974
303.002
303.106
303.142
303.149
303.15
303.15
303.15
303.15
303.15
303.15
303.15
303.15
303.15
303.15
303.15
303.15
303.147
303.136
303.09
302.975
303.002
303.106
303.142
303.149
303.15
303.15
303.15
303.15
303.15
303.15
303.15
303.15
303.15
303.15
303.15
303.15
303.147
303.136
303.09
302.975
303.003
303.106
303.142
303.149
303.15
303.15
303.15
303.15
303.15
303.15
303.15
303.15
303.15
303.15
303.15
303.15
303.147
303.136
303.091
302.976
303.003
303.106
303.142
303.149
303.15
303.15
303.15
303.15
303.15
303.15
303.15
303.15
303.15
303.15
303.15
303.15
303.147
303.136
303.091
302.976
303.004
303.107
303.142
303.149
303.15
303.15
303.15
303.15
303.15
303.15
303.15
303.15
303.15
303.15
303.15
303.15
303.148
303.137
303.092
302.977
303.004
303.107
303.142
303.149
303.15
303.15
303.15
303.15
303.15
303.15
303.15
303.15
303.15
303.15
303.15
303.15
303.148
303.137
303.092
302.977
303.005
303.107
303.142
303.149
303.15
303.15
303.15
303.15
303.15
303.15
303.15
303.15
303.15
303.15
303.15
303.15
303.148
303.137
303.092
302.978
303.005
303.107
303.143
303.149
303.15
303.15
303.15
303.15
303.15
303.15
303.15
303.15
303.15
303.15
303.15
303.15
303.148
303.137
303.093
302.979
303.006
303.107
303.143
303.149
303.15
303.15
303.15
303.15
303.15
303.15
303.15
303.15
303.15
303.15
303.15
303.15
303.148
303.137
303.093
302.979
303.006
303.108
303.143
303.149
303.15
303.15
303.15
303.15
303.15
303.15
303.15
303.15
303.15
303.15
303.15
303.15
303.148
303.137
303.093
302.98
303.007
303.108
303.143
303.149
303.15
303.15
303.15
303.15
303.15
303.15
303.15
303.15
303.15
303.15
303.15
303.15
303.148
303.137
303.094
302.98
303.007
303.108
303.143
303.149
303.15
303.15
303.15
303.15
303.15
303.15
303.15
303.15
303.15
303.15
303.15
303.15
303.148
303.137
303.094
302.981
303.008
303.108
303.143
303.149
303.15
303.15
303.15
303.15
303.15
303.15
303.15
303.15
303.15
303.15
303.15
303.15
303.148
303.138
303.094
302.981
303.008
303.108
303.143
303.149
303.15
303.15
303.15
303.15
303.15
303.15
303.15
303.15
303.15
303.15
303.15
303.15
303.148
303.138
303.094
302.982
303.008
303.109
303.143
303.149
303.15
303.15
303.15
303.15
303.15
303.15
303.15
303.15
303.15
303.15
303.15
303.15
303.148
303.138
303.095
302.982
303.009
303.109
303.143
303.149
303.15
303.15
303.15
303.15
303.15
303.15
303.15
303.15
303.15
303.15
303.15
303.15
303.148
303.138
303.095
302.983
303.009
303.109
303.143
303.149
303.15
303.15
303.15
303.15
303.15
303.15
303.15
303.15
303.15
303.15
303.15
303.15
303.148
303.138
303.095
302.984
)
;

boundaryField
{
    wall
    {
        type            zeroGradient;
    }
    inlet
    {
        type            fixedValue;
        value           uniform 303.15;
    }
    outlet
    {
        type            inletOutlet;
        inletValue      uniform 300;
        value           nonuniform List<scalar> 
20
(
302.027
301.54
301.156
300.872
300.641
300.426
300.229
300.09
300.026
300.007
300
300
300
300
300
300
300
300
300
301.62
)
;
    }
    heatWall
    {
        type            fixedGradient;
        gradient        uniform -500;
    }
}


// ************************************************************************* //
