/*--------------------------------*- C++ -*----------------------------------*\
  =========                 |
  \\      /  F ield         | OpenFOAM: The Open Source CFD Toolbox
   \\    /   O peration     | Website:  https://openfoam.org
    \\  /    A nd           | Version:  8
     \\/     M anipulation  |
\*---------------------------------------------------------------------------*/
FoamFile
{
    version     2.0;
    format      ascii;
    class       volScalarField;
    location    "100";
    object      alphat;
}
// * * * * * * * * * * * * * * * * * * * * * * * * * * * * * * * * * * * * * //

dimensions      [1 -1 -1 0 0 0 0];

internalField   nonuniform List<scalar> 
8400
(
0.353175
0.352606
0.352069
0.351568
0.351102
0.35067
0.35027
0.3499
0.349558
0.349243
0.348952
0.348684
0.348439
0.348214
0.348007
0.347815
0.347634
0.347464
0.347304
0.347152
0.347007
0.346865
0.346725
0.346583
0.346438
0.346286
0.346124
0.345949
0.34576
0.345552
0.345318
0.34505
0.344762
0.344454
0.344123
0.343769
0.343389
0.342979
0.342532
0.34204
0.341489
0.340862
0.340154
0.339385
0.338556
0.337673
0.33675
0.335807
0.334866
0.333971
0.108839
0.109363
0.109929
0.110532
0.111171
0.111844
0.112551
0.113289
0.114057
0.114854
0.115679
0.11653
0.117406
0.118306
0.119227
0.120169
0.121128
0.122105
0.123099
0.124106
0.125127
0.126158
0.127198
0.128245
0.129298
0.130355
0.131415
0.132476
0.133539
0.134604
0.13567
0.136741
0.137772
0.138753
0.139686
0.140563
0.141379
0.142126
0.142802
0.143412
0.143971
0.1445
0.144984
0.145385
0.145699
0.145922
0.146053
0.146091
0.146037
0.145905
0.0574056
0.0577614
0.0581364
0.0585302
0.0589428
0.0593742
0.0598245
0.0602934
0.0607805
0.0612857
0.0618087
0.0623494
0.0629076
0.0634827
0.0640739
0.0646806
0.0653023
0.0659386
0.0665885
0.0672511
0.0679253
0.0686098
0.0693034
0.0700051
0.0707131
0.0714258
0.0721414
0.0728582
0.0735739
0.074286
0.0749917
0.0756935
0.0763918
0.0770807
0.0777447
0.0783788
0.0789776
0.0795356
0.0800492
0.0805168
0.0809393
0.0813216
0.0816754
0.0819588
0.082179
0.0823334
0.0824182
0.0824309
0.082371
0.0822403
0.0504542
0.0505584
0.0506695
0.0507875
0.0509126
0.051045
0.0511852
0.051333
0.0514885
0.0516519
0.0518233
0.052003
0.0521913
0.052388
0.0525931
0.0528066
0.0530287
0.0532594
0.0534986
0.0537458
0.0540009
0.0542636
0.0545339
0.0548113
0.0550952
0.0553851
0.0556803
0.0559816
0.0562886
0.0566012
0.0569193
0.0572385
0.0575565
0.0578718
0.0581821
0.058485
0.0587777
0.0590577
0.0593231
0.0595726
0.0598052
0.0600217
0.0602251
0.0604167
0.0605775
0.0607106
0.0608152
0.0608894
0.0609354
0.0609487
0.0490497
0.0490858
0.0491245
0.0491656
0.0492097
0.0492568
0.0493073
0.0493612
0.0494183
0.0494788
0.0495431
0.0496113
0.0496837
0.0497604
0.0498414
0.0499269
0.0500173
0.0501124
0.0502123
0.0503169
0.0504265
0.0505415
0.0506621
0.0507887
0.0509212
0.0510598
0.0512049
0.0513557
0.0515117
0.0516728
0.0518388
0.0520095
0.0521846
0.0523636
0.0525463
0.0527317
0.0529187
0.0531063
0.0532942
0.053482
0.0536691
0.0538556
0.0540417
0.0542293
0.0544222
0.0546133
0.0548012
0.0549846
0.0551642
0.0553418
0.0489446
0.0489716
0.0489999
0.0490297
0.0490613
0.049095
0.0491311
0.0491694
0.0492099
0.0492529
0.0492985
0.0493469
0.0493982
0.0494526
0.0495103
0.0495716
0.0496366
0.0497054
0.049778
0.0498546
0.0499354
0.0500209
0.0501113
0.0502066
0.0503069
0.0504125
0.0505237
0.0506404
0.0507628
0.050891
0.0510253
0.0511662
0.0513137
0.051468
0.0516291
0.051797
0.0519716
0.0521536
0.0523432
0.0525406
0.0527458
0.0529585
0.0531792
0.0534088
0.0536479
0.0538975
0.0541572
0.0544306
0.0547127
0.0550042
0.0491922
0.0492291
0.0492673
0.0493069
0.0493481
0.0493913
0.0494366
0.0494838
0.0495329
0.0495842
0.049638
0.0496944
0.0497537
0.0498161
0.0498818
0.049951
0.0500238
0.0501004
0.0501808
0.0502652
0.050354
0.0504475
0.050546
0.0506494
0.0507582
0.0508725
0.0509927
0.0511189
0.0512513
0.0513904
0.0515367
0.0516904
0.0518519
0.0520216
0.0521998
0.0523866
0.0525828
0.052789
0.0530057
0.0532332
0.0534721
0.0537228
0.0539865
0.0542639
0.0545547
0.0548589
0.055175
0.0555066
0.055857
0.0562226
0.0496378
0.0496887
0.049741
0.0497948
0.0498505
0.0499084
0.0499686
0.050031
0.0500957
0.0501627
0.0502325
0.0503051
0.0503808
0.0504597
0.0505421
0.0506284
0.0507184
0.0508125
0.0509106
0.051013
0.0511202
0.0512322
0.0513494
0.0514718
0.0515999
0.0517338
0.0518739
0.0520203
0.0521733
0.0523337
0.0525016
0.0526775
0.0528617
0.0530547
0.0532567
0.0534682
0.0536901
0.0539231
0.0541679
0.0544249
0.0546941
0.0549767
0.0552739
0.0555863
0.0559146
0.0562573
0.0566156
0.0569866
0.0573722
0.0577773
0.0501372
0.050205
0.0502743
0.0503453
0.0504184
0.0504937
0.0505714
0.0506515
0.0507339
0.050819
0.050907
0.050998
0.0510923
0.0511899
0.0512912
0.0513964
0.0515057
0.051619
0.0517366
0.0518587
0.0519856
0.0521176
0.0522547
0.0523973
0.0525456
0.0526999
0.0528602
0.0530269
0.0532005
0.0533813
0.0535698
0.0537662
0.0539711
0.0541846
0.054407
0.0546391
0.0548819
0.0551356
0.0554009
0.055678
0.0559678
0.0562714
0.056589
0.0569216
0.05727
0.0576332
0.0580123
0.0584046
0.0588071
0.0592219
0.0506633
0.050747
0.0508323
0.0509195
0.0510088
0.0511005
0.0511945
0.0512909
0.0513899
0.0514917
0.0515964
0.0517042
0.0518152
0.0519296
0.0520477
0.0521697
0.0522957
0.0524259
0.0525603
0.0526992
0.052843
0.0529917
0.0531455
0.0533047
0.0534694
0.0536397
0.0538157
0.0539979
0.0541868
0.0543828
0.0545861
0.0547971
0.0550159
0.0552428
0.0554781
0.055723
0.0559777
0.0562427
0.0565181
0.0568041
0.0571022
0.0574129
0.0577371
0.0580742
0.0584238
0.0587881
0.0591667
0.0595591
0.0599606
0.0603695
0.0511283
0.0512273
0.0513278
0.0514302
0.0515345
0.051641
0.0517497
0.0518609
0.0519746
0.0520911
0.0522104
0.0523328
0.0524581
0.0525868
0.052719
0.052855
0.0529948
0.0531386
0.0532866
0.0534389
0.0535958
0.0537573
0.0539237
0.054095
0.0542713
0.0544527
0.0546394
0.054832
0.0550308
0.0552362
0.0554482
0.055667
0.0558928
0.0561259
0.056367
0.0566166
0.0568748
0.0571417
0.0574173
0.0577023
0.0579975
0.0583033
0.0586202
0.0589472
0.0592849
0.0596329
0.0599923
0.0603618
0.0607409
0.0611247
0.0514981
0.0516095
0.0517224
0.0518371
0.0519537
0.0520723
0.0521929
0.0523156
0.0524409
0.0525687
0.0526993
0.0528326
0.0529687
0.0531079
0.0532504
0.0533965
0.0535461
0.0536994
0.0538564
0.0540175
0.0541828
0.0543524
0.0545262
0.0547045
0.0548872
0.0550745
0.0552667
0.0554642
0.0556674
0.0558761
0.0560906
0.0563112
0.0565378
0.0567706
0.0570102
0.0572568
0.0575102
0.0577702
0.0580372
0.0583124
0.058595
0.0588859
0.0591851
0.0594907
0.0598038
0.0601238
0.0604502
0.0607824
0.0611197
0.0614613
0.0517086
0.05183
0.0519527
0.0520768
0.0522026
0.05233
0.0524592
0.0525904
0.0527237
0.0528595
0.0529978
0.0531385
0.0532817
0.0534278
0.053577
0.0537293
0.0538848
0.0540435
0.0542056
0.0543713
0.0545408
0.0547141
0.0548914
0.0550726
0.0552576
0.0554466
0.05564
0.0558381
0.0560408
0.0562482
0.0564607
0.0566779
0.0568998
0.0571267
0.0573593
0.0575972
0.0578401
0.0580875
0.0583394
0.0585965
0.0588601
0.0591275
0.059398
0.0596744
0.0599535
0.0602357
0.0605188
0.0608032
0.0610879
0.0613723
0.0517266
0.051854
0.0519825
0.0521124
0.0522436
0.0523761
0.0525098
0.0526452
0.0527826
0.0529222
0.0530641
0.0532082
0.0533545
0.0535033
0.0536548
0.053809
0.053966
0.0541259
0.0542888
0.0544551
0.054625
0.0547984
0.0549754
0.0551559
0.0553396
0.0555269
0.0557179
0.0559127
0.0561112
0.0563137
0.0565203
0.0567305
0.0569445
0.0571626
0.0573844
0.0576092
0.0578364
0.058066
0.0582995
0.0585338
0.0587718
0.0590117
0.0592484
0.0594865
0.0597242
0.0599602
0.0601923
0.0604206
0.060643
0.0608601
0.0514928
0.051622
0.0517523
0.0518835
0.0520156
0.0521485
0.0522823
0.0524175
0.0525547
0.0526942
0.0528356
0.0529788
0.0531238
0.0532712
0.053421
0.0535734
0.0537284
0.053886
0.0540468
0.054211
0.0543785
0.0545495
0.0547237
0.0549009
0.0550811
0.0552645
0.0554512
0.0556412
0.0558346
0.0560314
0.0562311
0.056433
0.0566374
0.0568442
0.0570529
0.0572633
0.0574743
0.0576847
0.0578957
0.0581066
0.0583135
0.0585197
0.0587229
0.0589201
0.0591131
0.0592971
0.0594733
0.05964
0.0597949
0.0599383
0.0509424
0.0510685
0.0511951
0.0513223
0.05145
0.0515781
0.0517069
0.0518373
0.0519697
0.052104
0.0522399
0.0523772
0.0525164
0.0526581
0.0528023
0.0529492
0.0530988
0.0532516
0.0534079
0.053568
0.0537315
0.0538985
0.0540689
0.0542425
0.0544194
0.0545997
0.0547832
0.0549695
0.0551587
0.0553504
0.0555438
0.0557388
0.0559359
0.0561342
0.0563317
0.0565277
0.0567227
0.0569171
0.0571048
0.0572942
0.057475
0.0576466
0.0578119
0.057969
0.0581162
0.0582494
0.058368
0.0584708
0.058556
0.0586218
0.0499591
0.0500746
0.0501903
0.0503065
0.0504228
0.0505393
0.0506567
0.0507757
0.0508968
0.0510195
0.0511436
0.0512692
0.0513973
0.0515284
0.0516628
0.0518003
0.0519415
0.0520871
0.0522374
0.0523918
0.0525505
0.0527138
0.0528818
0.0530541
0.0532306
0.0534113
0.0535955
0.0537828
0.0539733
0.0541663
0.0543611
0.0545576
0.0547542
0.0549492
0.0551423
0.0553319
0.0555178
0.055703
0.0558764
0.0560432
0.0562035
0.0563533
0.0564856
0.0566076
0.056712
0.0567978
0.0568642
0.0569062
0.0569234
0.056912
0.0484224
0.0485194
0.0486161
0.0487128
0.0488092
0.0489055
0.0490027
0.0491015
0.0492016
0.0493027
0.0494048
0.0495091
0.0496164
0.0497274
0.0498418
0.0499604
0.0500845
0.0502147
0.0503506
0.0504919
0.0506397
0.0507946
0.0509562
0.0511242
0.051299
0.0514804
0.0516673
0.0518592
0.0520559
0.0522568
0.0524606
0.0526665
0.0528724
0.0530769
0.0532807
0.0534782
0.053669
0.0538562
0.0540417
0.0542028
0.0543539
0.0544936
0.0546138
0.0547136
0.0547892
0.0548382
0.0548593
0.0548499
0.0548075
0.0547272
0.0466128
0.046673
0.0467324
0.0467907
0.0468473
0.0469023
0.0469566
0.0470103
0.0470624
0.0471124
0.0471609
0.0472092
0.0472579
0.0473069
0.0473568
0.0474097
0.0474677
0.0475305
0.0475974
0.0476698
0.0477503
0.047839
0.0479357
0.0480426
0.0481619
0.0482932
0.0484354
0.0485923
0.0487682
0.0489588
0.0491587
0.0493658
0.0495712
0.0497799
0.0499889
0.0502047
0.0504315
0.0506333
0.0508746
0.0510657
0.0512528
0.0514094
0.0515502
0.0516623
0.0517351
0.0517738
0.0517705
0.0517263
0.0516388
0.0515053
0.0519484
0.0514446
0.0509531
0.0504675
0.0499906
0.0495247
0.0490707
0.0486268
0.0481906
0.047762
0.0473431
0.0469351
0.046537
0.0461494
0.0457777
0.0454275
0.0450973
0.0447823
0.0444842
0.044208
0.0439479
0.043691
0.0434347
0.0431814
0.0429149
0.0426201
0.0423516
0.0422437
0.0425417
0.0434632
0.044267
0.0447629
0.0447382
0.0451586
0.045253
0.0451693
0.0456242
0.0459017
0.0463667
0.0469073
0.047452
0.0479837
0.0484752
0.0489257
0.049355
0.0497811
0.0502137
0.0506286
0.0509976
0.0513061
1.08355
1.06874
1.05457
1.04098
1.0279
1.01527
1.00302
0.991133
0.979587
0.968366
0.957457
0.946848
0.936527
0.926484
0.916709
0.907193
0.897926
0.8889
0.880107
0.871538
0.863187
0.855046
0.847108
0.839367
0.831817
0.824451
0.817264
0.81025
0.803404
0.796721
0.790196
0.783826
0.777605
0.771529
0.765596
0.759801
0.754142
0.748615
0.743207
0.737902
0.732694
0.727576
0.72254
0.717578
0.712677
0.707822
0.702991
0.698147
0.693222
0.688086
1.07683
1.05216
1.02859
1.00602
0.984428
0.963764
0.944005
0.925099
0.906992
0.889634
0.872981
0.856989
0.84162
0.826839
0.812612
0.798908
0.785699
0.772957
0.760659
0.748781
0.737303
0.726202
0.715462
0.705065
0.694993
0.685231
0.675765
0.666581
0.657665
0.649004
0.640588
0.632404
0.624441
0.616687
0.609132
0.601765
0.594575
0.587551
0.580698
0.574021
0.567513
0.561168
0.554979
0.54894
0.543044
0.537285
0.531654
0.526143
0.520741
0.51543
1.0768
1.05207
1.02836
1.00567
0.983955
0.963152
0.943213
0.924087
0.905724
0.888079
0.87111
0.854779
0.839049
0.823888
0.809265
0.795152
0.781523
0.768354
0.755621
0.743303
0.73138
0.719835
0.708649
0.697806
0.68729
0.677089
0.667186
0.657571
0.64823
0.639152
0.630327
0.621743
0.613393
0.605267
0.597357
0.589655
0.582154
0.574847
0.567727
0.560788
0.554023
0.547429
0.540999
0.534729
0.528616
0.522654
0.516841
0.511174
0.50565
0.500264
1.0768
1.05225
1.02876
1.00628
0.984745
0.964102
0.944292
0.925266
0.906979
0.889388
0.872455
0.856144
0.840422
0.825259
0.810626
0.796495
0.782842
0.769643
0.756876
0.744522
0.73256
0.720973
0.709743
0.698855
0.688294
0.678045
0.668096
0.658432
0.649044
0.639919
0.631047
0.622417
0.614021
0.60585
0.597894
0.590147
0.582601
0.575249
0.568084
0.5611
0.554292
0.547654
0.54118
0.534867
0.52871
0.522704
0.516847
0.511135
0.505564
0.500131
1.0768
1.05225
1.02875
1.00625
0.984678
0.963995
0.944148
0.925089
0.906775
0.889164
0.872217
0.855899
0.840176
0.825016
0.810389
0.796269
0.782629
0.769445
0.756696
0.744359
0.732416
0.720848
0.709638
0.69877
0.688228
0.677998
0.668067
0.658422
0.649052
0.639944
0.631088
0.622474
0.614093
0.605936
0.597994
0.590259
0.582725
0.575383
0.568228
0.561253
0.554452
0.547819
0.541351
0.53504
0.528885
0.522878
0.517018
0.511299
0.505718
0.500271
1.0768
1.05226
1.02879
1.00633
0.984802
0.964168
0.944369
0.925357
0.907087
0.889516
0.872606
0.856319
0.840622
0.825484
0.810876
0.79677
0.783142
0.769966
0.757223
0.74489
0.732948
0.72138
0.710168
0.699296
0.68875
0.678515
0.668578
0.658926
0.649547
0.640431
0.631566
0.622942
0.614551
0.606383
0.59843
0.590684
0.583137
0.575782
0.568614
0.561624
0.554808
0.54816
0.541674
0.535345
0.529169
0.523141
0.517257
0.511512
0.505902
0.500422
1.0768
1.05227
1.0288
1.00634
0.984815
0.964176
0.94437
0.925348
0.907065
0.889481
0.872557
0.856257
0.840548
0.825398
0.81078
0.796665
0.78303
0.769848
0.7571
0.744764
0.73282
0.721251
0.710039
0.699168
0.688623
0.678389
0.668454
0.658805
0.649429
0.640316
0.631455
0.622835
0.614447
0.606283
0.598333
0.59059
0.583046
0.575694
0.568528
0.56154
0.554725
0.548076
0.541589
0.535259
0.529079
0.523046
0.517155
0.511402
0.505781
0.500288
1.0768
1.05227
1.02881
1.00635
0.984836
0.964206
0.944411
0.9254
0.90713
0.889558
0.872647
0.85636
0.840663
0.825525
0.810918
0.796814
0.783187
0.770014
0.757273
0.744943
0.733005
0.72144
0.710231
0.699363
0.688819
0.678587
0.668651
0.659001
0.649624
0.640509
0.631644
0.623021
0.614629
0.606459
0.598504
0.590755
0.583204
0.575844
0.568669
0.561671
0.554845
0.548185
0.541685
0.535339
0.529144
0.523093
0.517182
0.511407
0.505762
0.500243
1.0768
1.05227
1.02881
1.00636
0.984842
0.964214
0.944419
0.925408
0.907136
0.889562
0.872647
0.856356
0.840654
0.825512
0.810899
0.79679
0.783158
0.769981
0.757235
0.744901
0.732959
0.72139
0.710178
0.699306
0.68876
0.678525
0.668588
0.658936
0.649557
0.64044
0.631575
0.62295
0.614556
0.606385
0.598428
0.590677
0.583124
0.575762
0.568583
0.561582
0.554752
0.548087
0.541581
0.535228
0.529025
0.522964
0.517042
0.511254
0.505595
0.50006
1.0768
1.05227
1.02881
1.00636
0.984846
0.96422
0.944426
0.925417
0.907147
0.889575
0.872663
0.856374
0.840675
0.825536
0.810926
0.796819
0.78319
0.770015
0.757272
0.74494
0.732999
0.721432
0.710222
0.699351
0.688806
0.678571
0.668634
0.658981
0.649602
0.640483
0.631616
0.622989
0.614593
0.606419
0.598459
0.590704
0.583146
0.575778
0.568594
0.561586
0.554748
0.548074
0.541558
0.535194
0.528978
0.522903
0.516965
0.51116
0.505481
0.499925
1.0768
1.05227
1.02881
1.00636
0.984846
0.96422
0.944426
0.925417
0.907147
0.889575
0.872662
0.856373
0.840674
0.825535
0.810925
0.796818
0.783188
0.770013
0.757269
0.744937
0.732996
0.721428
0.710217
0.699346
0.688799
0.678564
0.668625
0.658971
0.64959
0.64047
0.631601
0.622972
0.614573
0.606396
0.598433
0.590674
0.583112
0.575739
0.568549
0.561535
0.554689
0.548007
0.541482
0.535108
0.52888
0.522793
0.51684
0.511019
0.505323
0.499747
1.0768
1.05227
1.02881
1.00636
0.984842
0.964214
0.944419
0.925408
0.907136
0.889561
0.872646
0.856354
0.840652
0.825509
0.810896
0.796786
0.783153
0.769975
0.757228
0.744893
0.732949
0.721379
0.710165
0.699292
0.688743
0.678506
0.668565
0.65891
0.649527
0.640405
0.631534
0.622903
0.614502
0.606323
0.598357
0.590596
0.58303
0.575654
0.56846
0.561441
0.554591
0.547902
0.54137
0.534988
0.528751
0.522653
0.516689
0.510854
0.505143
0.49955
1.0768
1.05227
1.02881
1.00635
0.984835
0.964206
0.94441
0.925399
0.907129
0.889557
0.872645
0.856357
0.840659
0.825521
0.810912
0.796807
0.783179
0.770004
0.757261
0.744929
0.732988
0.721421
0.710209
0.699336
0.688789
0.678551
0.668611
0.658954
0.64957
0.640446
0.631572
0.622938
0.614534
0.606351
0.59838
0.590613
0.583042
0.575659
0.568457
0.56143
0.55457
0.547871
0.541327
0.534932
0.52868
0.522566
0.516585
0.510731
0.504999
0.499384
1.0768
1.05227
1.0288
1.00634
0.984815
0.964176
0.944369
0.925347
0.907064
0.889479
0.872554
0.856253
0.840543
0.825392
0.810772
0.796656
0.783018
0.769835
0.757085
0.744746
0.732799
0.721227
0.71001
0.699135
0.688584
0.678345
0.668403
0.658745
0.64936
0.640236
0.631362
0.622728
0.614325
0.606142
0.598171
0.590404
0.582833
0.57545
0.568247
0.561219
0.554357
0.547655
0.541108
0.534709
0.528452
0.522332
0.516343
0.510479
0.504736
0.499108
1.0768
1.05226
1.02879
1.00633
0.984802
0.964167
0.944368
0.925356
0.907085
0.889514
0.872602
0.856314
0.840616
0.825476
0.810866
0.796758
0.783127
0.769949
0.757202
0.744865
0.73292
0.721347
0.710129
0.699251
0.688698
0.678454
0.668508
0.658845
0.649454
0.640323
0.631442
0.622801
0.614389
0.606197
0.598217
0.590441
0.582859
0.575465
0.568251
0.56121
0.554335
0.547619
0.541057
0.534641
0.528367
0.522227
0.516217
0.510331
0.504563
0.498909
1.0768
1.05225
1.02875
1.00625
0.984678
0.963995
0.944147
0.925087
0.906772
0.889161
0.872213
0.855894
0.840169
0.825007
0.810378
0.796255
0.782612
0.769426
0.756673
0.744333
0.732385
0.720812
0.709596
0.698721
0.688171
0.677932
0.667991
0.658334
0.648949
0.639825
0.63095
0.622315
0.61391
0.605726
0.597752
0.589982
0.582406
0.575017
0.567808
0.560772
0.5539
0.547188
0.540628
0.534214
0.527939
0.521799
0.515786
0.509896
0.504123
0.498461
1.0768
1.05225
1.02876
1.00628
0.984745
0.964101
0.944291
0.925264
0.906976
0.889384
0.87245
0.856137
0.840414
0.825248
0.810612
0.796478
0.782822
0.769619
0.756849
0.74449
0.732522
0.720929
0.709692
0.698796
0.688226
0.677966
0.668004
0.658327
0.648922
0.639778
0.630885
0.622232
0.613809
0.605607
0.597617
0.58983
0.582239
0.574835
0.567612
0.560562
0.553677
0.546953
0.540381
0.533957
0.527674
0.521526
0.515509
0.509617
0.503847
0.498196
1.0768
1.05207
1.02836
1.00567
0.983955
0.963151
0.943212
0.924085
0.905722
0.888076
0.871105
0.854772
0.83904
0.823877
0.809252
0.795136
0.781505
0.768332
0.755595
0.743273
0.731347
0.719797
0.708605
0.697757
0.687235
0.677026
0.667115
0.657491
0.648141
0.639053
0.630216
0.621621
0.613258
0.605117
0.59719
0.589468
0.581945
0.574613
0.567465
0.560494
0.553696
0.547064
0.540594
0.534282
0.528125
0.52212
0.516267
0.51057
0.505037
0.499684
1.07683
1.05216
1.02859
1.00602
0.984428
0.963763
0.944005
0.925099
0.906992
0.889634
0.872981
0.85699
0.841622
0.826842
0.812616
0.798913
0.785707
0.772969
0.760675
0.748803
0.737331
0.72624
0.715511
0.705127
0.695072
0.68533
0.675888
0.666733
0.657852
0.649235
0.64087
0.632749
0.624862
0.6172
0.609757
0.602526
0.595501
0.588676
0.582047
0.575612
0.569367
0.563312
0.557447
0.551775
0.5463
0.541034
0.535993
0.531206
0.526733
0.522688
1.08355
1.06874
1.05457
1.04098
1.0279
1.01527
1.00302
0.991131
0.979584
0.968362
0.957451
0.94684
0.936517
0.926471
0.916693
0.907172
0.897901
0.888869
0.88007
0.871494
0.863134
0.854984
0.847034
0.83928
0.831714
0.82433
0.817122
0.810084
0.803209
0.796494
0.789931
0.783517
0.777245
0.771111
0.76511
0.759237
0.753487
0.747855
0.742337
0.736927
0.73162
0.726412
0.721297
0.716269
0.711323
0.706451
0.701646
0.6969
0.692199
0.68753
0.461142
0.234954
0.186783
0.181782
0.178515
0.177728
0.175337
0.174026
0.171912
0.170183
0.168293
0.166266
0.164546
0.162257
0.160717
0.158213
0.157502
0.158986
0.197744
0.393085
0.461602
0.235855
0.187783
0.182815
0.179539
0.178735
0.176327
0.174991
0.172871
0.171125
0.169229
0.167193
0.165468
0.163173
0.161628
0.159111
0.158378
0.15979
0.198323
0.393079
0.462068
0.236763
0.188781
0.183841
0.180555
0.179732
0.177308
0.175948
0.173823
0.17206
0.170158
0.168113
0.166382
0.164082
0.162533
0.160003
0.159249
0.160594
0.19891
0.393054
0.462558
0.237682
0.189775
0.18486
0.181565
0.180722
0.178282
0.176899
0.174768
0.172989
0.171081
0.169027
0.167291
0.164985
0.163432
0.160888
0.160117
0.1614
0.19951
0.393036
0.463079
0.238613
0.190767
0.185873
0.182568
0.181704
0.17925
0.177845
0.175708
0.173913
0.171998
0.169935
0.168194
0.165882
0.164325
0.161767
0.16098
0.162205
0.200128
0.393043
0.463635
0.239557
0.191757
0.186879
0.183566
0.182679
0.180213
0.178785
0.176643
0.174832
0.17291
0.170838
0.169091
0.166773
0.165213
0.162641
0.16184
0.163012
0.200765
0.393085
0.464227
0.240515
0.192746
0.18788
0.184558
0.183648
0.181171
0.17972
0.177572
0.175745
0.173818
0.171736
0.169984
0.167659
0.166096
0.16351
0.162697
0.16382
0.201423
0.393165
0.464854
0.241486
0.193732
0.188875
0.185545
0.18461
0.182125
0.18065
0.178497
0.176655
0.17472
0.172629
0.170872
0.16854
0.166974
0.164375
0.163551
0.16463
0.202101
0.393288
0.465518
0.242471
0.194718
0.189865
0.186527
0.185566
0.183075
0.181576
0.179418
0.17756
0.175619
0.173518
0.171756
0.169416
0.167848
0.165235
0.164403
0.165441
0.2028
0.393455
0.466216
0.243469
0.195702
0.19085
0.187504
0.186516
0.184021
0.182498
0.180334
0.178461
0.176514
0.174403
0.172636
0.170288
0.168719
0.166092
0.165252
0.166254
0.203519
0.393668
0.466948
0.244481
0.196686
0.19183
0.188477
0.187462
0.184964
0.183417
0.181248
0.179359
0.177405
0.175285
0.173513
0.171157
0.169586
0.166945
0.1661
0.167069
0.204259
0.393927
0.467709
0.245506
0.197669
0.192805
0.189447
0.188404
0.185903
0.184334
0.182158
0.180255
0.178294
0.176164
0.174387
0.172024
0.170451
0.167796
0.166947
0.167887
0.205018
0.394232
0.468498
0.246545
0.198652
0.193777
0.190413
0.189344
0.18684
0.185248
0.183066
0.181148
0.179181
0.177041
0.175259
0.172887
0.171314
0.168645
0.167792
0.168707
0.205796
0.394584
0.469312
0.247597
0.199635
0.194746
0.191376
0.19028
0.187774
0.18616
0.183972
0.182039
0.180066
0.177916
0.17613
0.173749
0.172175
0.169492
0.168638
0.16953
0.206593
0.39498
0.470149
0.248664
0.200618
0.195711
0.192336
0.191215
0.188706
0.18707
0.184876
0.18293
0.180949
0.17879
0.177
0.17461
0.173035
0.170338
0.169483
0.170357
0.207409
0.395421
0.471006
0.249745
0.201603
0.196673
0.193295
0.192148
0.189637
0.187979
0.185779
0.183819
0.181832
0.179663
0.177869
0.17547
0.173894
0.171183
0.170329
0.171188
0.208242
0.395905
0.471879
0.250841
0.202589
0.197634
0.194254
0.19308
0.190566
0.188888
0.186681
0.184707
0.182715
0.180536
0.178738
0.17633
0.174754
0.172029
0.171176
0.172023
0.209093
0.39643
0.472763
0.251953
0.203577
0.198592
0.195211
0.194011
0.191495
0.189796
0.187584
0.185597
0.183598
0.181409
0.179607
0.17719
0.175614
0.172875
0.172025
0.172862
0.20996
0.396994
0.473657
0.253081
0.204568
0.19955
0.196168
0.194942
0.192424
0.190705
0.188487
0.186486
0.184482
0.182283
0.180478
0.178052
0.176476
0.173722
0.172875
0.173705
0.210843
0.397596
0.474555
0.254227
0.205561
0.200506
0.197126
0.195873
0.193353
0.191614
0.189391
0.187377
0.185367
0.183159
0.18135
0.178914
0.177338
0.174571
0.173727
0.174554
0.211742
0.398233
0.475453
0.255391
0.206557
0.201462
0.198085
0.196805
0.194283
0.192525
0.190296
0.18827
0.186255
0.184036
0.182224
0.179779
0.178203
0.175422
0.174583
0.175409
0.212656
0.398904
0.476347
0.256574
0.207557
0.202419
0.199045
0.197738
0.195214
0.193438
0.191203
0.189165
0.187144
0.184916
0.183101
0.180646
0.17907
0.176276
0.175441
0.176269
0.213585
0.399605
0.477231
0.257778
0.208561
0.203376
0.200006
0.198673
0.196147
0.194353
0.192113
0.190062
0.188036
0.185799
0.18398
0.181516
0.17994
0.177133
0.176303
0.177135
0.214529
0.400334
0.478101
0.259004
0.209569
0.204335
0.20097
0.19961
0.197082
0.19527
0.193025
0.190962
0.188931
0.186684
0.184863
0.18239
0.180814
0.177994
0.177169
0.178008
0.215487
0.401088
0.478951
0.260254
0.210582
0.205296
0.201935
0.200549
0.198019
0.19619
0.19394
0.191865
0.18983
0.187573
0.185749
0.183267
0.181691
0.178858
0.178038
0.178887
0.216459
0.401864
0.479777
0.26153
0.2116
0.206261
0.202903
0.201491
0.198958
0.197114
0.194859
0.192772
0.190732
0.188467
0.18664
0.184148
0.182572
0.179727
0.178913
0.179774
0.217444
0.402659
0.480573
0.262834
0.212623
0.207228
0.203872
0.202436
0.199901
0.19804
0.195781
0.193683
0.191639
0.189364
0.187535
0.185034
0.183458
0.180601
0.179792
0.180668
0.218444
0.403471
0.481332
0.264169
0.213653
0.208199
0.204844
0.203384
0.200848
0.198971
0.196707
0.194599
0.192551
0.190267
0.188435
0.185926
0.184349
0.18148
0.180677
0.181569
0.219458
0.404296
0.48205
0.265538
0.214691
0.209172
0.20582
0.204336
0.201798
0.199907
0.197639
0.195519
0.193467
0.191175
0.18934
0.186822
0.185245
0.182366
0.181567
0.182479
0.220486
0.405132
0.482752
0.266893
0.215738
0.210148
0.206798
0.205293
0.202753
0.200847
0.198575
0.196445
0.19439
0.192089
0.190251
0.187725
0.186147
0.183257
0.182464
0.183397
0.221528
0.405975
0.483463
0.268189
0.216794
0.211128
0.207781
0.206254
0.203713
0.201792
0.199517
0.197377
0.195318
0.193009
0.191169
0.188634
0.187055
0.184155
0.183367
0.184324
0.222586
0.406822
0.484187
0.269416
0.21786
0.212111
0.208767
0.20722
0.204678
0.202744
0.200465
0.198315
0.196253
0.193935
0.192093
0.18955
0.187969
0.185061
0.184277
0.18526
0.22366
0.407671
0.484922
0.270585
0.218934
0.213098
0.209759
0.208191
0.205648
0.2037
0.201419
0.199259
0.197194
0.194868
0.193023
0.190473
0.188891
0.185974
0.185194
0.186206
0.224751
0.408517
0.485669
0.271705
0.220007
0.21409
0.210755
0.209168
0.206624
0.204664
0.20238
0.20021
0.198142
0.195808
0.193961
0.191404
0.18982
0.186895
0.186118
0.187161
0.225859
0.409358
0.486426
0.272788
0.221075
0.215086
0.211756
0.210151
0.207607
0.205634
0.203347
0.201168
0.199097
0.196756
0.194906
0.192343
0.190756
0.187824
0.18705
0.188126
0.226986
0.410191
0.487193
0.273837
0.222141
0.216088
0.212763
0.21114
0.208596
0.206611
0.204322
0.202134
0.20006
0.197712
0.19586
0.193289
0.1917
0.188762
0.18799
0.189102
0.228133
0.411011
0.487971
0.274856
0.223203
0.217096
0.213777
0.212137
0.209592
0.207595
0.205305
0.203108
0.201032
0.198676
0.196821
0.194245
0.192653
0.189709
0.188939
0.190088
0.229301
0.411816
0.488759
0.275849
0.224262
0.218109
0.214797
0.21314
0.210596
0.208587
0.206295
0.20409
0.202012
0.199649
0.197792
0.19521
0.193614
0.190665
0.189896
0.191085
0.230493
0.412602
0.489556
0.27682
0.225319
0.219129
0.215824
0.214151
0.211608
0.209587
0.207294
0.20508
0.203
0.200631
0.198771
0.196183
0.194584
0.191631
0.190863
0.192092
0.23171
0.413365
0.490363
0.277773
0.226375
0.220155
0.216858
0.21517
0.212628
0.210596
0.208302
0.20608
0.203998
0.201622
0.199759
0.197167
0.195563
0.192606
0.191838
0.193111
0.232954
0.414102
0.491178
0.27871
0.227431
0.221188
0.2179
0.216197
0.213656
0.211614
0.209319
0.207089
0.205005
0.202623
0.200757
0.19816
0.196552
0.193592
0.192823
0.194141
0.234211
0.41482
0.492002
0.279635
0.228487
0.222228
0.218949
0.217232
0.214693
0.21264
0.210345
0.208107
0.206021
0.203634
0.201764
0.199163
0.19755
0.194588
0.193817
0.195182
0.235426
0.415553
0.492834
0.28055
0.229545
0.223276
0.220007
0.218276
0.215739
0.213676
0.21138
0.209135
0.207047
0.204654
0.202782
0.200176
0.198558
0.195595
0.194821
0.196235
0.236584
0.416309
0.493674
0.281459
0.230604
0.224332
0.221074
0.219329
0.216794
0.214721
0.212425
0.210173
0.208083
0.205685
0.203809
0.2012
0.199576
0.196612
0.195836
0.1973
0.237701
0.417084
0.494523
0.282363
0.231667
0.225396
0.22215
0.220392
0.217859
0.215777
0.213481
0.211221
0.20913
0.206726
0.204847
0.202235
0.200604
0.197641
0.196861
0.198377
0.238781
0.417877
0.49538
0.283264
0.232734
0.226469
0.223234
0.221464
0.218934
0.216842
0.214546
0.21228
0.210187
0.207779
0.205895
0.203281
0.201643
0.198681
0.197897
0.199468
0.239832
0.418687
0.496245
0.284163
0.233806
0.22755
0.224329
0.222545
0.220019
0.217917
0.215622
0.213349
0.211254
0.208842
0.206954
0.204338
0.202693
0.199733
0.198943
0.20057
0.24086
0.419514
0.497118
0.285063
0.234883
0.228641
0.225433
0.223637
0.221114
0.219003
0.216708
0.214429
0.212333
0.209916
0.208025
0.205406
0.203754
0.200797
0.200001
0.201676
0.241878
0.420356
0.497999
0.285964
0.235967
0.229742
0.226547
0.224739
0.222219
0.220099
0.217806
0.21552
0.213423
0.211001
0.209107
0.206487
0.204827
0.201872
0.20107
0.202784
0.24289
0.421215
0.498887
0.286868
0.237057
0.230852
0.227671
0.225851
0.223336
0.221207
0.218915
0.216623
0.214524
0.212099
0.2102
0.207579
0.20591
0.20296
0.20215
0.203897
0.2439
0.422088
0.499784
0.287775
0.238155
0.231972
0.228806
0.226974
0.224463
0.222326
0.220035
0.217737
0.215637
0.213208
0.211305
0.208683
0.207006
0.20406
0.203242
0.205015
0.244909
0.422977
0.500687
0.288688
0.239261
0.233102
0.229952
0.228108
0.225602
0.223456
0.221167
0.218863
0.216761
0.214329
0.212421
0.209799
0.208113
0.205172
0.204345
0.206138
0.245921
0.42388
0.501599
0.289606
0.240377
0.234244
0.231109
0.229254
0.226753
0.224599
0.22231
0.220001
0.217898
0.215463
0.21355
0.210928
0.209232
0.206297
0.20546
0.207269
0.246937
0.424797
0.502518
0.290532
0.241502
0.235396
0.232278
0.230411
0.227915
0.225753
0.223466
0.221152
0.219047
0.216609
0.214691
0.212069
0.210365
0.207435
0.206587
0.208406
0.247959
0.425729
0.503445
0.291465
0.242638
0.236559
0.233458
0.23158
0.229089
0.226919
0.224634
0.222314
0.220208
0.217767
0.215845
0.213223
0.21151
0.208586
0.207727
0.209553
0.248989
0.426676
0.50438
0.292407
0.243784
0.237734
0.23465
0.232761
0.230276
0.228097
0.225814
0.223489
0.221382
0.218938
0.217011
0.21439
0.212669
0.209749
0.208879
0.210708
0.250027
0.427637
0.505325
0.293358
0.244941
0.238921
0.235854
0.233954
0.231474
0.229288
0.227006
0.224677
0.222568
0.220122
0.21819
0.21557
0.213841
0.210926
0.210044
0.211874
0.251075
0.428612
0.506277
0.294318
0.24611
0.24012
0.23707
0.235159
0.232686
0.230491
0.228212
0.225877
0.223767
0.221319
0.219382
0.216764
0.215027
0.212115
0.211223
0.21305
0.252133
0.429601
0.507239
0.295288
0.24729
0.241331
0.238299
0.236376
0.233909
0.231707
0.22943
0.227091
0.22498
0.222529
0.220588
0.217972
0.216227
0.213319
0.212415
0.214237
0.253203
0.430604
0.508209
0.296268
0.248483
0.242554
0.23954
0.237607
0.235146
0.232936
0.230661
0.228318
0.226205
0.223753
0.221807
0.219194
0.217441
0.214536
0.21362
0.215437
0.254284
0.431621
0.509187
0.297258
0.249688
0.24379
0.240795
0.23885
0.236396
0.234179
0.231906
0.229559
0.227445
0.224991
0.223041
0.22043
0.218669
0.215767
0.214839
0.216649
0.255378
0.432652
0.510175
0.298258
0.250906
0.245039
0.242062
0.240107
0.237659
0.235435
0.233165
0.230813
0.228699
0.226243
0.224289
0.221679
0.219911
0.217013
0.216073
0.217873
0.256485
0.433698
0.511171
0.29927
0.252137
0.246301
0.243343
0.241377
0.238936
0.236705
0.234438
0.232082
0.229966
0.22751
0.225551
0.222944
0.221167
0.218272
0.21732
0.219111
0.257605
0.434758
0.512177
0.300294
0.253382
0.247577
0.244638
0.242661
0.240228
0.23799
0.235725
0.233365
0.231248
0.228791
0.226828
0.224222
0.222439
0.219547
0.218582
0.220363
0.258739
0.435833
0.513192
0.301329
0.25464
0.248866
0.245946
0.243959
0.241533
0.239288
0.237026
0.234663
0.232545
0.230086
0.22812
0.225516
0.223725
0.220836
0.219859
0.221629
0.259887
0.436922
0.514216
0.302377
0.255913
0.250169
0.247268
0.245271
0.242852
0.240601
0.238342
0.235975
0.233856
0.231397
0.229427
0.226824
0.225026
0.222141
0.221152
0.222911
0.261051
0.438027
0.51525
0.303436
0.257199
0.251486
0.248605
0.246597
0.244186
0.241929
0.239672
0.237302
0.235183
0.232723
0.23075
0.228148
0.226343
0.223461
0.22246
0.224207
0.262229
0.439148
0.516293
0.304507
0.2585
0.252817
0.249956
0.247938
0.245535
0.243271
0.241018
0.238645
0.236524
0.234064
0.232088
0.229488
0.227675
0.224797
0.223783
0.225519
0.263424
0.440284
0.517346
0.305591
0.259815
0.254162
0.251322
0.249294
0.246899
0.244629
0.242378
0.240003
0.237881
0.235421
0.233441
0.230843
0.229024
0.226149
0.225123
0.226848
0.264635
0.441436
0.518409
0.306688
0.261145
0.255523
0.252702
0.250665
0.248278
0.246002
0.243754
0.241376
0.239254
0.236794
0.234811
0.232215
0.230389
0.227517
0.226479
0.228193
0.265862
0.442604
0.519481
0.307798
0.26249
0.256898
0.254098
0.252051
0.249672
0.24739
0.245146
0.242766
0.240643
0.238184
0.236197
0.233603
0.23177
0.228902
0.227852
0.229554
0.267106
0.443788
0.520565
0.308921
0.263851
0.258289
0.255509
0.253453
0.251082
0.248795
0.246554
0.244171
0.242048
0.23959
0.237599
0.235008
0.233168
0.230304
0.229242
0.230933
0.268367
0.444989
0.521658
0.310057
0.265227
0.259695
0.256936
0.25487
0.252508
0.250215
0.247978
0.245593
0.24347
0.241012
0.239018
0.236429
0.234583
0.231723
0.230649
0.232329
0.269645
0.446207
0.522762
0.311206
0.266619
0.261117
0.258379
0.256304
0.25395
0.251652
0.249419
0.247032
0.244908
0.242452
0.240454
0.237868
0.236015
0.23316
0.232073
0.233742
0.270941
0.447442
0.523876
0.312369
0.268026
0.262555
0.259837
0.257754
0.255408
0.253106
0.250876
0.248488
0.246364
0.243909
0.241908
0.239324
0.237465
0.234614
0.233515
0.235174
0.272255
0.448694
0.525002
0.313546
0.26945
0.264008
0.261312
0.25922
0.256883
0.254577
0.252351
0.249961
0.247836
0.245383
0.243379
0.240798
0.238933
0.236087
0.234976
0.236624
0.273587
0.449965
0.526138
0.314736
0.27089
0.265479
0.262804
0.260703
0.258375
0.256064
0.253842
0.251451
0.249327
0.246875
0.244868
0.24229
0.240419
0.237577
0.236454
0.238093
0.274938
0.451253
0.527284
0.315941
0.272346
0.266966
0.264312
0.262203
0.259884
0.257569
0.255351
0.252959
0.250835
0.248385
0.246375
0.243801
0.241923
0.239087
0.237952
0.239582
0.276308
0.452559
0.528442
0.317159
0.273819
0.268469
0.265837
0.26372
0.26141
0.259092
0.256878
0.254485
0.252362
0.249913
0.247901
0.24533
0.243447
0.240616
0.239469
0.24109
0.277697
0.453884
0.52961
0.318391
0.275309
0.26999
0.26738
0.265255
0.262954
0.260632
0.258422
0.256029
0.253906
0.25146
0.249445
0.246878
0.244989
0.242164
0.241005
0.242617
0.279106
0.455228
0.53079
0.319638
0.276816
0.271528
0.26894
0.266808
0.264516
0.262191
0.259985
0.257592
0.25547
0.253026
0.251009
0.248446
0.246551
0.243732
0.242561
0.244165
0.280535
0.456591
0.53198
0.3209
0.278341
0.273084
0.270517
0.268378
0.266096
0.263768
0.261567
0.259174
0.257053
0.254611
0.252592
0.250033
0.248133
0.245319
0.244138
0.245733
0.281984
0.457973
0.533181
0.322176
0.279883
0.274658
0.272113
0.269967
0.267695
0.265364
0.263167
0.260775
0.258655
0.256216
0.254194
0.25164
0.249734
0.246927
0.245734
0.247322
0.283454
0.459374
0.534394
0.323468
0.281443
0.27625
0.273727
0.271575
0.269312
0.266979
0.264787
0.262396
0.260276
0.257841
0.255817
0.253268
0.251357
0.248556
0.247351
0.248932
0.284944
0.460796
0.535619
0.324775
0.283021
0.27786
0.27536
0.273202
0.270948
0.268614
0.266426
0.264036
0.261918
0.259485
0.25746
0.254915
0.252999
0.250205
0.248989
0.250563
0.286456
0.462238
0.536854
0.326097
0.284618
0.27949
0.277012
0.274848
0.272604
0.270268
0.268085
0.265696
0.263579
0.261151
0.259123
0.256584
0.254663
0.251876
0.250649
0.252217
0.287989
0.4637
0.538101
0.327436
0.286233
0.281138
0.278682
0.276513
0.274279
0.271942
0.269764
0.267376
0.265261
0.262836
0.260807
0.258274
0.256348
0.253569
0.252331
0.253892
0.289545
0.465184
0.53936
0.328789
0.287867
0.282805
0.280372
0.278198
0.275974
0.273636
0.271463
0.269078
0.266964
0.264543
0.262513
0.259986
0.258055
0.255283
0.254035
0.255591
0.291123
0.466689
0.540629
0.330158
0.28952
0.284492
0.282081
0.279902
0.277689
0.27535
0.273182
0.2708
0.268688
0.266272
0.264241
0.261719
0.259785
0.257021
0.255761
0.257312
0.292724
0.468215
0.54191
0.331544
0.291193
0.286198
0.28381
0.281627
0.279424
0.277085
0.274923
0.272543
0.270433
0.268022
0.26599
0.263475
0.261536
0.258781
0.257511
0.259057
0.294348
0.469763
0.543203
0.332945
0.292885
0.287925
0.28556
0.283373
0.28118
0.278842
0.276685
0.274308
0.272201
0.269795
0.267762
0.265254
0.263311
0.260564
0.259284
0.260826
0.295995
0.471332
0.544506
0.334363
0.294596
0.289672
0.287329
0.28514
0.282957
0.28062
0.278468
0.276095
0.27399
0.27159
0.269557
0.267056
0.265109
0.26237
0.26108
0.262618
0.297667
0.472924
0.54582
0.335798
0.296328
0.291439
0.28912
0.286927
0.284755
0.282419
0.280274
0.277905
0.275803
0.273408
0.271375
0.268881
0.26693
0.264201
0.262901
0.264436
0.299362
0.474539
0.547146
0.33725
0.29808
0.293227
0.290932
0.288737
0.286575
0.284241
0.282102
0.279737
0.277638
0.27525
0.273216
0.270729
0.268776
0.266056
0.264746
0.266278
0.301083
0.476176
0.548483
0.338719
0.299853
0.295037
0.292764
0.290568
0.288418
0.286086
0.283953
0.281593
0.279496
0.277114
0.275081
0.272602
0.270646
0.267935
0.266616
0.268146
0.302828
0.477837
0.549831
0.340206
0.301647
0.296868
0.294619
0.292421
0.290282
0.287953
0.285826
0.283471
0.281378
0.279003
0.276971
0.2745
0.272541
0.26984
0.268512
0.27004
0.304599
0.479521
0.55119
0.341711
0.303462
0.298721
0.296496
0.294297
0.292169
0.289843
0.287723
0.285374
0.283285
0.280917
0.278885
0.276423
0.274461
0.271771
0.270433
0.27196
0.306397
0.48123
0.552561
0.343234
0.305299
0.300596
0.298395
0.296196
0.294079
0.291757
0.289644
0.287301
0.285215
0.282855
0.280824
0.278371
0.276407
0.273728
0.272382
0.273908
0.308221
0.482963
0.553943
0.344775
0.307158
0.302494
0.300316
0.298118
0.296013
0.293695
0.291589
0.289252
0.287171
0.284819
0.282789
0.280346
0.27838
0.275712
0.274357
0.275883
0.310073
0.48472
0.555336
0.346335
0.309039
0.304415
0.302261
0.300064
0.297971
0.295658
0.293558
0.291229
0.289152
0.286808
0.284781
0.282347
0.28038
0.277723
0.276361
0.277887
0.311954
0.486503
0.556741
0.347913
0.310942
0.306359
0.304229
0.302034
0.299952
0.297645
0.295553
0.293231
0.291159
0.288824
0.286799
0.284375
0.282407
0.279763
0.278392
0.279919
0.313863
0.488311
0.558157
0.349511
0.312869
0.308326
0.306221
0.304028
0.301959
0.299658
0.297574
0.29526
0.293193
0.290868
0.288845
0.286432
0.284463
0.281831
0.280453
0.281981
0.315801
0.490146
0.559585
0.351128
0.314819
0.310318
0.308237
0.306048
0.303991
0.301696
0.29962
0.297315
0.295254
0.292939
0.290919
0.288516
0.286547
0.283928
0.282543
0.284073
0.317769
0.492007
0.561026
0.352766
0.316793
0.312335
0.310278
0.308093
0.306048
0.303761
0.301694
0.299398
0.297343
0.295037
0.293021
0.29063
0.288661
0.286055
0.284663
0.286196
0.319768
0.493896
0.562478
0.354424
0.318792
0.314377
0.312344
0.310164
0.308132
0.305853
0.303795
0.301509
0.29946
0.297165
0.295152
0.292774
0.290804
0.288213
0.286814
0.28835
0.321798
0.495813
0.563943
0.356104
0.320815
0.316445
0.314437
0.312262
0.310244
0.307973
0.305924
0.303648
0.301606
0.299323
0.297314
0.294947
0.292979
0.290401
0.288997
0.290537
0.323861
0.497758
0.565421
0.357806
0.322865
0.318539
0.316556
0.314388
0.312383
0.310122
0.308081
0.305817
0.303781
0.30151
0.299506
0.297152
0.295185
0.292622
0.291212
0.292756
0.325956
0.499734
0.566912
0.35953
0.324941
0.320661
0.318703
0.316542
0.31455
0.312299
0.310269
0.308015
0.305988
0.303728
0.301729
0.299389
0.297423
0.294875
0.29346
0.295009
0.328085
0.50174
0.568417
0.361278
0.327043
0.32281
0.320878
0.318724
0.316746
0.314507
0.312486
0.310245
0.308225
0.305978
0.303985
0.301658
0.299695
0.297162
0.295743
0.297298
0.33025
0.503777
0.569936
0.363049
0.329174
0.324989
0.323081
0.320937
0.318973
0.316745
0.314734
0.312506
0.310494
0.308261
0.306274
0.303961
0.302001
0.299484
0.298061
0.299622
0.33245
0.505847
0.571471
0.364846
0.331333
0.327196
0.325314
0.323179
0.32123
0.319014
0.317014
0.314799
0.312797
0.310578
0.308597
0.306299
0.304342
0.301842
0.300415
0.301983
0.334689
0.507951
0.57302
0.366667
0.333521
0.329434
0.327577
0.325453
0.323518
0.321316
0.319327
0.317126
0.315133
0.312929
0.310955
0.308672
0.306719
0.304237
0.302807
0.304383
0.336966
0.51009
0.574586
0.368515
0.335739
0.331702
0.329871
0.327759
0.325839
0.323651
0.321674
0.319488
0.317505
0.315315
0.313349
0.311083
0.309134
0.306669
0.305237
0.306822
0.339283
0.512264
0.576168
0.37039
0.337987
0.334003
0.332198
0.330098
0.328193
0.32602
0.324055
0.321885
0.319912
0.317738
0.315781
0.313531
0.311587
0.309141
0.307706
0.309301
0.341641
0.514475
0.577767
0.372293
0.340267
0.336335
0.334557
0.332471
0.330582
0.328424
0.326472
0.324318
0.322357
0.320199
0.318251
0.316018
0.31408
0.311652
0.310216
0.311822
0.344041
0.516724
0.579384
0.374224
0.34258
0.338702
0.336949
0.334878
0.333005
0.330864
0.328926
0.326789
0.324839
0.322699
0.32076
0.318545
0.316613
0.314205
0.312768
0.314385
0.346485
0.519013
0.581019
0.376185
0.344926
0.341103
0.339377
0.337322
0.335465
0.333342
0.331418
0.329299
0.327361
0.325238
0.32331
0.321113
0.319189
0.3168
0.315364
0.316992
0.348974
0.521341
0.582673
0.378178
0.347307
0.34354
0.34184
0.339802
0.337963
0.335858
0.333948
0.331848
0.329923
0.327819
0.325901
0.323723
0.321807
0.319439
0.318003
0.319645
0.351509
0.523712
0.584348
0.380202
0.349723
0.346013
0.344341
0.342321
0.340499
0.338414
0.336518
0.334438
0.332527
0.330441
0.328535
0.326377
0.324469
0.322123
0.320688
0.322344
0.354092
0.526125
0.586043
0.38226
0.352176
0.348525
0.346879
0.344879
0.343074
0.34101
0.33913
0.33707
0.335173
0.333107
0.331213
0.329075
0.327177
0.324853
0.32342
0.325091
0.356723
0.528584
0.58776
0.384352
0.354667
0.351075
0.349457
0.347477
0.345691
0.343647
0.341784
0.339745
0.337863
0.335818
0.333937
0.33182
0.329931
0.32763
0.326201
0.327887
0.359406
0.531089
0.5895
0.386479
0.357196
0.353665
0.352075
0.350116
0.348349
0.346328
0.344481
0.342464
0.340598
0.338574
0.336708
0.334612
0.332735
0.330457
0.329031
0.330735
0.362141
0.533642
0.591264
0.388644
0.359765
0.356297
0.354734
0.352799
0.35105
0.349053
0.347223
0.345229
0.343379
0.341378
0.339526
0.337453
0.335588
0.333334
0.331913
0.333635
0.36493
0.536245
0.593051
0.390845
0.362375
0.35897
0.357435
0.355524
0.353796
0.351823
0.350012
0.348042
0.346209
0.34423
0.342395
0.340345
0.338492
0.336264
0.334849
0.33659
0.367775
0.538899
0.594864
0.393085
0.365027
0.361687
0.36018
0.358295
0.356587
0.354639
0.352847
0.350902
0.349087
0.347133
0.345314
0.343289
0.34145
0.339247
0.337839
0.3396
0.370678
0.541606
0.596702
0.395365
0.367722
0.364448
0.36297
0.361111
0.359424
0.357504
0.355731
0.353812
0.352017
0.350087
0.348286
0.346286
0.344461
0.342286
0.340885
0.342668
0.373641
0.544368
0.598566
0.397686
0.370461
0.367255
0.365805
0.363975
0.362309
0.360417
0.358665
0.356773
0.354998
0.353094
0.351311
0.349337
0.347529
0.345381
0.343989
0.345795
0.376664
0.547185
0.600456
0.400049
0.373245
0.370108
0.368687
0.366887
0.365244
0.36338
0.361651
0.359786
0.358032
0.356155
0.354392
0.352445
0.350654
0.348535
0.347153
0.348982
0.379751
0.550059
0.602374
0.402456
0.376075
0.373008
0.371618
0.369848
0.368228
0.366395
0.364688
0.362852
0.361121
0.359271
0.35753
0.355611
0.353838
0.351749
0.350377
0.352232
0.382901
0.552993
0.604319
0.404907
0.378953
0.375958
0.374597
0.37286
0.371264
0.369463
0.36778
0.365974
0.364266
0.362445
0.360726
0.358836
0.357082
0.355024
0.353665
0.355546
0.386118
0.555987
0.606292
0.407404
0.381879
0.378957
0.377627
0.375924
0.374353
0.372585
0.370926
0.369151
0.367468
0.365677
0.363982
0.362122
0.360389
0.358363
0.357017
0.358926
0.389403
0.559043
0.608294
0.409948
0.384854
0.382007
0.380708
0.379042
0.377496
0.375762
0.37413
0.372387
0.370729
0.36897
0.367299
0.36547
0.363759
0.361766
0.360435
0.362373
0.392758
0.562162
0.610325
0.412542
0.387881
0.38511
0.383842
0.382213
0.380694
0.378996
0.377391
0.375681
0.374051
0.372324
0.370679
0.368883
0.367196
0.365236
0.363922
0.36589
0.396185
0.565347
0.612385
0.415186
0.39096
0.388266
0.38703
0.38544
0.383949
0.382288
0.380711
0.379036
0.377434
0.375741
0.374124
0.372362
0.370699
0.368775
0.367478
0.369477
0.399684
0.568599
0.614476
0.417882
0.394092
0.391477
0.390273
0.388725
0.387263
0.385639
0.384092
0.382454
0.380882
0.379223
0.377635
0.375908
0.374272
0.372385
0.371107
0.373138
0.403259
0.571919
0.616598
0.420632
0.397279
0.394744
0.393574
0.392068
0.390636
0.389052
0.387536
0.385935
0.384394
0.382771
0.381214
0.379523
0.377915
0.376066
0.374809
0.376874
0.406911
0.575309
0.618751
0.423437
0.400522
0.398069
0.396932
0.39547
0.39407
0.392527
0.391044
0.389481
0.387974
0.386388
0.384863
0.38321
0.381632
0.379822
0.378587
0.380686
0.410642
0.578772
0.620936
0.426301
0.403822
0.401452
0.40035
0.398934
0.397567
0.396067
0.394617
0.393095
0.391622
0.390076
0.388584
0.38697
0.385423
0.383654
0.382443
0.384577
0.414453
0.582308
0.623154
0.429225
0.407182
0.404896
0.40383
0.402462
0.401128
0.399672
0.398258
0.396778
0.39534
0.393835
0.392379
0.390805
0.389291
0.387564
0.38638
0.38855
0.418346
0.58592
0.625405
0.432211
0.410602
0.408401
0.407372
0.406053
0.404755
0.403345
0.401968
0.400531
0.399132
0.397668
0.396249
0.394717
0.393239
0.391555
0.390398
0.392605
0.422323
0.589609
0.627691
0.435263
0.414085
0.41197
0.410978
0.409711
0.40845
0.407088
0.40575
0.404357
0.402997
0.401576
0.400197
0.398709
0.397268
0.395629
0.394501
0.396745
0.426386
0.593378
0.630011
0.438384
0.417632
0.415603
0.414651
0.413437
0.412215
0.410901
0.409604
0.408258
0.406939
0.405563
0.404225
0.402782
0.40138
0.399788
0.398691
0.400972
0.430536
0.597228
0.632366
0.441576
0.421246
0.419303
0.418391
0.417232
0.416051
0.414788
0.413533
0.412235
0.410959
0.40963
0.408335
0.406939
0.405578
0.404035
0.402971
0.405289
0.434774
0.601161
0.634759
0.444844
0.424927
0.423072
0.422201
0.421099
0.41996
0.41875
0.417538
0.41629
0.41506
0.41378
0.41253
0.411182
0.409865
0.408371
0.407343
0.409697
0.439102
0.605178
0.637189
0.448195
0.428676
0.42691
0.426083
0.425039
0.423945
0.422789
0.421624
0.420427
0.419243
0.418014
0.416811
0.415513
0.414243
0.4128
0.411809
0.414198
0.443521
0.609282
0.639658
0.451633
0.432495
0.43082
0.430039
0.429056
0.428008
0.426907
0.42579
0.424648
0.423513
0.422336
0.421182
0.419936
0.418714
0.417325
0.416372
0.418795
0.448031
0.613475
0.642168
0.455165
0.436387
0.434805
0.434071
0.43315
0.43215
0.431108
0.430041
0.428954
0.42787
0.426747
0.425644
0.424453
0.423281
0.421947
0.421035
0.42349
0.452632
0.617757
0.64472
0.458797
0.440353
0.438867
0.438181
0.437326
0.436376
0.435393
0.434378
0.433348
0.432317
0.431251
0.430201
0.429066
0.427947
0.426669
0.4258
0.428284
0.457324
0.622131
0.647316
0.462537
0.444397
0.443007
0.442373
0.441584
0.440687
0.439766
0.438805
0.437834
0.436858
0.435849
0.434856
0.433778
0.432715
0.431495
0.430671
0.433178
0.462106
0.626597
0.64998
0.466365
0.44852
0.44723
0.446649
0.445928
0.445086
0.444228
0.443324
0.442414
0.441495
0.440546
0.43961
0.438592
0.437588
0.436428
0.435649
0.438176
0.466977
0.631158
0.652723
0.470278
0.452727
0.451537
0.451012
0.450362
0.449576
0.448784
0.447937
0.44709
0.44623
0.445343
0.444468
0.443511
0.442568
0.441469
0.440738
0.443277
0.471932
0.635814
0.655553
0.474282
0.457019
0.455933
0.455466
0.454888
0.454161
0.453436
0.452649
0.451867
0.451068
0.450244
0.449431
0.448538
0.447658
0.446622
0.44594
0.448482
0.476968
0.640566
0.658483
0.47838
0.461402
0.460419
0.460013
0.459509
0.458843
0.458187
0.457462
0.456747
0.456011
0.455252
0.454503
0.453675
0.452862
0.451889
0.451258
0.453793
0.482077
0.645414
0.661524
0.482577
0.465878
0.465001
0.464658
0.46423
0.463626
0.463042
0.46238
0.461733
0.461062
0.460369
0.459688
0.458926
0.458181
0.457274
0.456694
0.459208
0.487251
0.650356
0.664695
0.48688
0.470452
0.469683
0.469404
0.469054
0.468515
0.468003
0.467407
0.466829
0.466224
0.4656
0.464987
0.464293
0.46362
0.462779
0.462249
0.464726
0.492477
0.655392
0.668017
0.491295
0.475128
0.474467
0.474256
0.473986
0.473512
0.473075
0.472545
0.472039
0.471502
0.470948
0.470405
0.46978
0.46918
0.468406
0.467927
0.470344
0.497733
0.660518
0.671519
0.495832
0.479913
0.479361
0.479218
0.47903
0.478623
0.478262
0.4778
0.477366
0.476899
0.476414
0.475944
0.475388
0.474865
0.474158
0.473729
0.476058
0.50299
0.66573
0.675242
0.500499
0.484813
0.484368
0.484296
0.48419
0.483851
0.483568
0.483174
0.482814
0.482417
0.482005
0.481608
0.481123
0.480678
0.480037
0.479655
0.481861
0.508204
0.67102
0.67924
0.505309
0.489833
0.489494
0.489494
0.489473
0.489202
0.488997
0.488673
0.488387
0.488062
0.487721
0.4874
0.486985
0.48662
0.486046
0.485708
0.487745
0.513316
0.676377
0.683588
0.510277
0.494982
0.494747
0.494817
0.494882
0.494679
0.494554
0.4943
0.49409
0.493838
0.493569
0.493324
0.492979
0.492696
0.492186
0.491887
0.493695
0.518231
0.681779
0.0515306
0.0513287
0.0546076
0.0568701
0.058665
0.060067
0.0610708
0.0616558
0.0618017
0.0615096
0.060787
0.059655
0.0581997
0.0566034
0.0553049
0.0555135
0.0609302
0.0820482
0.145724
0.333087
0.0516625
0.0510763
0.0544352
0.0567842
0.0586729
0.0601716
0.0612693
0.0619376
0.0621545
0.0619128
0.0612194
0.0601048
0.0586454
0.0570082
0.055624
0.0556852
0.0608704
0.0817455
0.1454
0.332026
0.0516935
0.0507045
0.0541837
0.0566392
0.0586365
0.0602463
0.0614509
0.0622181
0.0625209
0.0623452
0.0616931
0.0605937
0.0591151
0.0574305
0.0559587
0.0558453
0.0607308
0.0812256
0.144663
0.330378
0.0516466
0.0502127
0.0538498
0.0564299
0.0585479
0.0602823
0.0616097
0.0624908
0.0628937
0.0627973
0.0621971
0.06112
0.0596284
0.0578864
0.0563011
0.0560006
0.0605274
0.0805119
0.143565
0.328294
0.0515291
0.0495961
0.0534305
0.0561491
0.0584022
0.0602742
0.0617394
0.0627496
0.063267
0.0632635
0.0627265
0.0616788
0.0601783
0.0583762
0.0566585
0.0560985
0.0601338
0.0794281
0.141683
0.326189
0.0513357
0.0488498
0.05293
0.0557988
0.0581931
0.0602142
0.0618317
0.0629884
0.0636357
0.0637387
0.0632774
0.0622681
0.0607637
0.0589015
0.0570392
0.0561797
0.0596141
0.0779262
0.139199
0.324051
0.0510575
0.0480045
0.0523599
0.0553798
0.0579197
0.0600977
0.0618805
0.0631995
0.0639938
0.064218
0.0638458
0.0628868
0.0613843
0.0594633
0.057449
0.0562623
0.0590132
0.076145
0.136233
0.321805
0.0507256
0.0471829
0.051742
0.0549032
0.0575844
0.0599219
0.061879
0.0633743
0.064333
0.064696
0.0644279
0.0635307
0.0620385
0.0600611
0.057892
0.0563613
0.0583638
0.0741405
0.132834
0.319431
0.0503616
0.046645
0.0511339
0.0543924
0.057194
0.0596859
0.0618223
0.0635068
0.0646455
0.0651649
0.0650175
0.0641957
0.0627246
0.0606969
0.0583757
0.0564893
0.0576982
0.0719535
0.129028
0.316919
0.0500045
0.0468089
0.0506288
0.0538901
0.0567677
0.0593934
0.0617071
0.0635908
0.0649248
0.0656172
0.0656074
0.064877
0.0634392
0.0613705
0.0589037
0.0566616
0.057048
0.0696313
0.12484
0.314265
0.0496963
0.0481888
0.0503554
0.0534643
0.0563392
0.0590603
0.0615362
0.0636196
0.0651613
0.0660432
0.0661903
0.0655678
0.0641765
0.06208
0.0594765
0.0568904
0.0564444
0.0672244
0.120312
0.311458
0.0494802
0.050151
0.050665
0.0531988
0.0559593
0.0587117
0.0613176
0.0635916
0.0653493
0.0664341
0.0667562
0.0662589
0.0649306
0.0628217
0.0600956
0.0571841
0.0559163
0.0647836
0.115477
0.308492
0.0493844
0.0522603
0.0517454
0.0532598
0.0556964
0.0583838
0.0610687
0.0635118
0.0654832
0.0667832
0.0672967
0.066942
0.0656959
0.0635886
0.060759
0.05755
0.0554923
0.0623709
0.110383
0.305357
0.0494184
0.0543437
0.053511
0.0538896
0.0556352
0.0581295
0.0608165
0.0633904
0.06556
0.067083
0.0678017
0.0676079
0.0664617
0.0643746
0.0614624
0.0579909
0.0551952
0.0600448
0.105084
0.302047
0.0495589
0.0564967
0.0557237
0.0550735
0.0560011
0.0580136
0.0605993
0.063245
0.0655855
0.0673291
0.0682599
0.0682456
0.0672173
0.0651707
0.0621991
0.0585036
0.0550422
0.0578643
0.099639
0.298559
0.0498044
0.0588119
0.0583762
0.0567622
0.0568174
0.058203
0.0604682
0.0631016
0.0655711
0.0675183
0.0686664
0.0688442
0.0679524
0.0659659
0.0629606
0.0590826
0.0550432
0.0558911
0.0941251
0.294886
0.0501175
0.0615237
0.0614017
0.0589858
0.0580859
0.0587686
0.0605499
0.0629958
0.0655338
0.0676526
0.0690154
0.0693932
0.0686549
0.0667486
0.0637342
0.0597179
0.0551994
0.0541843
0.0886353
0.291017
0.0505141
0.0649589
0.0648551
0.0617428
0.0598339
0.0597204
0.0609403
0.0630225
0.0654975
0.0677416
0.0693031
0.0698842
0.0693126
0.0675066
0.0645076
0.0603954
0.0555031
0.0527983
0.0832851
0.286947
0.0509632
0.0696601
0.0689273
0.0650538
0.0621138
0.0610726
0.0616513
0.0632878
0.0655231
0.0678012
0.0695314
0.0703098
0.0699149
0.0682267
0.0652671
0.0610983
0.0559358
0.0517759
0.078206
0.282668
0.0513386
0.0765174
0.0739587
0.0689991
0.0649428
0.0628977
0.0626866
0.0638157
0.0657137
0.0678705
0.069705
0.0706654
0.0704515
0.0688959
0.0659986
0.0618101
0.0564738
0.0511476
0.0735585
0.278171
0.0516865
0.0871194
0.0804771
0.0737371
0.0683756
0.0652173
0.0641218
0.0646038
0.0661066
0.0680373
0.0698494
0.0709514
0.0709144
0.0695022
0.0666868
0.0625119
0.0570875
0.0509263
0.0695409
0.273446
0.178443
0.104395
0.089326
0.07953
0.0724791
0.0680729
0.0659793
0.0657175
0.0667027
0.0683469
0.0700317
0.071181
0.071298
0.0700351
0.0673191
0.0631861
0.0577449
0.0511037
0.0663883
0.268484
0.47993
0.133513
0.101713
0.0867212
0.0773515
0.0714831
0.06829
0.0671781
0.0675526
0.0688082
0.0703047
0.0714107
0.0716032
0.0704861
0.067884
0.0638175
0.0584159
0.051652
0.0643847
0.263271
0.510088
0.175084
0.118286
0.0955528
0.0830588
0.0754663
0.0710618
0.0690096
0.0686761
0.0694552
0.0706823
0.0716883
0.0718957
0.0708718
0.0683759
0.0643963
0.0590698
0.0523625
0.0633413
0.258012
0.31083
0.205436
0.136094
0.105651
0.0895516
0.0800017
0.074283
0.0712153
0.0700932
0.0703063
0.071185
0.0720275
0.0722075
0.0712332
0.0688237
0.0649267
0.0596732
0.0530748
0.0627549
0.25298
0.302276
0.213517
0.150867
0.116018
0.0965978
0.0850088
0.0779105
0.0737782
0.0718059
0.0713771
0.0718285
0.0724389
0.0725386
0.0715855
0.0692406
0.065409
0.0602128
0.053751
0.0624484
0.248274
0.282881
0.215595
0.161342
0.125643
0.103816
0.090341
0.0818727
0.07666
0.0738004
0.0726704
0.0726229
0.0729332
0.0728973
0.0719228
0.0696167
0.0658371
0.0606882
0.0543653
0.0624256
0.243926
0.282938
0.214392
0.167733
0.133727
0.110753
0.0957899
0.0860604
0.0797997
0.0760471
0.0741768
0.0735702
0.0735163
0.0732884
0.0722501
0.0699534
0.0662079
0.061094
0.0548997
0.0625922
0.240005
0.281956
0.211705
0.171099
0.139933
0.117007
0.101108
0.0903303
0.0831112
0.078496
0.0758725
0.0746639
0.0741895
0.0737142
0.0725663
0.070247
0.0665171
0.0614273
0.0553458
0.0629204
0.236548
0.282539
0.209484
0.172458
0.144308
0.122299
0.106056
0.0945247
0.0864895
0.0810792
0.0777194
0.075887
0.074947
0.0741736
0.0728709
0.0704956
0.066761
0.0616843
0.0556994
0.0633622
0.2336
0.284853
0.207474
0.172592
0.147091
0.126483
0.110428
0.0984804
0.0898167
0.083715
0.0796659
0.0772108
0.0757756
0.0746604
0.0731597
0.0706946
0.0669344
0.0618613
0.0559595
0.0638961
0.231192
0.287405
0.205866
0.17196
0.148561
0.12953
0.114072
0.102043
0.0929692
0.086311
0.0816474
0.0785952
0.0766529
0.0751631
0.0734262
0.0708391
0.0670321
0.0619536
0.0561262
0.0645032
0.229353
0.290579
0.204309
0.170742
0.148967
0.131488
0.116894
0.105081
0.095826
0.0887675
0.0835894
0.0799903
0.0775486
0.0756642
0.07366
0.0709214
0.0670479
0.0619565
0.0562
0.0651781
0.228104
0.293588
0.202589
0.169055
0.148496
0.132436
0.11885
0.107496
0.0982766
0.0909847
0.0854112
0.0813372
0.0784238
0.0761398
0.0738465
0.0709319
0.0669743
0.0618645
0.0561815
0.0659209
0.227462
0.296531
0.200765
0.16699
0.147296
0.132471
0.119938
0.109216
0.100226
0.0928695
0.0870319
0.0825718
0.0792325
0.0765597
0.0739667
0.0708585
0.0668029
0.0616719
0.0560715
0.0667389
0.227438
0.299339
0.198735
0.164557
0.145468
0.131691
0.120186
0.110201
0.1016
0.094338
0.0883716
0.0836266
0.0799235
0.0768887
0.073998
0.0706864
0.0665241
0.0613732
0.055871
0.0676438
0.228037
0.301933
0.196481
0.161778
0.143087
0.130181
0.119637
0.110442
0.10235
0.0953214
0.0893566
0.0844341
0.0804429
0.0770879
0.0739142
0.070399
0.0661276
0.0609631
0.0555817
0.0686505
0.229256
0.304311
0.194006
0.158678
0.140216
0.128022
0.11835
0.109953
0.10245
0.0957682
0.0899243
0.0849324
0.0807375
0.0771166
0.0736869
0.069978
0.0656034
0.0604376
0.0552067
0.0697761
0.231086
0.306454
0.191312
0.155281
0.136914
0.125293
0.116394
0.108768
0.101895
0.0956461
0.0900265
0.0850681
0.0807574
0.0769341
0.0732869
0.0694051
0.0649414
0.0597939
0.0547509
0.0710389
0.233508
0.308374
0.188433
0.151623
0.133235
0.122068
0.113841
0.106937
0.100706
0.0949451
0.0896327
0.0847998
0.0804595
0.0765033
0.0726869
0.0686631
0.0641339
0.0590317
0.0542214
0.0724571
0.236491
0.310077
0.1854
0.147741
0.129235
0.118419
0.110766
0.104524
0.0989191
0.0936764
0.088731
0.0841007
0.0798114
0.0757938
0.0718634
0.0677379
0.0631761
0.0581542
0.0536293
0.0740478
0.239996
0.311576
0.182258
0.143675
0.124965
0.114416
0.107252
0.101603
0.096591
0.0918702
0.0873287
0.0829614
0.0787941
0.0747847
0.0708001
0.0666209
0.0620678
0.0571691
0.0529893
0.0758249
0.243967
0.31289
0.179051
0.139464
0.120478
0.110131
0.10338
0.0982556
0.0937892
0.0895748
0.0854534
0.0813911
0.0774046
0.0734676
0.0694897
0.0653108
0.0608152
0.0560899
0.052321
0.0777967
0.248337
0.31404
0.175817
0.13515
0.11583
0.105634
0.0992326
0.094566
0.0905912
0.0868536
0.0831509
0.0794183
0.0756572
0.071849
0.0679372
0.0638159
0.0594326
0.0549367
0.0516481
0.0799633
0.253025
0.315044
0.172597
0.130775
0.111077
0.100997
0.0948906
0.0906214
0.0870825
0.083783
0.0804827
0.0770884
0.0735834
0.0699512
0.0661612
0.062156
0.0579432
0.0537364
0.0509988
0.0823143
0.257937
0.315923
0.169428
0.126381
0.106271
0.096284
0.0904334
0.0865095
0.083353
0.0804478
0.0775232
0.0744628
0.0712319
0.0678127
0.0641948
0.0603631
0.0563801
0.052523
0.0504043
0.0848269
0.262974
0.316702
0.166338
0.122003
0.101464
0.0915609
0.0859379
0.0823168
0.0794933
0.0769373
0.074356
0.0716156
0.0686661
0.0654879
0.0620858
0.0584814
0.0547857
0.0513364
0.0498973
0.0874653
0.268028
0.317399
0.163349
0.117677
0.0967056
0.0868898
0.0814781
0.078126
0.0755925
0.0733428
0.07107
0.0686303
0.0659618
0.0630443
0.0598942
0.056566
0.0532102
0.0502208
0.0495093
0.0901815
0.272997
0.318033
0.160477
0.113434
0.0920428
0.0823297
0.0771232
0.0740156
0.0717366
0.0697548
0.0677571
0.0655963
0.0632032
0.0605589
0.0576901
0.0546804
0.051709
0.0492208
0.0492672
0.0929184
0.277783
0.318622
0.157736
0.109304
0.0875202
0.0779353
0.072938
0.0700588
0.0680067
0.0662606
0.0645081
0.0626046
0.0604782
0.0581146
0.0555494
0.0528925
0.0503387
0.0483778
0.0491902
0.0956148
0.282302
0.319183
0.155131
0.105311
0.0831796
0.0737584
0.0689827
0.0663235
0.0644784
0.0629421
0.0614096
0.0597437
0.0578741
0.055795
0.0535489
0.0512694
0.0491515
0.047725
0.0492869
0.0982122
0.286491
0.319731
0.152663
0.101479
0.0790611
0.0698472
0.0653126
0.0628708
0.06122
0.0598738
0.0585412
0.0570961
0.0554739
0.0536798
0.0517606
0.0498712
0.0481899
0.0472838
0.0495546
0.100662
0.290307
0.320276
0.150333
0.0978288
0.0752021
0.0662458
0.0619772
0.059755
0.0582911
0.0571207
0.0559728
0.0547348
0.0533506
0.0518386
0.0502457
0.0487457
0.0474821
0.0470607
0.0499793
0.10293
0.293733
0.320825
0.148144
0.0943813
0.0716376
0.0629934
0.0590195
0.0570217
0.055742
0.0547371
0.0537626
0.0527201
0.0515639
0.0503264
0.0490492
0.047923
0.0470386
0.0470468
0.0505389
0.104999
0.296772
0.321389
0.146099
0.0911548
0.0683988
0.0601238
0.0564751
0.0547075
0.0536117
0.0527642
0.0519541
0.0510957
0.0501554
0.0491791
0.0481961
0.0474118
0.0468505
0.0472194
0.051206
0.106871
0.299443
0.321971
0.144203
0.088166
0.0655131
0.0576644
0.054371
0.0528381
0.051926
0.0512281
0.0505737
0.0498868
0.0491465
0.0484102
0.0476881
0.0471992
0.0468919
0.0475459
0.0519532
0.108559
0.301779
0.322578
0.14246
0.0854299
0.0630034
0.0556353
0.0527232
0.0514258
0.0506954
0.0501374
0.0496284
0.0490973
0.0485358
0.0480102
0.0475045
0.0472524
0.047124
0.04799
0.0527562
0.110091
0.30382
0.323214
0.140877
0.0829593
0.0608868
0.0540468
0.0515348
0.0504677
0.0499129
0.0494823
0.049105
0.0487097
0.0482997
0.0479469
0.0476047
0.0475241
0.047502
0.0485165
0.0535967
0.111496
0.305608
0.323882
0.139462
0.0807647
0.0591729
0.0528975
0.0507931
0.0499437
0.0495532
0.0492333
0.0489702
0.0486855
0.0483938
0.0481698
0.0479343
0.0479604
0.0479819
0.0490966
0.0544632
0.112809
0.307189
0.324583
0.138222
0.0788533
0.0578622
0.0521725
0.0504695
0.0498168
0.0495732
0.0493433
0.0491724
0.0489692
0.0487589
0.0486172
0.0484337
0.0485086
0.0485261
0.0497092
0.0553504
0.114063
0.308601
0.325319
0.137164
0.0772285
0.0569452
0.051843
0.0505193
0.0500345
0.049915
0.049751
0.0496472
0.0494944
0.0493282
0.0492247
0.0490459
0.0491237
0.0491063
0.0503414
0.0562573
0.115284
0.30988
0.326092
0.136293
0.0758899
0.0564022
0.051867
0.0508848
0.050533
0.0505104
0.0503873
0.0503246
0.0501922
0.0500362
0.0499333
0.0497231
0.0497721
0.0497042
0.0509867
0.0571859
0.116498
0.311054
0.326903
0.135614
0.0748333
0.056203
0.0521917
0.0514998
0.0512433
0.0512892
0.0511828
0.0511372
0.0509992
0.0508261
0.0506956
0.0504304
0.0504321
0.0503099
0.0516438
0.0581396
0.117722
0.312147
0.327751
0.135128
0.0740506
0.0563087
0.0527577
0.0522965
0.0520984
0.0521859
0.0520759
0.0520273
0.0518642
0.0516545
0.0514782
0.0511455
0.0510921
0.0509199
0.052314
0.0591224
0.11897
0.313179
0.328639
0.134837
0.0735294
0.0566739
0.0535044
0.0532121
0.05304
0.0531465
0.0530176
0.0529515
0.0527504
0.0524927
0.0522612
0.0518571
0.0517484
0.0515349
0.0530005
0.0601387
0.120253
0.314164
0.329567
0.134735
0.0732543
0.0572505
0.0543757
0.0541944
0.0540229
0.0541313
0.0539738
0.0538811
0.0536356
0.0533249
0.0530355
0.0525619
0.0524021
0.0521579
0.0537073
0.0611923
0.121579
0.315114
0.330537
0.134818
0.0732074
0.0579915
0.0553245
0.0552048
0.055016
0.055115
0.0549243
0.054801
0.0545092
0.0541453
0.0537995
0.0532617
0.0530572
0.0527932
0.0544382
0.0622862
0.122954
0.316037
0.331547
0.135078
0.0733692
0.0588546
0.056315
0.0562182
0.0560015
0.0560851
0.0558603
0.0557057
0.0553689
0.0549546
0.0545565
0.0539611
0.0537187
0.0534447
0.0551965
0.0634227
0.124381
0.316937
0.332598
0.135508
0.0737196
0.0598041
0.0573229
0.0572214
0.056972
0.0570381
0.056781
0.0565966
0.0562181
0.0557574
0.0553122
0.0546656
0.0543915
0.0541163
0.0559848
0.0646036
0.125864
0.317817
0.333691
0.136099
0.0742382
0.0608127
0.0583342
0.0582101
0.0579275
0.0579768
0.0576903
0.0574789
0.0570627
0.0565602
0.0560726
0.0553806
0.0550802
0.054811
0.0568053
0.0658295
0.127402
0.318677
0.334829
0.136841
0.0749051
0.0618607
0.0593429
0.0591863
0.0588725
0.0589069
0.0585946
0.0583594
0.0579094
0.0573693
0.0568436
0.056111
0.0557883
0.0555312
0.0576596
0.0671011
0.128999
0.319518
0.336012
0.137722
0.0757018
0.0629356
0.0603486
0.0601551
0.0598134
0.0598358
0.0595012
0.0592452
0.0587647
0.0581905
0.0576301
0.0568606
0.0565188
0.0562788
0.0585487
0.0684185
0.130654
0.320339
0.337243
0.138728
0.0766119
0.0640306
0.0613543
0.0611232
0.0607574
0.0607705
0.0604165
0.0601421
0.0596339
0.0590284
0.0584359
0.0576322
0.0572736
0.0570551
0.0594735
0.0697816
0.13237
0.321139
0.33852
0.139849
0.0776215
0.0651432
0.0623648
0.0620974
0.061711
0.0617171
0.061346
0.0610552
0.0605213
0.0598867
0.0592639
0.058428
0.0580542
0.0578608
0.0604343
0.07119
0.134147
0.321916
0.339846
0.141073
0.0787189
0.0662731
0.063385
0.0630836
0.0626796
0.0626806
0.062294
0.0619882
0.0614302
0.0607679
0.060116
0.0592494
0.0588614
0.0586963
0.0614312
0.0726428
0.135986
0.322666
0.341218
0.142393
0.0798944
0.0674217
0.0644196
0.0640867
0.0636672
0.0636647
0.0632638
0.0629441
0.062363
0.061674
0.0609936
0.0600968
0.0596953
0.0595614
0.0624638
0.0741389
0.137889
0.323386
0.342638
0.143799
0.0811391
0.0685907
0.0654725
0.0651104
0.0646773
0.0646723
0.064258
0.063925
0.0633213
0.062606
0.0618972
0.0609707
0.0605559
0.0604561
0.0635319
0.075677
0.139856
0.32407
0.344108
0.145283
0.0824456
0.0697817
0.0665468
0.0661577
0.0657122
0.0657057
0.0652783
0.0649323
0.0643061
0.0635644
0.0628269
0.0618707
0.061443
0.06138
0.0646349
0.077256
0.141809
0.324754
0.345627
0.146835
0.0838074
0.0709962
0.0676447
0.0672306
0.0667737
0.0667661
0.0663257
0.0659667
0.0653177
0.0645494
0.0637826
0.0627967
0.0623563
0.0623328
0.0657726
0.0788749
0.143624
0.325493
0.347194
0.148447
0.0852192
0.0722354
0.068768
0.0683305
0.0678625
0.0678543
0.0674006
0.0670282
0.0663558
0.0655605
0.0647639
0.0637485
0.0632958
0.0633144
0.0669436
0.0805331
0.145302
0.326295
0.348809
0.150114
0.0866765
0.0735003
0.0699177
0.0694581
0.0689792
0.0689702
0.0685027
0.0681164
0.06742
0.0665972
0.0657704
0.0647256
0.0642609
0.0643243
0.0681398
0.0822007
0.146905
0.327151
0.350471
0.151829
0.0881753
0.0747911
0.0710941
0.0706136
0.0701233
0.0701134
0.0696314
0.0692306
0.0685097
0.067659
0.0668016
0.0657276
0.0652513
0.0653616
0.0693567
0.0838663
0.148463
0.328058
0.35218
0.153589
0.0897115
0.0761078
0.0722974
0.0717966
0.0712944
0.0712832
0.0707858
0.07037
0.0696241
0.0687452
0.0678567
0.0667538
0.0662659
0.0664239
0.0705967
0.085533
0.149992
0.329013
0.353935
0.155389
0.0912816
0.07745
0.0735271
0.0730066
0.0724918
0.0724789
0.0719654
0.0715341
0.0707625
0.0698551
0.0689351
0.0678033
0.0673039
0.0675093
0.0718584
0.0871979
0.151503
0.330016
0.355737
0.157224
0.092882
0.0788169
0.0747827
0.0742432
0.0737148
0.0737001
0.0731695
0.0727222
0.0719241
0.0709877
0.0700355
0.0688747
0.0683646
0.0686184
0.0731398
0.0888605
0.153005
0.331064
0.357584
0.159089
0.0945091
0.0802075
0.0760634
0.0755057
0.0749631
0.074946
0.0743975
0.0739334
0.073108
0.072142
0.0711568
0.0699671
0.0694473
0.0697504
0.0744397
0.0905209
0.154507
0.332157
0.359478
0.160979
0.0961599
0.0816207
0.0773685
0.0767936
0.0762359
0.0762162
0.0756486
0.0751666
0.074313
0.0733167
0.0722978
0.0710794
0.0705511
0.0709044
0.0757568
0.0921792
0.156012
0.333292
0.361415
0.162888
0.097831
0.0830551
0.0786972
0.0781061
0.0775324
0.0775094
0.0769214
0.0764206
0.0755378
0.0745105
0.0734575
0.0722115
0.0716762
0.0720793
0.0770897
0.0938355
0.157523
0.334469
0.363393
0.16481
0.0995194
0.0845093
0.0800483
0.0794422
0.0788516
0.0788245
0.0782146
0.0776941
0.076781
0.0757224
0.0746349
0.0733628
0.0728223
0.0732741
0.0784369
0.0954892
0.159041
0.335682
0.36541
0.166743
0.101222
0.0859817
0.0814207
0.0808007
0.0801921
0.08016
0.0795269
0.0789856
0.0780416
0.0769512
0.0758288
0.0745326
0.0739885
0.0744875
0.0797964
0.0971387
0.160561
0.336931
0.367462
0.168683
0.102937
0.0874708
0.0828132
0.0821805
0.0815525
0.0815146
0.080857
0.080294
0.0793183
0.078196
0.0770392
0.0757204
0.0751737
0.0757181
0.081166
0.0987817
0.162079
0.338213
0.369547
0.170629
0.10466
0.0889749
0.0842244
0.0835803
0.0829317
0.0828872
0.0822036
0.0816182
0.0806101
0.0794556
0.078266
0.0769261
0.076377
0.0769643
0.0825436
0.100416
0.163592
0.339528
0.371664
0.172577
0.106389
0.0904925
0.0856532
0.0849989
0.0843285
0.0842764
0.0835658
0.0829571
0.081916
0.080729
0.0795082
0.0781488
0.0775971
0.0782246
0.0839272
0.102038
0.165095
0.340875
0.373811
0.174525
0.108119
0.0920217
0.0870982
0.0864353
0.0857419
0.0856812
0.0849424
0.0843094
0.0832348
0.0820152
0.080765
0.0793875
0.078833
0.0794976
0.0853148
0.103647
0.166588
0.342254
0.375988
0.176467
0.109848
0.0935607
0.088558
0.0878881
0.0871705
0.0871004
0.0863321
0.0856741
0.0845653
0.0833139
0.0820361
0.0806412
0.0800838
0.0807821
0.0867047
0.105241
0.168069
0.343664
0.378193
0.178398
0.111572
0.0951075
0.0900313
0.089356
0.0886131
0.0885327
0.0877338
0.0870498
0.0859063
0.0846243
0.0833209
0.081909
0.0813486
0.0820769
0.0880952
0.106817
0.169538
0.345104
0.380421
0.180312
0.113287
0.0966601
0.0915165
0.0908378
0.0900686
0.0899768
0.0891461
0.088435
0.0872561
0.0859453
0.0846184
0.08319
0.0826261
0.0833805
0.0894843
0.108373
0.170992
0.346569
0.382671
0.182205
0.11499
0.0982168
0.0930123
0.0923322
0.0915357
0.0914314
0.0905676
0.0898284
0.0886136
0.0872757
0.0859277
0.0844832
0.0839155
0.0846915
0.0908699
0.109907
0.172426
0.348059
0.384937
0.184074
0.11668
0.0997761
0.0945177
0.0938382
0.0930132
0.092895
0.091997
0.0912285
0.0899785
0.0886154
0.0872476
0.0857874
0.0852154
0.0860082
0.0922498
0.111415
0.173836
0.349569
0.387217
0.185918
0.118354
0.101337
0.0960315
0.0953545
0.0945
0.0943665
0.093433
0.092634
0.0913502
0.089964
0.0885775
0.0871019
0.0865248
0.0873293
0.0936221
0.112895
0.175219
0.3511
0.389507
0.187734
0.120009
0.102897
0.0975526
0.0968801
0.0959949
0.0958445
0.0948742
0.0940436
0.0927278
0.0913207
0.0899166
0.0884258
0.0878427
0.0886533
0.094985
0.114344
0.176571
0.352647
0.391806
0.189519
0.121642
0.104456
0.09908
0.0984137
0.0974966
0.0973278
0.0963197
0.0954567
0.0941107
0.092685
0.0912642
0.0897584
0.0891684
0.0899792
0.0963371
0.115762
0.177889
0.35421
0.394112
0.191269
0.123252
0.106011
0.100612
0.099954
0.0990039
0.0988149
0.0977682
0.0968731
0.0954994
0.0940563
0.0926199
0.0910991
0.0905011
0.091306
0.0976771
0.117144
0.179173
0.355786
0.39642
0.192981
0.124835
0.107563
0.102148
0.101499
0.100515
0.100305
0.0992185
0.0982926
0.0968937
0.0954341
0.093983
0.0924473
0.09184
0.0926327
0.0990035
0.118491
0.18042
0.357374
0.398728
0.194649
0.126389
0.109107
0.103686
0.103048
0.10203
0.101796
0.10067
0.0997141
0.0982926
0.0968175
0.0953528
0.0938021
0.0931844
0.0939582
0.100315
0.1198
0.181629
0.358969
0.401031
0.196272
0.12791
0.110645
0.105225
0.1046
0.103545
0.103286
0.10212
0.101137
0.0996955
0.0982058
0.0967284
0.0951626
0.0945331
0.0952814
0.101611
0.121068
0.182795
0.360571
0.403327
0.197845
0.129399
0.112174
0.106764
0.106152
0.105062
0.104776
0.103571
0.102562
0.101101
0.0995979
0.0981086
0.0965277
0.0958852
0.0966012
0.102889
0.122294
0.183917
0.362176
0.405611
0.19937
0.130852
0.113694
0.108302
0.107705
0.106577
0.106262
0.10502
0.103987
0.102509
0.100993
0.0994927
0.0978966
0.0972399
0.0979168
0.104149
0.123476
0.184993
0.363782
0.407881
0.200844
0.132269
0.115204
0.109838
0.109256
0.10809
0.107744
0.106466
0.105413
0.103918
0.10239
0.10088
0.0992684
0.0985963
0.0992272
0.10539
0.124613
0.186019
0.365386
0.410137
0.202265
0.133648
0.116704
0.111372
0.110805
0.109601
0.109222
0.107911
0.106839
0.105328
0.103788
0.102269
0.100643
0.0999539
0.100532
0.106611
0.125704
0.186995
0.366986
0.412374
0.20363
0.134988
0.118193
0.112903
0.112351
0.111107
0.110696
0.109354
0.108263
0.106738
0.105188
0.103661
0.102019
0.101312
0.101831
0.107813
0.126748
0.18792
0.368579
0.414592
0.204936
0.136288
0.11967
0.11443
0.113891
0.112608
0.112165
0.110795
0.109687
0.108148
0.106588
0.105054
0.103396
0.102671
0.103123
0.108995
0.127744
0.188791
0.370162
0.416786
0.20618
0.137548
0.121135
0.115951
0.115426
0.114102
0.113627
0.112233
0.111109
0.109557
0.107988
0.106448
0.104774
0.104028
0.104408
0.110156
0.128692
0.189609
0.371732
0.418953
0.207359
0.138766
0.122587
0.117466
0.116952
0.11559
0.115085
0.113668
0.112529
0.110966
0.109389
0.107843
0.106152
0.105385
0.105686
0.111299
0.129591
0.190371
0.373286
0.421087
0.208472
0.139944
0.124027
0.118975
0.11847
0.117071
0.116538
0.1151
0.113946
0.112372
0.110787
0.109237
0.107528
0.10674
0.106956
0.112421
0.130442
0.191076
0.374821
0.423186
0.20952
0.141081
0.125454
0.120476
0.119978
0.118544
0.117987
0.116528
0.11536
0.113777
0.112184
0.110629
0.108903
0.108093
0.108219
0.113524
0.131245
0.191721
0.376334
0.425248
0.210503
0.142179
0.126868
0.12197
0.121476
0.12001
0.11943
0.117951
0.116771
0.115178
0.113578
0.112019
0.110276
0.109442
0.109473
0.114609
0.131999
0.192307
0.377824
0.427269
0.211422
0.143241
0.128271
0.123456
0.122965
0.121469
0.120867
0.119369
0.118177
0.116575
0.114969
0.113407
0.111645
0.110788
0.11072
0.115676
0.132706
0.192834
0.379288
0.429249
0.212277
0.144267
0.129662
0.124934
0.124445
0.122922
0.122298
0.120781
0.119577
0.117968
0.116355
0.114791
0.113011
0.11213
0.111959
0.116726
0.133368
0.193303
0.380723
0.431184
0.213069
0.14526
0.131043
0.126404
0.125914
0.124367
0.123722
0.122187
0.120973
0.119356
0.117737
0.116171
0.114373
0.113468
0.113191
0.117762
0.133987
0.193715
0.382127
0.433075
0.213797
0.146222
0.132412
0.127866
0.127374
0.125804
0.125139
0.123587
0.122362
0.120739
0.119114
0.117547
0.11573
0.114802
0.114415
0.118784
0.134564
0.194072
0.383496
0.434916
0.214461
0.147156
0.133772
0.12932
0.128824
0.127233
0.126548
0.12498
0.123746
0.122117
0.120486
0.118918
0.117081
0.11613
0.115633
0.119793
0.135103
0.194373
0.384828
0.436706
0.215061
0.148066
0.135121
0.130767
0.130266
0.128654
0.12795
0.126366
0.125123
0.123488
0.121852
0.120284
0.118428
0.117454
0.116843
0.120791
0.135605
0.194619
0.386119
0.438441
0.215598
0.148954
0.13646
0.132205
0.131697
0.130066
0.129344
0.127745
0.126494
0.124854
0.123212
0.121643
0.119767
0.118771
0.118047
0.12178
0.136072
0.194811
0.387367
0.440118
0.216074
0.149827
0.137792
0.133634
0.133119
0.131468
0.13073
0.129116
0.127857
0.126212
0.124565
0.122996
0.1211
0.120081
0.119245
0.12276
0.13651
0.19495
0.388569
0.441733
0.216494
0.150688
0.13912
0.135053
0.134532
0.132862
0.132107
0.13048
0.129213
0.127563
0.12591
0.124341
0.122425
0.121384
0.120435
0.123733
0.13692
0.195038
0.389722
0.443285
0.21686
0.151543
0.140447
0.136463
0.135934
0.134246
0.133476
0.131835
0.130561
0.128907
0.127247
0.125678
0.123741
0.12268
0.12162
0.1247
0.137307
0.195077
0.390826
0.444772
0.217176
0.152398
0.141773
0.137862
0.137326
0.135621
0.134836
0.133182
0.131901
0.130242
0.128575
0.127006
0.125049
0.123967
0.122798
0.125664
0.137675
0.195072
0.391876
0.446193
0.217447
0.153259
0.143099
0.139251
0.138709
0.136986
0.136187
0.134519
0.133232
0.131568
0.129894
0.128325
0.126347
0.125246
0.123971
0.126625
0.13803
0.195025
0.392873
0.447545
0.217677
0.154139
0.144421
0.14063
0.140081
0.138341
0.137529
0.135848
0.134553
0.132884
0.131203
0.129634
0.127636
0.126516
0.125138
0.127585
0.138378
0.194943
0.393813
0.448828
0.21787
0.155048
0.145735
0.141999
0.141444
0.139686
0.13886
0.137167
0.135864
0.134191
0.132502
0.130933
0.128915
0.127777
0.126301
0.128545
0.138722
0.194828
0.394694
0.450038
0.218031
0.155995
0.147041
0.143357
0.142796
0.141021
0.140182
0.138475
0.137166
0.135488
0.133791
0.132222
0.130183
0.129028
0.127458
0.129507
0.139069
0.194685
0.395514
0.451174
0.218165
0.156988
0.148339
0.144705
0.144137
0.142344
0.141493
0.139774
0.138457
0.136775
0.135068
0.1335
0.131441
0.130269
0.12861
0.130471
0.139425
0.194518
0.39627
0.452234
0.218282
0.158027
0.149629
0.146041
0.145467
0.143657
0.142794
0.141062
0.139738
0.13805
0.136335
0.134766
0.132688
0.131499
0.129757
0.131437
0.139796
0.194332
0.396961
0.453214
0.218414
0.159078
0.15091
0.147367
0.146787
0.144959
0.144085
0.142339
0.141007
0.139315
0.13759
0.13602
0.133923
0.132717
0.130898
0.132405
0.140186
0.194132
0.397583
0.454113
0.218579
0.160128
0.152183
0.148681
0.148095
0.14625
0.145364
0.143605
0.142265
0.140568
0.138832
0.137262
0.135146
0.133924
0.132033
0.133377
0.140604
0.193923
0.398134
0.454929
0.218788
0.161179
0.153448
0.149984
0.149393
0.14753
0.146632
0.14486
0.143512
0.141809
0.140063
0.13849
0.136356
0.135118
0.133162
0.134351
0.141053
0.193711
0.398613
0.45566
0.219049
0.162233
0.154705
0.151276
0.15068
0.148798
0.147889
0.146104
0.144747
0.143038
0.14128
0.139706
0.137554
0.136299
0.134284
0.135328
0.141541
0.193501
0.399017
0.456304
0.219374
0.163288
0.155953
0.152557
0.151956
0.150055
0.149136
0.147337
0.14597
0.144254
0.142485
0.140907
0.138739
0.137467
0.135401
0.136309
0.142073
0.193299
0.399344
0.456858
0.219771
0.164345
0.157194
0.153828
0.153221
0.151302
0.15037
0.148558
0.14718
0.145459
0.143678
0.142096
0.139911
0.138621
0.136511
0.137291
0.142656
0.193113
0.399593
0.457321
0.220252
0.165403
0.158426
0.155087
0.154475
0.152536
0.151594
0.149767
0.148379
0.14665
0.144857
0.14327
0.14107
0.139762
0.137614
0.138275
0.143299
0.19295
0.39976
0.4577
0.220805
0.166462
0.159649
0.156335
0.155718
0.15376
0.152806
0.150965
0.149565
0.147829
0.146023
0.144431
0.142216
0.140889
0.138708
0.139257
0.143991
0.192832
0.399841
0.458022
0.221387
0.167521
0.160864
0.157571
0.15695
0.154972
0.154005
0.152151
0.150738
0.148995
0.147175
0.145578
0.143349
0.142005
0.139795
0.140236
0.144705
0.192788
0.399835
0.458303
0.221974
0.16858
0.16207
0.158797
0.158171
0.156172
0.155193
0.153324
0.151899
0.150148
0.148315
0.146711
0.144469
0.143109
0.140873
0.141213
0.145426
0.19284
0.399738
0.45854
0.222579
0.169639
0.163268
0.160011
0.15938
0.15736
0.156369
0.154486
0.153048
0.151288
0.149442
0.147829
0.145577
0.144202
0.141943
0.142187
0.14616
0.192949
0.39957
0.458742
0.223199
0.170697
0.164456
0.161214
0.160578
0.158537
0.157533
0.155635
0.154183
0.152415
0.150555
0.148934
0.146673
0.145284
0.143004
0.143157
0.146904
0.193087
0.399352
0.458915
0.223832
0.171754
0.165636
0.162406
0.161764
0.159703
0.158685
0.156772
0.155306
0.153529
0.151655
0.150024
0.147759
0.146356
0.144056
0.144124
0.147658
0.193235
0.399096
0.459064
0.224481
0.17281
0.166808
0.163587
0.16294
0.160857
0.159825
0.157897
0.156416
0.154631
0.152742
0.151101
0.148833
0.147417
0.145098
0.145086
0.14842
0.193409
0.398802
0.459195
0.225144
0.173864
0.167971
0.164758
0.164104
0.162
0.160954
0.159011
0.157513
0.155719
0.153817
0.152167
0.149897
0.148468
0.146132
0.146044
0.149189
0.193602
0.398477
0.459313
0.225825
0.174917
0.169125
0.165918
0.165258
0.163132
0.16207
0.160112
0.158598
0.156794
0.154879
0.153221
0.150949
0.149508
0.147157
0.146997
0.149965
0.193817
0.398126
0.459425
0.226521
0.175967
0.170271
0.167068
0.166401
0.164253
0.163175
0.161202
0.159671
0.157858
0.155928
0.154264
0.151991
0.150539
0.148173
0.147946
0.150746
0.194056
0.397755
0.459535
0.227235
0.177014
0.171408
0.168208
0.167533
0.165364
0.164269
0.16228
0.160732
0.158909
0.156966
0.155297
0.153023
0.15156
0.149179
0.14889
0.151532
0.194317
0.397369
0.459649
0.227965
0.178059
0.172537
0.169337
0.168654
0.166463
0.165351
0.163347
0.16178
0.159948
0.157994
0.15632
0.154045
0.152571
0.150176
0.14983
0.152322
0.194602
0.396974
0.459772
0.228713
0.179102
0.173657
0.170457
0.169765
0.167551
0.166421
0.164402
0.162818
0.160977
0.159012
0.157333
0.155057
0.153573
0.151165
0.150764
0.153115
0.194912
0.396575
0.459909
0.229478
0.180141
0.174769
0.171566
0.170865
0.168629
0.16748
0.165447
0.163844
0.161994
0.16002
0.158336
0.15606
0.154566
0.152145
0.151693
0.153912
0.195246
0.396179
0.460063
0.23026
0.181176
0.175872
0.172665
0.171954
0.169697
0.168528
0.166481
0.164859
0.163001
0.161019
0.15933
0.157052
0.15555
0.153116
0.152618
0.154712
0.195605
0.395787
0.46024
0.231059
0.182209
0.176966
0.173754
0.173033
0.170755
0.169565
0.167504
0.165864
0.163999
0.16201
0.160315
0.158035
0.156524
0.154078
0.153537
0.155514
0.195988
0.395405
0.460446
0.231876
0.183238
0.178053
0.174835
0.174102
0.171803
0.170591
0.168518
0.166859
0.164987
0.162992
0.161291
0.159009
0.15749
0.155032
0.154451
0.156319
0.196395
0.395038
0.4607
0.232714
0.184264
0.179131
0.175907
0.175161
0.172842
0.171607
0.169522
0.167845
0.165968
0.163965
0.162258
0.159974
0.158448
0.155978
0.15536
0.157126
0.196828
0.394701
0.461015
0.233576
0.185288
0.180202
0.17697
0.176211
0.173872
0.172613
0.170518
0.168822
0.166942
0.164929
0.163218
0.160931
0.159397
0.156916
0.156263
0.157935
0.197289
0.394392
)
;

boundaryField
{
    wall
    {
        type            compressible::alphatJayatillekeWallFunction;
        Prt             0.85;
        value           uniform 0;
    }
    inlet
    {
        type            calculated;
        value           uniform 37.903;
    }
    outlet
    {
        type            calculated;
        value           nonuniform List<scalar> 
20
(
0.353175
0.108839
0.0574056
0.0504542
0.0490497
0.0489446
0.0491921
0.0496378
0.0501372
0.0506633
0.0511283
0.0514981
0.0517087
0.0517266
0.0514928
0.0509425
0.0499592
0.0484224
0.0466129
0.0519485
)
;
    }
    heatWall
    {
        type            compressible::alphatJayatillekeWallFunction;
        Prt             0.85;
        value           nonuniform List<scalar> 
840
(
0
0
0
0
0
0
0
0.0411616
0.0406898
0.0402311
0.0397852
0.0393515
0.0389296
0.038519
0.0381194
0.0377304
0.0373515
0.0369824
0.0366228
0.0362724
0.0359307
0.0355977
0.0352728
0.0349559
0.0346467
0.0343449
0.0340503
0.0337626
0.0334816
0.033207
0.0329387
0.0326764
0.0324199
0.0321689
0.0319234
0.031683
0.0314476
0.0312169
0.0309908
0.030769
0.0305514
0.0303376
0.0301275
0.0299208
0.0297172
0.0295164
0.0293181
0.0291217
0.0289268
0.0287323
0.0168
0.0167996
0.0167974
0.0167945
0.0167917
0.0167894
0.0167878
0.0167873
0.016788
0.01679
0.0167934
0.0167983
0.0168048
0.0168129
0.0168226
0.016834
0.0168472
0.016862
0.0168784
0.0168965
0.0169163
0.0169376
0.0169604
0.0169847
0.0170103
0.0170373
0.0170655
0.0170948
0.0171252
0.0171565
0.0171887
0.0172216
0.0172551
0.0172891
0.0173236
0.0173583
0.0173931
0.0174279
0.0174627
0.0174972
0.0175313
0.0175655
0.0175997
0.017634
0.0176686
0.0177035
0.0177387
0.0177743
0.0178103
0.0178468
0.0178838
0.0179213
0.0179593
0.0179979
0.018037
0.0180766
0.0181168
0.0181576
0.018199
0.018241
0.0182836
0.0183267
0.0183705
0.0184148
0.0184598
0.0185054
0.0185517
0.0185986
0.0186461
0.0186943
0.0187432
0.0187927
0.018843
0.0188939
0.0189455
0.0189979
0.019051
0.0191048
0.0191594
0.0192147
0.0192709
0.0193278
0.0193855
0.019444
0.0195033
0.0195635
0.0196245
0.0196864
0.0197491
0.0198127
0.0198773
0.0199427
0.0200091
0.0200764
0.0201446
0.0202138
0.0202839
0.0203551
0.0204273
0.0205004
0.0205747
0.02065
0.0207264
0.0208039
0.0208825
0.0209624
0.0210434
0.0211256
0.0212092
0.021294
0.0213802
0.0214678
0.0215568
0.0216473
0.0217393
0.0218329
0.0219281
0.022025
0.0221237
0.0222241
0.0223264
0.0224306
0.0225368
0.0226451
0.0227554
0.022868
0.0229828
0.0230999
0.0232193
0.0233412
0.0234656
0.0235925
0.0237221
0.0238543
0.0239893
0.0241272
0.024268
0.0244118
0.0245586
0.0247086
0.0248618
0.0250183
0.0251781
0.0253414
0.0255082
0.0256786
0.0258526
0.0260305
0.0262121
0.0263976
0.026587
0.0267804
0.0269778
0.0271792
0.0273846
0.0275939
0.027807
0.0280238
0.0282442
0.0284678
0.0141396
0.0141241
0.0140868
0.0140331
0.0139696
0.0139028
0.0138325
0.0137587
0.0136808
0.0135986
0.0135117
0.0134199
0.0133226
0.0132197
0.0131108
0.0129957
0.0128739
0.0127452
0.0126093
0.0124658
0.0123144
0.0121548
0.0119865
0.0118117
0.0116332
0.0114534
0.011275
0.0111004
0.0109323
0.0107729
0.0106243
0.0104887
0.0103677
0.0102628
0.0101755
0.0101067
0.0100575
0.0100282
0.0100194
0.0100311
0.010063
0.0101148
0.0101854
0.0102739
0.0103785
0.0104975
0.0106286
0.0107696
0.0109179
0.0110707
0.0112255
0.0113798
0.0115315
0.0116787
0.01182
0.0119543
0.0120808
0.0121992
0.0123095
0.0124119
0.0125067
0.0125945
0.0126757
0.012751
0.0128209
0.0128862
0.0129472
0.0130045
0.0130585
0.0131096
0.013158
0.0132042
0.0132482
0.0132903
0.0133306
0.0133692
0.0134062
0.0134419
0.013477
0.0135118
0.0135468
0.0135821
0.0136181
0.0136549
0.0136927
0.0137316
0.0137717
0.0138131
0.0138558
0.0138999
0.0139454
0.0139922
0.0140405
0.0140903
0.0141414
0.0141939
0.0142479
0.0143031
0.0143597
0.0144175
0.0144765
0.0145366
0.0145978
0.0146601
0.0147233
0.0147873
0.0148522
0.0149177
0.0149839
0.0150506
0.0151177
0.0151852
0.0152529
0.0153207
0.0153886
0.0154564
0.015524
0.0155913
0.0156581
0.0157245
0.0157901
0.0158551
0.0159191
0.0159821
0.016044
0.0161046
0.0161639
0.0162218
0.0162781
0.0163327
0.0163854
0.0164363
0.0164852
0.0165318
0.0165763
0.0166184
0.016658
0.0166951
0.0167295
0.0167612
0.01679
0.0168158
0.0168384
0.0168579
0.0168742
0.0168876
0.0168981
0.0169059
0.0169112
0.016914
0.0169147
0.0169133
0.01691
0.0169051
0.0168988
0.016891
0.0168822
0.0168725
0.0168627
0.0168518
0.0149787
0.0149462
0.0149148
0.0148845
0.0148555
0.0148278
0.0148013
0.0147761
0.0147521
0.0147294
0.0147079
0.0146875
0.0146683
0.0146502
0.0146332
0.0146171
0.014602
0.0145877
0.0145743
0.0145616
0.0145497
0.0145383
0.0145275
0.0145171
0.0145071
0.0144974
0.0144879
0.0144785
0.0144692
0.0144598
0.0144503
0.0144404
0.0144303
0.0144198
0.014409
0.0143977
0.0143859
0.0143734
0.0143602
0.0143462
0.0143311
0.0143147
0.0142971
0.0142785
0.014259
0.0142388
0.0142186
0.0141989
0.0141807
0.0141653
0.0195474
0.0195657
0.0195836
0.0196017
0.0196203
0.0196397
0.0196601
0.0196815
0.019704
0.0197276
0.0197525
0.0197786
0.0198059
0.0198344
0.0198641
0.0198949
0.0199267
0.0199595
0.0199932
0.0200277
0.0200629
0.0200986
0.0201348
0.0201712
0.0202078
0.0202444
0.0202807
0.0203167
0.0203521
0.0203871
0.0204218
0.0204563
0.0204906
0.0205249
0.0205591
0.0205935
0.0206279
0.0206625
0.0206972
0.0207321
0.0207673
0.0208026
0.0208383
0.0208741
0.0209103
0.0209467
0.0209834
0.0210204
0.0210577
0.0210953
0.0211332
0.0211714
0.0212099
0.0212487
0.0212878
0.0213272
0.021367
0.0214071
0.0214475
0.0214882
0.0215293
0.0215708
0.0216126
0.0216547
0.0216972
0.0217401
0.0217833
0.0218269
0.0218709
0.0219153
0.0219601
0.0220052
0.0220508
0.0220967
0.0221431
0.0221899
0.0222371
0.0222848
0.0223329
0.0223814
0.0224303
0.0224797
0.0225295
0.0225798
0.0226305
0.0226817
0.0227333
0.0227854
0.0228379
0.0228909
0.0229444
0.0229983
0.0230527
0.0231075
0.0231627
0.0232185
0.0232746
0.0233313
0.0233884
0.0234459
0.0235039
0.0235624
0.0236214
0.0236809
0.0237408
0.0238013
0.0238623
0.0239238
0.0239858
0.0240485
0.0241117
0.0241755
0.0242399
0.024305
0.0243707
0.0244372
0.0245044
0.0245723
0.024641
0.0247106
0.024781
0.0248522
0.0249244
0.0249976
0.0250717
0.0251468
0.0252229
0.0253001
0.0253783
0.0254577
0.0255381
0.0256197
0.0257025
0.0257864
0.0258716
0.0259579
0.0260456
0.0261344
0.0262246
0.0263161
0.026409
0.0265032
0.0265988
0.0266958
0.0267944
0.0268944
0.026996
0.0270993
0.0272042
0.0273117
0.0274223
0.0275363
0.0276541
0.0277763
0.0279033
0.0280362
0.028176
0.0283241
0.0284825
0.0286537
0
0
0
0
0
0
0
0.0411617
0.0406899
0.0402313
0.0397855
0.0393519
0.0389301
0.0385197
0.0381203
0.0377314
0.0373527
0.0369839
0.0366246
0.0362746
0.0359334
0.0356008
0.0352765
0.0349603
0.0346518
0.0343509
0.0340574
0.0337709
0.0334913
0.0332183
0.0329519
0.0326917
0.0324377
0.0321897
0.0319475
0.031711
0.0314801
0.0312546
0.0310341
0.0308179
0.0306057
0.0303974
0.0301925
0.0299908
0.0297919
0.0295952
0.0293998
0.0292044
0.0290064
0.0288012
0.00239148
0.00236686
0.00234265
0.00231869
0.0022951
0.0022719
0.0022491
0.0022267
0.00220466
0.00218303
0.0021618
0.00214099
0.00212057
0.00210057
0.00208107
0.00206212
0.00204372
0.00202581
0.00200841
0.00199155
0.00197515
0.00195903
0.00194314
0.00192762
0.00191258
0.00189843
0.00188667
0.00188039
0.00188518
0.0019021
0.00191713
0.00192743
0.00193117
0.00193721
0.00194226
0.00194599
0.00195764
0.00196838
0.00198163
0.00199517
0.00200794
0.00202049
0.00203162
0.00204184
0.00205095
0.00205885
0.00206542
0.00207044
0.00207391
0.00207571
0.00207924
0.00207842
0.00207671
0.00207439
0.00207191
0.00206977
0.00206861
0.00206931
0.00207261
0.00207905
0.00208899
0.00210236
0.00211909
0.00213859
0.00215997
0.00218274
0.0022062
0.00223016
0.00225367
0.00227518
0.00229499
0.00314984
0.00404708
0.00463215
0.00524338
0.00574486
0.0062489
0.00670741
0.00715548
0.00758548
0.00799816
0.00839556
0.00877642
0.00914189
0.00949062
0.0098224
0.0101369
0.0104337
0.0107128
0.0109739
0.0112172
0.0114429
0.0116513
0.011843
0.0120185
0.0121787
0.0123243
0.0124564
0.0125759
0.0126838
0.0127812
0.0128693
0.0129489
0.0130211
0.0130868
0.0131469
0.0132023
0.0132536
0.0133016
0.0133468
0.0133899
0.0134313
0.0134714
0.0135107
0.0135494
0.013588
0.0136266
0.0136656
0.013705
0.0137451
0.0137861
0.0138281
0.0138713
0.0139157
0.0139616
0.0140089
0.0140577
0.0141082
0.0141604
0.0142144
0.0142701
0.0143278
0.0143873
0.0144487
0.014512
0.0145773
0.0146445
0.0147137
0.0147849
0.014858
0.0149329
0.0150097
0.0150883
0.0151686
0.0152507
0.0153344
0.0154198
0.0155066
0.0155949
0.0156845
0.0157754
0.0158674
0.0159605
0.0160546
0.0161495
0.0162452
0.0163415
0.0164383
0.0165355
0.016633
0.0167307
0.0168284
0.016926
0.0170234
0.0171204
0.017217
0.017313
0.0174082
0.0175025
0.0175959
0.0176882
0.0177793
0.017869
0.0179572
0.0180437
0.0181286
0.0182116
0.0182926
0.0183715
0.0184482
0.0185227
0.0185947
0.0186642
0.0187311
0.0187952
0.0188565
0.0189148
0.0189701
0.0190223
0.0190712
0.0191167
0.0191589
0.0191979
0.0192339
0.019267
0.0192973
0.0193249
0.0193502
0.0193733
0.0193943
0.0194135
0.019431
0.0194472
0.0194622
0.0194761
0.0194893
0.0195019
0.0195143
0.0195275
0.0195406
)
;
    }
}


// ************************************************************************* //
