/*--------------------------------*- C++ -*----------------------------------*\
  =========                 |
  \\      /  F ield         | OpenFOAM: The Open Source CFD Toolbox
   \\    /   O peration     | Website:  https://openfoam.org
    \\  /    A nd           | Version:  8
     \\/     M anipulation  |
\*---------------------------------------------------------------------------*/
FoamFile
{
    version     2.0;
    format      ascii;
    class       volScalarField;
    location    "700";
    object      T;
}
// * * * * * * * * * * * * * * * * * * * * * * * * * * * * * * * * * * * * * //

dimensions      [0 0 0 1 0 0 0];

internalField   nonuniform List<scalar> 
8400
(
300.06
300.059
300.06
300.06
300.059
300.057
300.054
300.051
300.048
300.044
300.041
300.038
300.034
300.03
300.025
300.017
300.008
299.998
299.987
299.975
299.965
299.955
299.946
299.939
299.935
299.934
299.936
299.938
299.941
299.943
299.946
299.948
299.952
299.956
299.962
299.968
299.975
299.982
299.989
299.995
300.001
300.006
300.011
300.015
300.018
300.02
300.021
300.022
300.022
300.021
300.077
300.081
300.085
300.09
300.093
300.096
300.098
300.1
300.101
300.101
300.1
300.099
300.096
300.093
300.087
300.081
300.073
300.064
300.054
300.044
300.035
300.026
300.021
300.018
300.018
300.02
300.022
300.025
300.027
300.028
300.028
300.028
300.028
300.029
300.031
300.032
300.033
300.035
300.036
300.037
300.038
300.038
300.038
300.037
300.037
300.035
300.034
300.032
300.03
300.028
300.042
300.046
300.051
300.054
300.056
300.058
300.059
300.06
300.06
300.059
300.057
300.054
300.051
300.047
300.043
300.042
300.042
300.044
300.047
300.047
300.044
300.039
300.034
300.033
300.037
300.04
300.042
300.043
300.044
300.044
300.043
300.043
300.043
300.044
300.045
300.047
300.048
300.049
300.05
300.051
300.051
300.051
300.05
300.049
300.047
300.044
300.041
300.038
300.034
300.03
300.002
300.003
300.002
300.002
300.002
300.001
300.001
300.001
300.001
300.001
300.001
300.001
300.001
300.001
300.001
300.002
300.004
300.009
300.013
300.016
300.016
300.012
300
299.974
300
300.032
300.048
300.058
300.062
300.063
300.056
300.051
300.053
300.054
300.056
300.057
300.059
300.06
300.061
300.062
300.062
300.062
300.061
300.06
300.057
300.054
300.049
300.045
300.039
300.034
300.009
300.01
300.011
300.013
300.015
300.017
300.02
300.023
300.027
300.031
300.037
300.042
300.048
300.055
300.063
300.071
300.08
300.09
300.101
300.112
300.124
300.136
300.144
300.147
300.146
300.143
300.135
300.124
300.112
300.101
300.062
300.059
300.062
300.063
300.064
300.066
300.067
300.068
300.069
300.07
300.07
300.07
300.07
300.068
300.066
300.062
300.058
300.052
300.045
300.038
300.003
300.003
300.002
300.002
300.002
300.001
300.001
300.001
300
300
299.999
299.998
299.998
299.997
299.997
299.998
299.999
300.002
300.007
300.015
300.027
300.044
300.065
300.086
300.105
300.119
300.125
300.124
300.119
300.111
300.1
300.088
300.074
300.068
300.069
300.071
300.071
300.072
300.072
300.073
300.073
300.074
300.074
300.074
300.073
300.07
300.065
300.06
300.052
300.044
300.003
300.004
300.004
300.004
300.004
300.004
300.005
300.005
300.005
300.004
300.004
300.003
300.003
300.002
300.001
300.001
300
300
300
300.001
300.005
300.012
300.024
300.041
300.06
300.078
300.093
300.101
300.105
300.104
300.099
300.09
300.08
300.072
300.066
300.07
300.071
300.071
300.071
300.071
300.072
300.073
300.075
300.076
300.076
300.075
300.072
300.067
300.059
300.051
300.002
300.002
300.002
300.002
300.002
300.003
300.003
300.003
300.003
300.003
300.003
300.003
300.003
300.002
300.002
300.002
300.001
300.001
300
300
300
300.002
300.007
300.017
300.031
300.047
300.063
300.076
300.084
300.089
300.089
300.085
300.079
300.073
300.067
300.065
300.065
300.067
300.067
300.066
300.067
300.07
300.072
300.075
300.077
300.078
300.076
300.072
300.066
300.058
300.001
300.002
300.002
300.002
300.002
300.002
300.002
300.002
300.002
300.003
300.003
300.003
300.003
300.002
300.002
300.002
300.002
300.001
300.001
300
300
300
300.002
300.007
300.015
300.027
300.041
300.054
300.065
300.073
300.077
300.077
300.075
300.071
300.066
300.063
300.062
300.063
300.062
300.062
300.063
300.065
300.069
300.073
300.076
300.079
300.079
300.077
300.072
300.064
300.001
300.001
300.001
300.001
300.001
300.001
300.001
300.002
300.002
300.002
300.002
300.002
300.002
300.002
300.002
300.002
300.002
300.002
300.001
300.001
300
300
300
300.002
300.008
300.016
300.027
300.039
300.05
300.059
300.065
300.068
300.068
300.067
300.065
300.063
300.062
300.061
300.061
300.061
300.061
300.063
300.066
300.071
300.075
300.078
300.08
300.079
300.075
300.07
300
300
300
300
300.001
300.001
300.001
300.001
300.001
300.001
300.001
300.001
300.001
300.001
300.001
300.002
300.002
300.002
300.001
300.001
300.001
300
300
300.001
300.004
300.01
300.019
300.029
300.039
300.048
300.055
300.059
300.062
300.063
300.062
300.062
300.061
300.061
300.061
300.062
300.062
300.064
300.067
300.071
300.075
300.078
300.08
300.08
300.078
300.073
300
300
300
300
300
300
300
300.001
300.001
300.001
300.001
300.001
300.001
300.001
300.001
300.002
300.002
300.002
300.002
300.001
300.001
300
300
300.001
300.003
300.008
300.015
300.023
300.032
300.04
300.047
300.053
300.056
300.058
300.06
300.06
300.061
300.062
300.062
300.063
300.064
300.066
300.069
300.072
300.075
300.078
300.08
300.08
300.079
300.075
300.001
300
300
300
300
300
300
300.001
300.001
300.001
300.001
300.001
300.001
300.001
300.002
300.002
300.002
300.002
300.002
300.001
300.001
300.001
300
300.001
300.003
300.008
300.014
300.021
300.028
300.036
300.042
300.047
300.052
300.055
300.057
300.059
300.061
300.062
300.064
300.065
300.067
300.068
300.071
300.074
300.076
300.079
300.08
300.081
300.079
300.076
300.002
300.001
300.001
300.001
300.001
300.001
300.001
300.001
300.001
300.001
300.001
300.002
300.002
300.002
300.002
300.002
300.002
300.002
300.002
300.002
300.002
300.002
300.003
300.004
300.006
300.01
300.015
300.021
300.027
300.034
300.039
300.044
300.048
300.052
300.055
300.058
300.06
300.062
300.065
300.067
300.068
300.07
300.073
300.075
300.078
300.08
300.081
300.081
300.08
300.077
300.005
300.004
300.004
300.004
300.004
300.004
300.004
300.004
300.005
300.005
300.005
300.006
300.006
300.006
300.006
300.007
300.007
300.007
300.007
300.007
300.007
300.007
300.008
300.009
300.011
300.014
300.018
300.022
300.028
300.033
300.038
300.043
300.047
300.05
300.054
300.057
300.06
300.063
300.066
300.068
300.07
300.072
300.075
300.077
300.079
300.081
300.081
300.081
300.08
300.077
300.011
300.009
300.01
300.01
300.011
300.011
300.012
300.012
300.013
300.014
300.014
300.015
300.015
300.016
300.016
300.016
300.016
300.016
300.016
300.015
300.015
300.016
300.016
300.017
300.018
300.02
300.022
300.026
300.03
300.034
300.038
300.042
300.046
300.05
300.054
300.057
300.06
300.064
300.067
300.069
300.072
300.074
300.076
300.078
300.08
300.081
300.082
300.081
300.08
300.078
300.02
300.019
300.02
300.021
300.022
300.023
300.025
300.026
300.027
300.028
300.029
300.029
300.03
300.03
300.03
300.03
300.03
300.03
300.029
300.029
300.028
300.028
300.027
300.027
300.028
300.028
300.029
300.031
300.034
300.036
300.039
300.043
300.046
300.05
300.054
300.058
300.061
300.065
300.068
300.071
300.073
300.076
300.077
300.079
300.081
300.082
300.082
300.081
300.08
300.077
300.033
300.033
300.034
300.036
300.037
300.039
300.041
300.042
300.044
300.045
300.047
300.048
300.049
300.049
300.05
300.05
300.049
300.049
300.048
300.047
300.046
300.044
300.043
300.042
300.041
300.04
300.04
300.04
300.041
300.042
300.044
300.046
300.049
300.052
300.056
300.059
300.063
300.066
300.069
300.072
300.075
300.077
300.079
300.08
300.081
300.082
300.082
300.081
300.079
300.077
300.039
300.04
300.042
300.045
300.047
300.049
300.052
300.054
300.057
300.059
300.061
300.063
300.064
300.065
300.066
300.067
300.067
300.067
300.066
300.065
300.064
300.062
300.061
300.059
300.057
300.055
300.054
300.052
300.052
300.051
300.052
300.053
300.054
300.055
300.058
300.061
300.065
300.068
300.071
300.074
300.076
300.078
300.08
300.081
300.081
300.081
300.081
300.08
300.078
300.075
300.023
300.025
300.029
300.033
300.037
300.041
300.045
300.049
300.052
300.056
300.059
300.062
300.065
300.067
300.069
300.071
300.072
300.072
300.073
300.072
300.072
300.071
300.07
300.069
300.067
300.066
300.064
300.062
300.061
300.06
300.06
300.059
300.059
300.059
300.06
300.062
300.065
300.068
300.071
300.073
300.075
300.076
300.077
300.077
300.077
300.077
300.076
300.074
300.072
300.069
303.148
303.144
303.141
303.138
303.135
303.132
303.129
303.126
303.123
303.12
303.117
303.114
303.111
303.108
303.105
303.102
303.099
303.096
303.093
303.09
303.088
303.085
303.083
303.08
303.078
303.076
303.074
303.071
303.069
303.067
303.065
303.063
303.061
303.059
303.057
303.055
303.053
303.051
303.049
303.047
303.045
303.043
303.042
303.04
303.038
303.037
303.035
303.034
303.032
303.031
303.15
303.15
303.15
303.15
303.15
303.15
303.149
303.149
303.149
303.149
303.148
303.148
303.148
303.148
303.147
303.147
303.147
303.146
303.146
303.145
303.145
303.144
303.144
303.143
303.142
303.141
303.141
303.14
303.139
303.138
303.137
303.136
303.136
303.135
303.134
303.133
303.132
303.132
303.131
303.13
303.129
303.129
303.128
303.127
303.126
303.126
303.125
303.124
303.123
303.121
303.15
303.15
303.15
303.15
303.15
303.15
303.15
303.15
303.15
303.15
303.15
303.15
303.15
303.15
303.15
303.15
303.15
303.15
303.15
303.15
303.15
303.15
303.149
303.149
303.149
303.149
303.149
303.149
303.149
303.148
303.148
303.148
303.148
303.148
303.147
303.147
303.147
303.147
303.146
303.146
303.146
303.146
303.146
303.145
303.145
303.145
303.145
303.144
303.144
303.144
303.15
303.15
303.15
303.15
303.15
303.15
303.15
303.15
303.15
303.15
303.15
303.15
303.15
303.15
303.15
303.15
303.15
303.15
303.15
303.15
303.15
303.15
303.15
303.15
303.15
303.15
303.15
303.15
303.15
303.15
303.15
303.15
303.15
303.15
303.15
303.15
303.15
303.15
303.15
303.149
303.149
303.149
303.149
303.149
303.149
303.149
303.149
303.149
303.149
303.149
303.15
303.15
303.15
303.15
303.15
303.15
303.15
303.15
303.15
303.15
303.15
303.15
303.15
303.15
303.15
303.15
303.15
303.15
303.15
303.15
303.15
303.15
303.15
303.15
303.15
303.15
303.15
303.15
303.15
303.15
303.15
303.15
303.15
303.15
303.15
303.15
303.15
303.15
303.15
303.15
303.15
303.15
303.15
303.15
303.15
303.15
303.15
303.15
303.15
303.15
303.15
303.15
303.15
303.15
303.15
303.15
303.15
303.15
303.15
303.15
303.15
303.15
303.15
303.15
303.15
303.15
303.15
303.15
303.15
303.15
303.15
303.15
303.15
303.15
303.15
303.15
303.15
303.15
303.15
303.15
303.15
303.15
303.15
303.15
303.15
303.15
303.15
303.15
303.15
303.15
303.15
303.15
303.15
303.15
303.15
303.15
303.15
303.15
303.15
303.15
303.15
303.15
303.15
303.15
303.15
303.15
303.15
303.15
303.15
303.15
303.15
303.15
303.15
303.15
303.15
303.15
303.15
303.15
303.15
303.15
303.15
303.15
303.15
303.15
303.15
303.15
303.15
303.15
303.15
303.15
303.15
303.15
303.15
303.15
303.15
303.15
303.15
303.15
303.15
303.15
303.15
303.15
303.15
303.15
303.15
303.15
303.15
303.15
303.15
303.15
303.15
303.15
303.15
303.15
303.15
303.15
303.15
303.15
303.15
303.15
303.15
303.15
303.15
303.15
303.15
303.15
303.15
303.15
303.15
303.15
303.15
303.15
303.15
303.15
303.15
303.15
303.15
303.15
303.15
303.15
303.15
303.15
303.15
303.15
303.15
303.15
303.15
303.15
303.15
303.15
303.15
303.15
303.15
303.15
303.15
303.15
303.15
303.15
303.15
303.15
303.15
303.15
303.15
303.15
303.15
303.15
303.15
303.15
303.15
303.15
303.15
303.15
303.15
303.15
303.15
303.15
303.15
303.15
303.15
303.15
303.15
303.15
303.15
303.15
303.15
303.15
303.15
303.15
303.15
303.15
303.15
303.15
303.15
303.15
303.15
303.15
303.15
303.15
303.15
303.15
303.15
303.15
303.15
303.15
303.15
303.15
303.15
303.15
303.15
303.15
303.15
303.15
303.15
303.15
303.15
303.15
303.15
303.15
303.15
303.15
303.15
303.15
303.15
303.15
303.15
303.15
303.15
303.15
303.15
303.15
303.15
303.15
303.15
303.15
303.15
303.15
303.15
303.15
303.15
303.15
303.15
303.15
303.15
303.15
303.15
303.15
303.15
303.15
303.15
303.15
303.15
303.15
303.15
303.15
303.15
303.15
303.15
303.15
303.15
303.15
303.15
303.15
303.15
303.15
303.15
303.15
303.15
303.15
303.15
303.15
303.15
303.15
303.15
303.15
303.15
303.15
303.15
303.15
303.15
303.15
303.15
303.15
303.15
303.15
303.15
303.15
303.15
303.15
303.15
303.15
303.15
303.15
303.15
303.15
303.15
303.15
303.15
303.15
303.15
303.15
303.15
303.15
303.15
303.15
303.15
303.15
303.15
303.15
303.15
303.15
303.15
303.15
303.15
303.15
303.15
303.15
303.15
303.15
303.15
303.15
303.15
303.15
303.15
303.15
303.15
303.15
303.15
303.15
303.15
303.15
303.15
303.15
303.15
303.15
303.15
303.15
303.15
303.15
303.15
303.15
303.15
303.15
303.15
303.15
303.15
303.15
303.15
303.15
303.15
303.15
303.15
303.15
303.15
303.15
303.15
303.15
303.15
303.15
303.15
303.15
303.15
303.15
303.15
303.15
303.15
303.15
303.15
303.15
303.15
303.15
303.15
303.15
303.15
303.15
303.15
303.15
303.15
303.15
303.15
303.15
303.15
303.15
303.15
303.15
303.15
303.15
303.15
303.15
303.15
303.15
303.15
303.15
303.15
303.15
303.15
303.15
303.15
303.15
303.15
303.15
303.15
303.15
303.15
303.15
303.15
303.15
303.15
303.15
303.15
303.15
303.15
303.15
303.15
303.15
303.15
303.15
303.15
303.15
303.15
303.15
303.15
303.15
303.15
303.15
303.15
303.15
303.15
303.15
303.15
303.15
303.15
303.15
303.15
303.15
303.15
303.15
303.15
303.15
303.15
303.15
303.15
303.15
303.15
303.15
303.15
303.15
303.15
303.15
303.15
303.15
303.15
303.15
303.15
303.15
303.15
303.15
303.15
303.15
303.15
303.15
303.15
303.15
303.15
303.15
303.15
303.15
303.15
303.15
303.15
303.15
303.15
303.15
303.15
303.15
303.15
303.15
303.15
303.15
303.15
303.15
303.15
303.15
303.15
303.15
303.15
303.15
303.15
303.15
303.15
303.15
303.15
303.15
303.15
303.15
303.15
303.15
303.15
303.15
303.15
303.15
303.15
303.15
303.15
303.15
303.15
303.15
303.15
303.15
303.15
303.15
303.15
303.15
303.15
303.15
303.15
303.15
303.15
303.15
303.15
303.15
303.15
303.15
303.15
303.15
303.15
303.15
303.15
303.15
303.15
303.15
303.15
303.15
303.15
303.15
303.15
303.15
303.15
303.15
303.15
303.15
303.15
303.15
303.15
303.15
303.15
303.15
303.15
303.15
303.15
303.15
303.15
303.15
303.15
303.15
303.15
303.15
303.15
303.15
303.15
303.15
303.15
303.15
303.15
303.15
303.15
303.15
303.15
303.15
303.15
303.15
303.15
303.15
303.15
303.15
303.15
303.15
303.15
303.15
303.15
303.15
303.15
303.15
303.15
303.15
303.15
303.15
303.15
303.15
303.15
303.15
303.15
303.15
303.15
303.15
303.15
303.15
303.15
303.149
303.149
303.149
303.149
303.149
303.149
303.149
303.149
303.149
303.149
303.148
303.148
303.148
303.15
303.15
303.15
303.15
303.15
303.15
303.15
303.15
303.15
303.15
303.15
303.15
303.15
303.15
303.15
303.15
303.15
303.15
303.15
303.15
303.15
303.15
303.149
303.149
303.149
303.149
303.149
303.149
303.149
303.148
303.148
303.148
303.148
303.147
303.147
303.147
303.147
303.146
303.146
303.146
303.145
303.145
303.145
303.144
303.144
303.143
303.143
303.142
303.142
303.141
303.15
303.15
303.15
303.15
303.15
303.15
303.149
303.149
303.149
303.149
303.149
303.148
303.148
303.148
303.147
303.147
303.147
303.146
303.146
303.145
303.145
303.144
303.144
303.143
303.142
303.141
303.14
303.139
303.139
303.138
303.137
303.136
303.135
303.134
303.133
303.132
303.132
303.131
303.13
303.129
303.128
303.127
303.126
303.125
303.123
303.122
303.121
303.12
303.118
303.117
303.148
303.144
303.141
303.138
303.135
303.132
303.129
303.126
303.123
303.12
303.117
303.114
303.111
303.108
303.105
303.102
303.099
303.096
303.093
303.091
303.088
303.085
303.083
303.08
303.078
303.076
303.074
303.072
303.069
303.067
303.065
303.063
303.061
303.059
303.057
303.055
303.053
303.051
303.049
303.047
303.045
303.043
303.041
303.039
303.037
303.035
303.033
303.031
303.029
303.027
302.359
302.586
302.534
302.295
301.877
301.281
300.538
299.705
298.849
298.026
297.278
296.626
296.078
295.63
295.272
294.993
294.778
294.618
294.503
294.422
302.532
302.664
302.538
302.246
301.776
301.135
300.361
299.513
298.659
297.85
297.124
296.499
295.978
295.555
295.22
294.96
294.762
294.615
294.508
294.43
302.772
302.711
302.526
302.185
301.666
300.98
300.172
299.309
298.454
297.66
296.957
296.358
295.865
295.469
295.159
294.92
294.741
294.608
294.513
294.44
302.823
302.723
302.505
302.121
301.55
300.815
299.97
299.088
298.233
297.452
296.772
296.201
295.737
295.369
295.085
294.87
294.711
294.596
294.514
294.45
302.842
302.73
302.484
302.052
301.425
300.636
299.751
298.848
297.991
297.223
296.565
296.023
295.59
295.253
294.997
294.808
294.671
294.575
294.509
294.458
302.856
302.736
302.46
301.978
301.289
300.441
299.512
298.585
297.725
296.969
296.336
295.823
295.422
295.118
294.893
294.731
294.619
294.544
294.495
294.461
302.869
302.74
302.432
301.896
301.14
300.227
299.251
298.298
297.434
296.692
296.083
295.602
295.235
294.965
294.772
294.64
294.554
294.501
294.474
294.455
302.879
302.742
302.401
301.804
300.975
299.993
298.966
297.987
297.119
296.391
295.809
295.362
295.032
294.798
294.639
294.536
294.476
294.447
294.446
294.432
302.889
302.743
302.365
301.703
300.795
299.74
298.66
297.654
296.783
296.073
295.52
295.11
294.819
294.623
294.498
294.424
294.391
294.386
294.41
294.412
302.896
302.742
302.324
301.592
300.599
299.468
298.334
297.304
296.434
295.745
295.226
294.856
294.607
294.449
294.358
294.312
294.304
294.322
294.367
294.39
302.903
302.739
302.278
301.471
300.391
299.182
297.996
296.945
296.082
295.418
294.939
294.613
294.408
294.289
294.23
294.209
294.222
294.258
294.336
294.37
302.908
302.734
302.228
301.343
300.173
298.887
297.653
296.587
295.737
295.107
294.672
294.395
294.235
294.154
294.124
294.125
294.153
294.199
294.299
294.351
302.912
302.728
302.174
301.21
299.949
298.589
297.315
296.242
295.414
294.824
294.438
294.213
294.098
294.054
294.049
294.066
294.104
294.148
294.264
294.335
302.916
302.719
302.118
301.073
299.725
298.298
296.991
295.921
295.124
294.581
294.249
294.075
294.004
293.991
294.006
294.035
294.076
294.11
294.231
294.321
302.919
302.71
302.06
300.937
299.507
298.021
296.693
295.637
294.878
294.386
294.109
293.983
293.949
293.961
293.991
294.026
294.065
294.095
294.206
294.311
302.921
302.7
302.003
300.806
299.301
297.767
296.429
295.397
294.682
294.243
294.016
293.932
293.926
293.956
293.996
294.032
294.067
294.09
294.192
294.307
302.923
302.689
301.949
300.683
299.113
297.545
296.209
295.207
294.539
294.149
293.964
293.911
293.925
293.965
294.01
294.047
294.078
294.094
294.19
294.309
302.924
302.679
301.899
300.573
298.951
297.361
296.037
295.07
294.447
294.098
293.944
293.91
293.933
293.979
294.028
294.065
294.096
294.106
294.198
294.317
302.925
302.67
301.856
300.481
298.818
297.221
295.918
294.988
294.4
294.079
293.943
293.919
293.947
293.994
294.044
294.085
294.117
294.125
294.211
294.329
302.927
302.663
301.822
300.412
298.731
297.136
295.853
294.948
294.382
294.078
293.952
293.931
293.961
294.009
294.06
294.104
294.137
294.144
294.223
294.34
302.928
302.66
301.808
300.383
298.692
297.1
295.83
294.939
294.386
294.089
293.966
293.946
293.975
294.023
294.075
294.121
294.154
294.165
294.232
294.351
302.931
302.668
301.821
300.397
298.704
297.113
295.846
294.96
294.409
294.112
293.986
293.962
293.988
294.035
294.09
294.138
294.172
294.183
294.241
294.36
302.935
302.687
301.863
300.457
298.77
297.176
295.904
295.011
294.452
294.146
294.012
293.98
294.002
294.047
294.103
294.156
294.194
294.215
294.251
294.37
302.941
302.716
301.932
300.563
298.892
297.293
296.007
295.096
294.519
294.195
294.046
294.003
294.017
294.059
294.115
294.171
294.217
294.247
294.265
294.38
302.948
302.754
302.026
300.716
299.073
297.47
296.16
295.219
294.612
294.262
294.092
294.032
294.036
294.071
294.125
294.185
294.237
294.274
294.284
294.39
302.955
302.798
302.14
300.911
299.313
297.71
296.37
295.389
294.741
294.355
294.154
294.073
294.061
294.087
294.136
294.196
294.254
294.298
294.308
294.399
302.962
302.845
302.269
301.143
299.613
298.02
296.648
295.615
294.914
294.481
294.241
294.131
294.099
294.111
294.151
294.207
294.268
294.319
294.344
294.408
302.968
302.891
302.405
301.402
299.967
298.402
297
295.91
295.145
294.653
294.364
294.215
294.155
294.149
294.176
294.225
294.284
294.34
294.384
294.414
302.973
302.936
302.54
301.675
300.364
298.854
297.436
296.287
295.449
294.886
294.536
294.338
294.241
294.208
294.218
294.255
294.309
294.365
294.409
294.419
302.976
302.975
302.667
301.948
300.789
299.369
297.958
296.759
295.844
295.201
294.778
294.518
294.372
294.304
294.288
294.309
294.353
294.404
294.447
294.422
302.977
303.008
302.78
302.205
301.219
299.928
298.561
297.331
296.346
295.618
295.112
294.778
294.571
294.455
294.404
294.401
294.428
294.472
294.522
294.569
302.976
303.034
302.875
302.435
301.631
300.504
299.225
298
296.962
296.155
295.563
295.147
294.866
294.689
294.591
294.553
294.556
294.585
294.63
294.695
302.974
303.053
302.951
302.629
302.003
301.063
299.918
298.744
297.687
296.82
296.149
295.65
295.29
295.042
294.884
294.798
294.765
294.769
294.801
294.865
302.97
303.067
303.008
302.783
302.317
301.572
300.598
299.526
298.497
297.602
296.874
296.303
295.866
295.542
295.315
295.17
295.089
295.053
295.051
295.091
302.966
303.075
303.05
302.9
302.569
302.007
301.222
300.296
299.345
298.468
297.716
297.097
296.6
296.207
295.909
295.694
295.548
295.451
295.393
295.386
302.961
303.08
303.079
302.985
302.758
302.354
301.754
301
300.173
299.362
298.629
297.998
297.467
297.026
296.664
296.377
296.153
295.975
295.835
295.762
302.955
303.081
303.098
303.043
302.894
302.614
302.178
301.599
300.921
300.218
299.546
298.942
298.413
297.952
297.551
297.201
296.896
296.623
296.379
296.226
302.95
303.081
303.109
303.082
302.989
302.802
302.498
302.072
301.549
300.975
300.397
299.854
299.361
298.915
298.504
298.117
297.745
297.375
297.017
296.775
302.944
303.08
303.116
303.107
303.052
302.933
302.729
302.43
302.044
301.596
301.126
300.666
300.235
299.83
299.44
299.047
298.636
298.191
297.728
297.401
302.939
303.078
303.119
303.122
303.092
303.02
302.889
302.689
302.417
302.086
301.722
301.35
300.987
300.638
300.289
299.919
299.504
299.02
298.484
298.091
302.934
303.075
303.12
303.131
303.117
303.075
302.995
302.867
302.685
302.453
302.185
301.898
301.609
301.322
301.027
300.701
300.313
299.83
299.259
298.823
302.93
303.073
303.12
303.136
303.131
303.108
303.062
302.984
302.869
302.714
302.527
302.318
302.099
301.875
301.638
301.366
301.028
300.579
300.019
299.571
302.926
303.07
303.119
303.138
303.139
303.128
303.103
303.058
302.988
302.89
302.766
302.622
302.465
302.297
302.115
301.901
301.623
301.236
300.728
300.301
302.922
303.068
303.118
303.139
303.143
303.139
303.126
303.101
303.061
303.002
302.925
302.831
302.723
302.605
302.472
302.31
302.095
301.784
301.357
300.978
302.918
303.065
303.117
303.139
303.145
303.144
303.138
303.125
303.104
303.07
303.025
302.966
302.897
302.817
302.724
302.608
302.449
302.214
301.88
301.566
302.915
303.063
303.116
303.139
303.146
303.147
303.144
303.138
303.127
303.109
303.084
303.05
303.007
302.956
302.893
302.814
302.701
302.533
302.287
302.04
302.913
303.061
303.115
303.139
303.147
303.148
303.147
303.145
303.139
303.13
303.117
303.098
303.073
303.041
303.001
302.947
302.87
302.753
302.58
302.389
302.91
303.06
303.114
303.138
303.147
303.149
303.149
303.148
303.145
303.141
303.134
303.124
303.11
303.091
303.065
303.03
302.977
302.896
302.773
302.622
302.908
303.058
303.113
303.138
303.147
303.149
303.149
303.149
303.148
303.146
303.143
303.137
303.13
303.118
303.102
303.078
303.04
302.98
302.887
302.759
302.907
303.057
303.112
303.138
303.146
303.149
303.15
303.15
303.149
303.148
303.147
303.144
303.14
303.133
303.122
303.104
303.074
303.025
302.947
302.83
302.905
303.056
303.112
303.137
303.146
303.149
303.15
303.15
303.15
303.149
303.148
303.147
303.144
303.14
303.132
303.118
303.092
303.048
302.976
302.862
302.904
303.055
303.111
303.137
303.146
303.149
303.15
303.15
303.15
303.15
303.149
303.148
303.147
303.144
303.137
303.125
303.102
303.06
302.99
302.877
302.903
303.054
303.111
303.137
303.146
303.149
303.15
303.15
303.15
303.15
303.15
303.149
303.148
303.145
303.14
303.129
303.107
303.066
302.996
302.884
302.903
303.054
303.11
303.137
303.146
303.149
303.15
303.15
303.15
303.15
303.15
303.149
303.149
303.146
303.142
303.131
303.11
303.07
303.001
302.889
302.902
303.054
303.11
303.137
303.146
303.149
303.15
303.15
303.15
303.15
303.15
303.15
303.149
303.147
303.143
303.133
303.112
303.072
303.003
302.892
302.902
303.053
303.11
303.137
303.146
303.149
303.15
303.15
303.15
303.15
303.15
303.15
303.149
303.147
303.143
303.134
303.114
303.074
303.005
302.894
302.902
303.053
303.11
303.137
303.146
303.149
303.15
303.15
303.15
303.15
303.15
303.15
303.149
303.148
303.144
303.135
303.115
303.075
303.007
302.896
302.902
303.053
303.11
303.137
303.146
303.149
303.15
303.15
303.15
303.15
303.15
303.15
303.149
303.148
303.144
303.135
303.115
303.076
303.008
302.898
302.902
303.053
303.11
303.137
303.146
303.149
303.15
303.15
303.15
303.15
303.15
303.15
303.149
303.148
303.144
303.136
303.116
303.077
303.009
302.899
302.903
303.053
303.11
303.137
303.146
303.149
303.15
303.15
303.15
303.15
303.15
303.15
303.149
303.148
303.145
303.136
303.117
303.078
303.01
302.901
302.903
303.053
303.11
303.137
303.146
303.149
303.15
303.15
303.15
303.15
303.15
303.15
303.149
303.148
303.145
303.136
303.117
303.078
303.011
302.902
302.904
303.054
303.11
303.137
303.146
303.149
303.15
303.15
303.15
303.15
303.15
303.15
303.149
303.148
303.145
303.136
303.117
303.079
303.012
302.903
302.905
303.054
303.11
303.137
303.146
303.149
303.15
303.15
303.15
303.15
303.15
303.15
303.149
303.148
303.145
303.137
303.118
303.079
303.012
302.904
302.905
303.054
303.111
303.137
303.146
303.149
303.15
303.15
303.15
303.15
303.15
303.15
303.149
303.148
303.145
303.137
303.118
303.08
303.013
302.905
302.906
303.055
303.111
303.137
303.146
303.149
303.15
303.15
303.15
303.15
303.15
303.15
303.149
303.148
303.145
303.137
303.118
303.08
303.013
302.905
302.907
303.055
303.111
303.137
303.146
303.149
303.15
303.15
303.15
303.15
303.15
303.15
303.149
303.148
303.145
303.137
303.118
303.08
303.013
302.906
302.908
303.056
303.112
303.138
303.147
303.149
303.15
303.15
303.15
303.15
303.15
303.15
303.149
303.148
303.145
303.137
303.118
303.08
303.014
302.907
302.909
303.057
303.112
303.138
303.147
303.149
303.15
303.15
303.15
303.15
303.15
303.15
303.15
303.148
303.145
303.137
303.118
303.081
303.014
302.908
302.91
303.057
303.112
303.138
303.147
303.149
303.15
303.15
303.15
303.15
303.15
303.15
303.15
303.148
303.145
303.137
303.119
303.081
303.014
302.908
302.911
303.058
303.113
303.138
303.147
303.149
303.15
303.15
303.15
303.15
303.15
303.15
303.15
303.148
303.145
303.137
303.119
303.081
303.014
302.909
302.913
303.059
303.113
303.138
303.147
303.149
303.15
303.15
303.15
303.15
303.15
303.15
303.15
303.148
303.145
303.137
303.119
303.081
303.014
302.909
302.914
303.06
303.114
303.139
303.147
303.149
303.15
303.15
303.15
303.15
303.15
303.15
303.15
303.148
303.145
303.137
303.119
303.081
303.014
302.91
302.915
303.06
303.114
303.139
303.147
303.149
303.15
303.15
303.15
303.15
303.15
303.15
303.15
303.149
303.145
303.138
303.119
303.081
303.015
302.911
302.916
303.061
303.115
303.139
303.147
303.149
303.15
303.15
303.15
303.15
303.15
303.15
303.15
303.149
303.146
303.138
303.119
303.081
303.015
302.911
302.917
303.062
303.115
303.139
303.147
303.149
303.15
303.15
303.15
303.15
303.15
303.15
303.15
303.149
303.146
303.138
303.119
303.081
303.015
302.912
302.919
303.062
303.115
303.139
303.147
303.149
303.15
303.15
303.15
303.15
303.15
303.15
303.15
303.149
303.146
303.138
303.119
303.081
303.015
302.912
302.92
303.063
303.116
303.139
303.147
303.149
303.15
303.15
303.15
303.15
303.15
303.15
303.15
303.149
303.146
303.138
303.119
303.082
303.015
302.913
302.921
303.064
303.116
303.139
303.147
303.149
303.15
303.15
303.15
303.15
303.15
303.15
303.15
303.149
303.146
303.138
303.12
303.082
303.016
302.914
302.922
303.064
303.116
303.14
303.147
303.149
303.15
303.15
303.15
303.15
303.15
303.15
303.15
303.149
303.146
303.138
303.12
303.082
303.016
302.915
302.924
303.065
303.117
303.14
303.147
303.149
303.15
303.15
303.15
303.15
303.15
303.15
303.15
303.149
303.146
303.138
303.12
303.083
303.017
302.915
302.925
303.066
303.117
303.14
303.147
303.149
303.15
303.15
303.15
303.15
303.15
303.15
303.15
303.149
303.146
303.138
303.121
303.083
303.017
302.916
302.926
303.066
303.117
303.14
303.147
303.149
303.15
303.15
303.15
303.15
303.15
303.15
303.15
303.149
303.146
303.139
303.121
303.084
303.018
302.917
302.927
303.067
303.118
303.14
303.147
303.149
303.15
303.15
303.15
303.15
303.15
303.15
303.15
303.149
303.146
303.139
303.121
303.084
303.019
302.918
302.929
303.068
303.118
303.14
303.147
303.149
303.15
303.15
303.15
303.15
303.15
303.15
303.15
303.149
303.146
303.139
303.122
303.085
303.02
302.919
302.93
303.068
303.118
303.14
303.147
303.149
303.15
303.15
303.15
303.15
303.15
303.15
303.15
303.149
303.146
303.139
303.122
303.086
303.02
302.92
302.931
303.069
303.118
303.14
303.148
303.149
303.15
303.15
303.15
303.15
303.15
303.15
303.15
303.149
303.146
303.139
303.123
303.087
303.021
302.921
302.932
303.069
303.119
303.14
303.148
303.149
303.15
303.15
303.15
303.15
303.15
303.15
303.15
303.149
303.146
303.14
303.123
303.087
303.022
302.922
302.933
303.07
303.119
303.141
303.148
303.149
303.15
303.15
303.15
303.15
303.15
303.15
303.15
303.149
303.147
303.14
303.124
303.088
303.023
302.923
302.935
303.071
303.119
303.141
303.148
303.149
303.15
303.15
303.15
303.15
303.15
303.15
303.15
303.149
303.147
303.14
303.124
303.089
303.025
302.924
302.936
303.071
303.12
303.141
303.148
303.149
303.15
303.15
303.15
303.15
303.15
303.15
303.15
303.149
303.147
303.141
303.125
303.09
303.026
302.925
302.937
303.072
303.12
303.141
303.148
303.149
303.15
303.15
303.15
303.15
303.15
303.15
303.15
303.149
303.147
303.141
303.125
303.091
303.027
302.925
302.938
303.073
303.12
303.141
303.148
303.149
303.15
303.15
303.15
303.15
303.15
303.15
303.15
303.149
303.147
303.141
303.126
303.092
303.028
302.926
302.939
303.073
303.121
303.141
303.148
303.149
303.15
303.15
303.15
303.15
303.15
303.15
303.15
303.149
303.147
303.141
303.127
303.093
303.029
302.927
302.941
303.074
303.121
303.141
303.148
303.149
303.15
303.15
303.15
303.15
303.15
303.15
303.15
303.149
303.147
303.142
303.127
303.094
303.03
302.928
302.942
303.074
303.121
303.141
303.148
303.15
303.15
303.15
303.15
303.15
303.15
303.15
303.15
303.149
303.147
303.142
303.128
303.096
303.032
302.928
302.943
303.075
303.121
303.141
303.148
303.15
303.15
303.15
303.15
303.15
303.15
303.15
303.15
303.149
303.147
303.142
303.128
303.097
303.033
302.929
302.944
303.076
303.122
303.142
303.148
303.15
303.15
303.15
303.15
303.15
303.15
303.15
303.15
303.149
303.148
303.142
303.129
303.098
303.034
302.93
302.945
303.076
303.122
303.142
303.148
303.15
303.15
303.15
303.15
303.15
303.15
303.15
303.15
303.149
303.148
303.143
303.13
303.099
303.036
302.93
302.946
303.077
303.122
303.142
303.148
303.15
303.15
303.15
303.15
303.15
303.15
303.15
303.15
303.149
303.148
303.143
303.13
303.1
303.037
302.931
302.948
303.077
303.123
303.142
303.148
303.15
303.15
303.15
303.15
303.15
303.15
303.15
303.15
303.149
303.148
303.143
303.131
303.101
303.039
302.931
302.949
303.078
303.123
303.142
303.148
303.15
303.15
303.15
303.15
303.15
303.15
303.15
303.15
303.149
303.148
303.143
303.131
303.102
303.04
302.932
302.95
303.079
303.123
303.142
303.148
303.15
303.15
303.15
303.15
303.15
303.15
303.15
303.15
303.149
303.148
303.144
303.132
303.103
303.042
302.932
302.951
303.079
303.124
303.142
303.148
303.15
303.15
303.15
303.15
303.15
303.15
303.15
303.15
303.149
303.148
303.144
303.132
303.104
303.043
302.933
302.952
303.08
303.124
303.142
303.148
303.15
303.15
303.15
303.15
303.15
303.15
303.15
303.15
303.149
303.148
303.144
303.132
303.105
303.045
302.934
302.954
303.081
303.124
303.142
303.148
303.15
303.15
303.15
303.15
303.15
303.15
303.15
303.15
303.149
303.148
303.144
303.133
303.105
303.046
302.934
302.955
303.081
303.124
303.142
303.148
303.15
303.15
303.15
303.15
303.15
303.15
303.15
303.15
303.15
303.148
303.144
303.133
303.106
303.048
302.935
302.956
303.082
303.125
303.143
303.148
303.15
303.15
303.15
303.15
303.15
303.15
303.15
303.15
303.15
303.148
303.145
303.134
303.107
303.049
302.936
302.957
303.082
303.125
303.143
303.148
303.15
303.15
303.15
303.15
303.15
303.15
303.15
303.15
303.15
303.148
303.145
303.134
303.108
303.051
302.937
302.959
303.083
303.125
303.143
303.148
303.15
303.15
303.15
303.15
303.15
303.15
303.15
303.15
303.15
303.148
303.145
303.135
303.109
303.052
302.938
302.96
303.084
303.126
303.143
303.148
303.15
303.15
303.15
303.15
303.15
303.15
303.15
303.15
303.15
303.149
303.145
303.135
303.11
303.054
302.939
302.961
303.084
303.126
303.143
303.148
303.15
303.15
303.15
303.15
303.15
303.15
303.15
303.15
303.15
303.149
303.145
303.135
303.11
303.055
302.94
302.963
303.085
303.127
303.143
303.148
303.15
303.15
303.15
303.15
303.15
303.15
303.15
303.15
303.15
303.149
303.145
303.136
303.111
303.057
302.94
302.964
303.086
303.127
303.143
303.148
303.15
303.15
303.15
303.15
303.15
303.15
303.15
303.15
303.15
303.149
303.146
303.136
303.112
303.058
302.941
302.965
303.087
303.127
303.144
303.148
303.15
303.15
303.15
303.15
303.15
303.15
303.15
303.15
303.15
303.149
303.146
303.136
303.113
303.06
302.942
302.967
303.088
303.128
303.144
303.149
303.15
303.15
303.15
303.15
303.15
303.15
303.15
303.15
303.15
303.149
303.146
303.137
303.113
303.061
302.944
302.968
303.089
303.128
303.144
303.149
303.15
303.15
303.15
303.15
303.15
303.15
303.15
303.15
303.15
303.149
303.146
303.137
303.114
303.062
302.945
302.97
303.089
303.129
303.144
303.149
303.15
303.15
303.15
303.15
303.15
303.15
303.15
303.15
303.15
303.149
303.146
303.137
303.115
303.064
302.947
302.971
303.09
303.129
303.144
303.149
303.15
303.15
303.15
303.15
303.15
303.15
303.15
303.15
303.15
303.149
303.146
303.138
303.115
303.065
302.948
302.973
303.091
303.129
303.144
303.149
303.15
303.15
303.15
303.15
303.15
303.15
303.15
303.15
303.15
303.149
303.146
303.138
303.116
303.066
302.95
302.974
303.092
303.13
303.144
303.149
303.15
303.15
303.15
303.15
303.15
303.15
303.15
303.15
303.15
303.149
303.146
303.138
303.117
303.068
302.952
302.975
303.093
303.13
303.145
303.149
303.15
303.15
303.15
303.15
303.15
303.15
303.15
303.15
303.15
303.149
303.147
303.139
303.117
303.069
302.953
302.977
303.093
303.131
303.145
303.149
303.15
303.15
303.15
303.15
303.15
303.15
303.15
303.15
303.15
303.149
303.147
303.139
303.118
303.071
302.955
302.978
303.094
303.131
303.145
303.149
303.15
303.15
303.15
303.15
303.15
303.15
303.15
303.15
303.15
303.149
303.147
303.139
303.119
303.072
302.956
302.98
303.095
303.132
303.145
303.149
303.15
303.15
303.15
303.15
303.15
303.15
303.15
303.15
303.15
303.149
303.147
303.139
303.119
303.074
302.957
302.981
303.096
303.132
303.145
303.149
303.15
303.15
303.15
303.15
303.15
303.15
303.15
303.15
303.15
303.149
303.147
303.14
303.12
303.076
302.958
302.983
303.097
303.132
303.145
303.149
303.15
303.15
303.15
303.15
303.15
303.15
303.15
303.15
303.15
303.149
303.147
303.14
303.121
303.078
302.959
302.984
303.097
303.133
303.146
303.149
303.15
303.15
303.15
303.15
303.15
303.15
303.15
303.15
303.15
303.149
303.147
303.14
303.121
303.079
302.96
302.985
303.098
303.133
303.146
303.149
303.15
303.15
303.15
303.15
303.15
303.15
303.15
303.15
303.15
303.149
303.147
303.14
303.122
303.08
302.962
302.987
303.099
303.134
303.146
303.149
303.15
303.15
303.15
303.15
303.15
303.15
303.15
303.15
303.15
303.149
303.147
303.141
303.122
303.082
302.964
302.988
303.1
303.134
303.146
303.149
303.15
303.15
303.15
303.15
303.15
303.15
303.15
303.15
303.15
303.149
303.147
303.141
303.123
303.083
302.965
302.99
303.101
303.134
303.146
303.149
303.15
303.15
303.15
303.15
303.15
303.15
303.15
303.15
303.15
303.149
303.147
303.141
303.123
303.083
302.967
302.991
303.102
303.135
303.146
303.149
303.15
303.15
303.15
303.15
303.15
303.15
303.15
303.15
303.15
303.149
303.148
303.141
303.124
303.084
302.969
302.992
303.102
303.135
303.146
303.149
303.15
303.15
303.15
303.15
303.15
303.15
303.15
303.15
303.15
303.149
303.148
303.142
303.124
303.085
302.971
302.994
303.103
303.136
303.147
303.149
303.15
303.15
303.15
303.15
303.15
303.15
303.15
303.15
303.15
303.149
303.148
303.142
303.125
303.086
302.972
302.995
303.104
303.136
303.147
303.149
303.15
303.15
303.15
303.15
303.15
303.15
303.15
303.15
303.15
303.149
303.148
303.142
303.125
303.087
302.974
302.996
303.105
303.136
303.147
303.149
303.15
303.15
303.15
303.15
303.15
303.15
303.15
303.15
303.15
303.149
303.148
303.142
303.126
303.088
302.976
302.998
303.106
303.137
303.147
303.149
303.15
303.15
303.15
303.15
303.15
303.15
303.15
303.15
303.15
303.149
303.148
303.142
303.126
303.089
302.978
302.999
303.107
303.137
303.147
303.149
303.15
303.15
303.15
303.15
303.15
303.15
303.15
303.15
303.15
303.149
303.148
303.143
303.127
303.09
302.98
303.001
303.107
303.138
303.147
303.149
303.15
303.15
303.15
303.15
303.15
303.15
303.15
303.15
303.15
303.15
303.148
303.143
303.128
303.091
302.982
303.002
303.108
303.138
303.147
303.15
303.15
303.15
303.15
303.15
303.15
303.15
303.15
303.15
303.15
303.15
303.148
303.143
303.128
303.092
302.984
303.003
303.109
303.138
303.147
303.15
303.15
303.15
303.15
303.15
303.15
303.15
303.15
303.15
303.15
303.15
303.148
303.143
303.129
303.093
302.986
303.005
303.11
303.139
303.148
303.15
303.15
303.15
303.15
303.15
303.15
303.15
303.15
303.15
303.15
303.15
303.148
303.144
303.129
303.094
302.988
303.006
303.111
303.139
303.148
303.15
303.15
303.15
303.15
303.15
303.15
303.15
303.15
303.15
303.15
303.15
303.148
303.144
303.13
303.095
302.99
303.008
303.112
303.14
303.148
303.15
303.15
303.15
303.15
303.15
303.15
303.15
303.15
303.15
303.15
303.15
303.148
303.144
303.13
303.096
302.992
303.009
303.113
303.14
303.148
303.15
303.15
303.15
303.15
303.15
303.15
303.15
303.15
303.15
303.15
303.15
303.148
303.144
303.131
303.097
302.994
303.011
303.113
303.14
303.148
303.15
303.15
303.15
303.15
303.15
303.15
303.15
303.15
303.15
303.15
303.15
303.149
303.144
303.131
303.098
302.996
303.013
303.114
303.14
303.148
303.15
303.15
303.15
303.15
303.15
303.15
303.15
303.15
303.15
303.15
303.15
303.149
303.145
303.132
303.099
302.998
303.014
303.115
303.141
303.148
303.15
303.15
303.15
303.15
303.15
303.15
303.15
303.15
303.15
303.15
303.15
303.149
303.145
303.132
303.1
303
303.016
303.115
303.141
303.148
303.15
303.15
303.15
303.15
303.15
303.15
303.15
303.15
303.15
303.15
303.15
303.149
303.145
303.133
303.101
303.002
303.018
303.116
303.141
303.148
303.15
303.15
303.15
303.15
303.15
303.15
303.15
303.15
303.15
303.15
303.15
303.149
303.145
303.133
303.102
303.004
303.02
303.117
303.142
303.148
303.15
303.15
303.15
303.15
303.15
303.15
303.15
303.15
303.15
303.15
303.15
303.149
303.145
303.134
303.103
303.006
303.022
303.118
303.142
303.148
303.15
303.15
303.15
303.15
303.15
303.15
303.15
303.15
303.15
303.15
303.15
303.149
303.146
303.135
303.104
303.008
303.023
303.118
303.142
303.149
303.15
303.15
303.15
303.15
303.15
303.15
303.15
303.15
303.15
303.15
303.15
303.149
303.146
303.135
303.106
303.01
303.025
303.119
303.142
303.149
303.15
303.15
303.15
303.15
303.15
303.15
303.15
303.15
303.15
303.15
303.15
303.149
303.146
303.136
303.107
303.012
303.026
303.12
303.143
303.149
303.15
303.15
303.15
303.15
303.15
303.15
303.15
303.15
303.15
303.15
303.15
303.149
303.146
303.136
303.108
303.014
303.027
303.12
303.143
303.149
303.15
303.15
303.15
303.15
303.15
303.15
303.15
303.15
303.15
303.15
303.15
303.149
303.147
303.137
303.109
303.016
303.028
303.12
303.143
303.149
303.15
303.15
303.15
303.15
303.15
303.15
303.15
303.15
303.15
303.15
303.15
303.149
303.147
303.138
303.111
303.019
303.029
303.119
303.143
303.149
303.15
303.15
303.15
303.15
303.15
303.15
303.15
303.15
303.15
303.15
303.15
303.149
303.147
303.139
303.112
303.021
303.029
303.119
303.144
303.149
303.15
303.15
303.15
303.15
303.15
303.15
303.15
303.15
303.15
303.15
303.15
303.149
303.147
303.139
303.113
303.023
303.03
303.119
303.144
303.149
303.15
303.15
303.15
303.15
303.15
303.15
303.15
303.15
303.15
303.15
303.15
303.15
303.148
303.14
303.115
303.025
300.066
300.072
300.074
300.074
300.074
300.073
300.072
300.071
300.069
300.066
300.061
300.055
300.048
300.041
300.035
300.031
300.029
300.027
300.025
300.02
300.063
300.068
300.07
300.07
300.069
300.068
300.067
300.065
300.062
300.058
300.051
300.043
300.036
300.03
300.026
300.024
300.023
300.023
300.023
300.018
300.059
300.064
300.065
300.065
300.064
300.062
300.06
300.057
300.053
300.047
300.039
300.03
300.023
300.019
300.017
300.017
300.018
300.019
300.02
300.017
300.054
300.059
300.059
300.058
300.056
300.054
300.051
300.047
300.041
300.034
300.025
300.017
300.011
300.009
300.008
300.01
300.013
300.015
300.018
300.015
300.049
300.052
300.052
300.05
300.048
300.044
300.04
300.035
300.029
300.021
300.012
300.004
299.998
299.996
299.997
300.001
300.006
300.011
300.014
300.012
300.042
300.045
300.044
300.042
300.038
300.034
300.03
300.025
300.019
300.009
299.995
299.982
299.973
299.972
299.977
299.986
299.996
300.004
300.01
300.009
300.033
300.036
300.035
300.032
300.029
300.025
300.021
300.016
300.006
299.986
299.959
299.938
299.928
299.932
299.945
299.963
299.98
299.993
300.003
300.005
300.023
300.026
300.026
300.024
300.021
300.017
300.012
300.002
299.976
299.933
299.889
299.861
299.855
299.87
299.898
299.929
299.957
299.978
299.994
299.999
300.012
300.017
300.018
300.016
300.012
300.006
299.995
299.969
299.909
299.836
299.778
299.75
299.754
299.787
299.835
299.885
299.927
299.959
299.981
299.991
300.001
300.009
300.01
300.007
300
299.986
299.957
299.894
299.793
299.698
299.634
299.611
299.631
299.687
299.761
299.833
299.892
299.934
299.965
299.981
299.992
300.002
300.001
299.994
299.979
299.949
299.889
299.776
299.644
299.538
299.473
299.456
299.494
299.576
299.68
299.777
299.853
299.907
299.945
299.968
299.983
299.994
299.989
299.974
299.944
299.889
299.791
299.635
299.489
299.38
299.313
299.302
299.356
299.465
299.599
299.721
299.813
299.878
299.925
299.955
299.974
299.984
299.973
299.946
299.898
299.813
299.669
299.496
299.35
299.239
299.17
299.161
299.228
299.361
299.526
299.67
299.775
299.85
299.908
299.957
299.965
299.971
299.95
299.909
299.837
299.725
299.551
299.379
299.237
299.125
299.052
299.042
299.117
299.271
299.464
299.627
299.741
299.823
299.904
299.959
299.956
299.954
299.922
299.864
299.775
299.642
299.454
299.289
299.152
299.038
298.96
298.947
299.027
299.197
299.414
299.595
299.712
299.804
299.908
299.958
299.945
299.933
299.889
299.818
299.714
299.556
299.373
299.221
299.089
298.973
298.89
298.873
298.954
299.135
299.375
299.574
299.695
299.802
299.915
299.951
299.932
299.908
299.852
299.77
299.651
299.479
299.309
299.169
299.042
298.924
298.836
298.814
298.893
299.081
299.341
299.567
299.682
299.809
299.92
299.937
299.916
299.879
299.812
299.718
299.59
299.413
299.259
299.13
299.006
298.886
298.792
298.764
298.838
299.028
299.305
299.564
299.678
299.805
299.912
299.913
299.898
299.846
299.767
299.659
299.529
299.354
299.219
299.1
298.977
298.855
298.757
298.722
298.787
298.972
299.26
299.556
299.729
299.822
299.886
299.879
299.877
299.807
299.712
299.584
299.459
299.298
299.187
299.077
298.958
298.833
298.732
298.688
298.738
298.906
299.177
299.475
299.71
299.788
299.835
299.833
299.855
299.765
299.651
299.51
299.376
299.249
299.165
299.064
298.95
298.829
298.721
298.655
298.671
298.799
299.036
299.328
299.585
299.704
299.761
299.776
299.832
299.722
299.588
299.434
299.286
299.225
299.159
299.07
298.961
298.839
298.719
298.627
298.598
298.669
298.857
299.134
299.415
299.589
299.667
299.705
299.81
299.682
299.533
299.38
299.26
299.224
299.169
299.089
298.987
298.866
298.735
298.615
298.535
298.535
298.652
298.89
299.193
299.453
299.556
299.622
299.791
299.645
299.492
299.355
299.271
299.233
299.188
299.118
299.025
298.909
298.774
298.632
298.504
298.426
298.442
298.594
298.88
299.218
299.427
299.523
299.775
299.618
299.468
299.357
299.291
299.248
299.213
299.156
299.074
298.968
298.837
298.686
298.525
298.376
298.275
298.277
298.439
298.784
299.235
299.405
299.766
299.603
299.463
299.373
299.321
299.278
299.242
299.197
299.129
299.036
298.916
298.771
298.602
298.416
298.229
298.073
297.999
298.087
298.426
299.1
299.763
299.601
299.473
299.4
299.354
299.314
299.275
299.24
299.184
299.105
299.001
298.869
298.709
298.523
298.313
298.088
297.86
297.645
297.466
297.335
299.767
299.612
299.495
299.431
299.39
299.353
299.316
299.281
299.237
299.171
299.08
298.962
298.815
298.638
298.434
298.204
297.958
297.706
297.457
297.222
299.778
299.632
299.524
299.465
299.426
299.391
299.355
299.32
299.287
299.231
299.152
299.045
298.909
298.741
298.539
298.306
298.045
297.765
297.475
297.183
299.794
299.658
299.556
299.498
299.461
299.428
299.396
299.363
299.332
299.286
299.216
299.12
298.992
298.83
298.631
298.392
298.117
297.81
297.482
297.143
299.813
299.688
299.589
299.53
299.493
299.464
299.434
299.403
299.373
299.336
299.274
299.186
299.066
298.909
298.711
298.467
298.177
297.846
297.483
297.103
299.833
299.719
299.621
299.561
299.524
299.496
299.468
299.439
299.411
299.38
299.326
299.244
299.13
298.978
298.78
298.532
298.229
297.875
297.48
297.063
299.853
299.749
299.652
299.589
299.552
299.525
299.499
299.472
299.445
299.419
299.371
299.296
299.187
299.038
298.841
298.588
298.273
297.898
297.474
297.023
299.871
299.778
299.682
299.616
299.578
299.552
299.528
299.503
299.478
299.455
299.412
299.341
299.237
299.091
298.895
298.637
298.311
297.916
297.465
296.982
299.887
299.804
299.709
299.641
299.601
299.577
299.555
299.532
299.509
299.486
299.448
299.381
299.281
299.138
298.942
298.68
298.343
297.93
297.454
296.942
299.901
299.827
299.734
299.663
299.623
299.599
299.579
299.557
299.535
299.515
299.48
299.417
299.32
299.18
298.984
298.718
298.372
297.941
297.44
296.901
299.913
299.847
299.757
299.684
299.642
299.619
299.6
299.58
299.56
299.54
299.508
299.449
299.355
299.217
299.021
298.752
298.396
297.949
297.426
296.861
299.922
299.865
299.777
299.704
299.66
299.637
299.62
299.601
299.581
299.563
299.534
299.477
299.386
299.25
299.054
298.782
298.418
297.955
297.41
296.821
299.928
299.879
299.795
299.721
299.676
299.654
299.637
299.62
299.601
299.584
299.557
299.503
299.414
299.28
299.084
298.809
298.437
297.959
297.393
296.781
299.933
299.891
299.811
299.737
299.691
299.668
299.653
299.637
299.619
299.603
299.578
299.527
299.44
299.307
299.112
298.834
298.454
297.962
297.375
296.741
299.935
299.901
299.824
299.751
299.704
299.682
299.668
299.652
299.636
299.62
299.598
299.548
299.464
299.333
299.137
298.857
298.47
297.963
297.357
296.702
299.936
299.908
299.835
299.763
299.715
299.694
299.681
299.667
299.651
299.636
299.616
299.568
299.486
299.356
299.161
298.878
298.484
297.964
297.338
296.662
299.935
299.913
299.844
299.773
299.726
299.705
299.694
299.68
299.665
299.651
299.632
299.587
299.506
299.378
299.184
298.899
298.497
297.964
297.32
296.623
299.933
299.916
299.851
299.782
299.735
299.715
299.705
299.693
299.678
299.665
299.648
299.604
299.526
299.399
299.205
298.918
298.51
297.964
297.301
296.584
299.929
299.917
299.856
299.789
299.743
299.724
299.716
299.704
299.691
299.678
299.663
299.621
299.544
299.42
299.226
298.937
298.523
297.964
297.282
296.545
299.925
299.917
299.859
299.794
299.749
299.732
299.725
299.715
299.702
299.691
299.677
299.637
299.562
299.439
299.247
298.957
298.536
297.964
297.263
296.507
299.92
299.915
299.861
299.797
299.755
299.74
299.735
299.725
299.714
299.704
299.691
299.653
299.58
299.459
299.268
298.976
298.55
297.964
297.245
296.468
299.914
299.912
299.86
299.799
299.759
299.746
299.743
299.735
299.724
299.716
299.705
299.668
299.597
299.478
299.288
298.995
298.564
297.965
297.226
296.43
299.907
299.907
299.858
299.799
299.761
299.752
299.751
299.744
299.735
299.727
299.718
299.683
299.614
299.498
299.309
299.016
298.578
297.967
297.209
296.391
299.9
299.902
299.854
299.798
299.763
299.757
299.759
299.753
299.745
299.739
299.731
299.698
299.631
299.517
299.331
299.036
298.594
297.97
297.191
296.353
299.892
299.895
299.849
299.795
299.764
299.762
299.766
299.762
299.755
299.751
299.744
299.712
299.648
299.537
299.352
299.058
298.611
297.974
297.175
296.315
299.883
299.887
299.842
299.791
299.764
299.766
299.773
299.77
299.765
299.762
299.757
299.727
299.665
299.557
299.375
299.08
298.628
297.978
297.159
296.278
299.874
299.879
299.834
299.785
299.763
299.77
299.78
299.778
299.774
299.774
299.769
299.741
299.682
299.577
299.397
299.103
298.647
297.984
297.143
296.24
299.864
299.869
299.824
299.778
299.761
299.774
299.787
299.786
299.784
299.785
299.782
299.755
299.699
299.597
299.42
299.127
298.666
297.991
297.128
296.203
299.854
299.858
299.814
299.771
299.76
299.778
299.793
299.794
299.794
299.797
299.794
299.769
299.716
299.616
299.443
299.151
298.687
297.998
297.114
296.166
299.843
299.847
299.803
299.763
299.758
299.781
299.799
299.802
299.803
299.808
299.806
299.783
299.732
299.636
299.466
299.176
298.708
298.007
297.1
296.129
299.832
299.835
299.791
299.755
299.756
299.785
299.806
299.809
299.812
299.819
299.818
299.796
299.747
299.655
299.489
299.201
298.729
298.016
297.087
296.092
299.821
299.823
299.779
299.747
299.755
299.789
299.812
299.816
299.821
299.829
299.829
299.809
299.763
299.674
299.512
299.226
298.752
298.026
297.075
296.056
299.809
299.81
299.767
299.739
299.754
299.793
299.818
299.823
299.83
299.839
299.839
299.821
299.777
299.692
299.534
299.25
298.774
298.037
297.063
296.021
299.798
299.798
299.755
299.733
299.754
299.798
299.823
299.83
299.838
299.849
299.849
299.832
299.79
299.709
299.555
299.275
298.796
298.048
297.052
295.986
299.786
299.786
299.744
299.727
299.754
299.802
299.829
299.837
299.846
299.858
299.858
299.842
299.803
299.725
299.576
299.298
298.818
298.059
297.041
295.952
299.775
299.774
299.734
299.722
299.756
299.807
299.835
299.843
299.854
299.866
299.867
299.852
299.815
299.741
299.595
299.322
298.84
298.071
297.031
295.92
299.764
299.763
299.725
299.719
299.759
299.813
299.841
299.85
299.862
299.874
299.875
299.86
299.826
299.755
299.614
299.344
298.862
298.083
297.023
295.888
299.754
299.752
299.718
299.718
299.763
299.818
299.846
299.856
299.869
299.881
299.882
299.868
299.836
299.768
299.632
299.365
298.883
298.095
297.014
295.857
299.745
299.743
299.712
299.718
299.768
299.824
299.852
299.862
299.875
299.887
299.888
299.875
299.845
299.78
299.648
299.386
298.903
298.107
297.007
295.828
299.737
299.736
299.708
299.72
299.774
299.83
299.857
299.867
299.881
299.893
299.893
299.882
299.853
299.791
299.663
299.405
298.923
298.119
297.001
295.8
299.73
299.73
299.706
299.723
299.78
299.836
299.862
299.873
299.887
299.898
299.898
299.887
299.86
299.802
299.678
299.424
298.943
298.132
296.997
295.774
299.724
299.726
299.706
299.728
299.787
299.842
299.867
299.878
299.892
299.903
299.903
299.893
299.867
299.811
299.692
299.442
298.963
298.146
296.994
295.75
299.72
299.723
299.708
299.735
299.795
299.848
299.872
299.883
299.897
299.907
299.907
299.897
299.873
299.82
299.705
299.46
298.982
298.161
296.992
295.728
299.717
299.722
299.711
299.742
299.803
299.854
299.876
299.887
299.901
299.91
299.91
299.901
299.879
299.828
299.717
299.477
299.002
298.176
296.993
295.709
299.716
299.723
299.716
299.75
299.811
299.86
299.881
299.891
299.905
299.913
299.913
299.905
299.884
299.836
299.729
299.494
299.022
298.193
296.996
295.692
299.716
299.726
299.723
299.759
299.819
299.865
299.885
299.895
299.909
299.916
299.916
299.909
299.889
299.844
299.741
299.511
299.043
298.212
297.001
295.677
299.718
299.73
299.73
299.769
299.827
299.871
299.889
299.899
299.912
299.919
299.919
299.912
299.894
299.851
299.752
299.528
299.065
298.232
297.009
295.666
299.721
299.736
299.739
299.779
299.835
299.876
299.892
299.903
299.915
299.921
299.921
299.915
299.898
299.858
299.764
299.546
299.088
298.255
297.021
295.657
299.726
299.743
299.748
299.789
299.843
299.88
299.896
299.906
299.917
299.924
299.924
299.918
299.902
299.865
299.775
299.564
299.113
298.28
297.035
295.652
299.732
299.751
299.758
299.798
299.85
299.885
299.899
299.909
299.92
299.926
299.926
299.921
299.906
299.871
299.786
299.583
299.138
298.308
297.053
295.65
299.739
299.759
299.769
299.808
299.857
299.889
299.902
299.912
299.922
299.927
299.928
299.923
299.91
299.878
299.798
299.602
299.165
298.338
297.074
295.651
299.747
299.769
299.779
299.817
299.863
299.892
299.905
299.914
299.924
299.929
299.93
299.926
299.914
299.884
299.809
299.621
299.194
298.371
297.099
295.656
299.755
299.779
299.79
299.826
299.869
299.896
299.907
299.916
299.926
299.931
299.931
299.928
299.917
299.89
299.82
299.641
299.224
298.407
297.128
295.664
299.764
299.789
299.8
299.835
299.874
299.899
299.91
299.918
299.927
299.932
299.933
299.93
299.921
299.896
299.831
299.66
299.254
298.445
297.16
295.675
299.774
299.8
299.811
299.843
299.879
299.902
299.912
299.92
299.929
299.933
299.934
299.931
299.924
299.901
299.842
299.68
299.286
298.485
297.195
295.691
299.783
299.81
299.821
299.851
299.884
299.905
299.914
299.922
299.93
299.934
299.935
299.933
299.926
299.906
299.852
299.7
299.318
298.528
297.234
295.709
299.793
299.82
299.83
299.858
299.888
299.907
299.916
299.923
299.931
299.935
299.935
299.934
299.929
299.911
299.861
299.719
299.35
298.571
297.277
295.732
299.802
299.831
299.839
299.864
299.892
299.909
299.917
299.925
299.932
299.936
299.936
299.935
299.931
299.915
299.87
299.737
299.382
298.617
297.322
295.757
299.811
299.84
299.848
299.87
299.895
299.911
299.919
299.926
299.933
299.936
299.936
299.936
299.932
299.919
299.878
299.754
299.414
298.662
297.37
295.786
299.82
299.849
299.856
299.876
299.899
299.913
299.92
299.927
299.933
299.936
299.936
299.936
299.934
299.922
299.885
299.77
299.444
298.709
297.42
295.818
299.827
299.858
299.863
299.881
299.901
299.915
299.921
299.928
299.934
299.936
299.936
299.936
299.935
299.924
299.891
299.784
299.474
298.755
297.473
295.854
299.834
299.866
299.87
299.885
299.904
299.916
299.922
299.928
299.934
299.936
299.936
299.936
299.935
299.926
299.896
299.797
299.502
298.801
297.527
295.892
299.841
299.873
299.876
299.889
299.906
299.917
299.923
299.929
299.934
299.936
299.936
299.936
299.936
299.928
299.901
299.809
299.528
298.847
297.584
295.934
299.846
299.879
299.882
299.893
299.908
299.918
299.924
299.93
299.935
299.935
299.935
299.936
299.936
299.929
299.905
299.82
299.553
298.892
297.642
295.978
299.85
299.885
299.887
299.896
299.91
299.919
299.925
299.93
299.935
299.935
299.935
299.936
299.936
299.931
299.908
299.83
299.577
298.937
297.701
296.026
299.853
299.89
299.891
299.899
299.911
299.92
299.926
299.931
299.935
299.935
299.935
299.936
299.937
299.932
299.911
299.838
299.599
298.98
297.761
296.075
299.855
299.893
299.895
299.902
299.913
299.921
299.926
299.931
299.935
299.935
299.934
299.935
299.936
299.932
299.913
299.845
299.62
299.022
297.822
296.128
299.855
299.896
299.898
299.904
299.914
299.922
299.927
299.931
299.935
299.935
299.934
299.935
299.936
299.933
299.915
299.852
299.639
299.063
297.885
296.183
299.855
299.898
299.9
299.905
299.915
299.922
299.927
299.932
299.935
299.935
299.934
299.935
299.936
299.933
299.917
299.858
299.656
299.103
297.947
296.241
299.853
299.899
299.902
299.907
299.915
299.923
299.927
299.932
299.935
299.935
299.934
299.934
299.936
299.933
299.918
299.863
299.673
299.141
298.01
296.301
299.849
299.898
299.903
299.907
299.916
299.923
299.928
299.932
299.935
299.935
299.934
299.934
299.936
299.933
299.919
299.868
299.688
299.178
298.073
296.363
299.845
299.897
299.903
299.908
299.916
299.924
299.928
299.932
299.935
299.935
299.934
299.934
299.935
299.934
299.92
299.872
299.703
299.214
298.135
296.428
299.838
299.894
299.902
299.908
299.916
299.924
299.928
299.932
299.935
299.935
299.933
299.933
299.935
299.934
299.921
299.876
299.717
299.25
298.197
296.494
299.831
299.89
299.901
299.907
299.916
299.924
299.928
299.932
299.935
299.935
299.933
299.933
299.934
299.933
299.922
299.88
299.73
299.285
298.259
296.561
299.822
299.885
299.898
299.906
299.916
299.924
299.929
299.932
299.935
299.935
299.933
299.932
299.934
299.933
299.923
299.884
299.743
299.319
298.321
296.631
299.812
299.879
299.895
299.905
299.915
299.924
299.929
299.932
299.935
299.934
299.933
299.932
299.934
299.933
299.924
299.887
299.756
299.352
298.383
296.702
299.8
299.872
299.891
299.903
299.914
299.923
299.929
299.932
299.934
299.934
299.932
299.932
299.933
299.933
299.925
299.891
299.768
299.385
298.445
296.775
299.787
299.864
299.887
299.9
299.913
299.923
299.929
299.932
299.934
299.934
299.932
299.931
299.932
299.933
299.925
299.894
299.779
299.416
298.507
296.85
299.773
299.854
299.881
299.898
299.912
299.923
299.928
299.932
299.934
299.934
299.932
299.93
299.932
299.932
299.926
299.897
299.79
299.447
298.569
296.926
299.757
299.844
299.875
299.894
299.911
299.922
299.928
299.932
299.934
299.933
299.931
299.93
299.931
299.932
299.926
299.899
299.8
299.477
298.631
297.006
299.741
299.833
299.868
299.891
299.909
299.921
299.928
299.931
299.933
299.933
299.931
299.929
299.93
299.931
299.926
299.902
299.81
299.506
298.693
297.087
299.724
299.821
299.861
299.887
299.907
299.921
299.928
299.931
299.933
299.933
299.93
299.928
299.929
299.931
299.926
299.904
299.819
299.534
298.754
297.17
299.705
299.808
299.853
299.882
299.905
299.92
299.927
299.931
299.933
299.932
299.93
299.928
299.928
299.93
299.926
299.906
299.828
299.562
298.815
297.256
299.686
299.794
299.845
299.878
299.903
299.918
299.927
299.93
299.932
299.932
299.929
299.927
299.927
299.929
299.926
299.908
299.836
299.588
298.875
297.343
299.666
299.78
299.836
299.873
299.9
299.917
299.926
299.93
299.932
299.931
299.929
299.926
299.926
299.928
299.926
299.909
299.844
299.613
298.935
297.433
299.646
299.765
299.827
299.868
299.897
299.916
299.925
299.929
299.931
299.931
299.928
299.925
299.925
299.927
299.926
299.911
299.851
299.637
298.994
297.525
299.626
299.75
299.817
299.862
299.894
299.914
299.924
299.929
299.931
299.93
299.927
299.924
299.924
299.926
299.925
299.912
299.858
299.66
299.052
297.619
299.605
299.735
299.808
299.857
299.891
299.912
299.923
299.928
299.93
299.929
299.926
299.922
299.922
299.925
299.925
299.913
299.864
299.682
299.109
297.714
299.585
299.72
299.798
299.851
299.888
299.91
299.922
299.927
299.929
299.928
299.925
299.921
299.921
299.924
299.924
299.914
299.87
299.703
299.164
297.812
299.564
299.704
299.788
299.845
299.884
299.908
299.92
299.926
299.928
299.927
299.923
299.919
299.919
299.922
299.923
299.914
299.875
299.723
299.219
297.91
299.545
299.689
299.778
299.839
299.88
299.905
299.918
299.925
299.927
299.926
299.922
299.917
299.917
299.92
299.922
299.915
299.879
299.741
299.271
298.01
299.525
299.674
299.768
299.833
299.876
299.903
299.916
299.923
299.925
299.924
299.92
299.915
299.915
299.918
299.921
299.915
299.883
299.759
299.322
298.11
299.507
299.659
299.758
299.826
299.872
299.9
299.914
299.921
299.924
299.922
299.918
299.913
299.913
299.916
299.919
299.915
299.887
299.774
299.371
298.21
299.489
299.645
299.748
299.82
299.867
299.896
299.911
299.919
299.922
299.92
299.915
299.91
299.91
299.914
299.917
299.914
299.89
299.789
299.418
298.309
299.472
299.632
299.738
299.813
299.862
299.892
299.908
299.916
299.919
299.918
299.912
299.907
299.907
299.912
299.916
299.913
299.893
299.803
299.462
298.407
299.457
299.619
299.729
299.806
299.857
299.888
299.905
299.913
299.917
299.915
299.909
299.904
299.904
299.909
299.914
299.913
299.895
299.815
299.504
298.502
299.443
299.606
299.719
299.798
299.851
299.883
299.901
299.91
299.913
299.911
299.905
299.9
299.901
299.906
299.911
299.911
299.896
299.826
299.543
298.595
299.431
299.595
299.71
299.791
299.845
299.878
299.896
299.906
299.909
299.907
299.901
299.896
299.897
299.903
299.909
299.91
299.897
299.835
299.578
298.683
299.42
299.584
299.7
299.783
299.838
299.872
299.891
299.901
299.905
299.902
299.896
299.892
299.893
299.899
299.906
299.908
299.898
299.843
299.61
298.765
299.411
299.574
299.691
299.774
299.83
299.865
299.885
299.896
299.899
299.897
299.891
299.887
299.889
299.896
299.903
299.906
299.898
299.85
299.638
298.84
299.403
299.565
299.682
299.766
299.822
299.857
299.878
299.889
299.893
299.89
299.884
299.881
299.884
299.892
299.899
299.904
299.897
299.855
299.662
298.905
299.397
299.556
299.672
299.756
299.813
299.849
299.871
299.882
299.886
299.883
299.878
299.876
299.879
299.887
299.896
299.901
299.896
299.858
299.68
298.959
299.393
299.549
299.663
299.747
299.803
299.84
299.862
299.874
299.878
299.875
299.87
299.869
299.874
299.883
299.892
299.898
299.894
299.859
299.693
298.998
299.391
299.543
299.654
299.736
299.793
299.83
299.852
299.864
299.868
299.866
299.862
299.862
299.868
299.878
299.888
299.894
299.892
299.859
299.699
299.02
299.391
299.537
299.645
299.726
299.781
299.818
299.841
299.854
299.858
299.856
299.853
299.855
299.862
299.873
299.883
299.89
299.888
299.855
299.695
299.019
299.392
299.533
299.637
299.715
299.77
299.806
299.829
299.842
299.846
299.845
299.844
299.847
299.856
299.868
299.879
299.886
299.883
299.847
299.681
298.993
299.395
299.529
299.629
299.704
299.757
299.793
299.816
299.829
299.834
299.833
299.834
299.84
299.85
299.862
299.874
299.881
299.876
299.834
299.652
298.934
299.399
299.526
299.621
299.693
299.744
299.78
299.803
299.816
299.821
299.821
299.824
299.832
299.843
299.856
299.868
299.875
299.866
299.812
299.603
298.836
299.405
299.524
299.614
299.682
299.731
299.766
299.789
299.802
299.807
299.809
299.814
299.824
299.837
299.851
299.862
299.867
299.851
299.779
299.529
298.692
299.411
299.524
299.607
299.671
299.719
299.752
299.774
299.787
299.793
299.797
299.804
299.816
299.83
299.845
299.856
299.856
299.829
299.729
299.419
298.496
299.42
299.524
299.601
299.662
299.706
299.738
299.76
299.773
299.779
299.785
299.795
299.808
299.824
299.839
299.848
299.841
299.794
299.652
299.262
298.243
299.429
299.525
299.597
299.653
299.695
299.725
299.746
299.76
299.766
299.775
299.786
299.801
299.818
299.832
299.837
299.817
299.74
299.536
299.047
297.931
299.439
299.527
299.593
299.645
299.684
299.713
299.733
299.747
299.755
299.765
299.778
299.795
299.812
299.825
299.821
299.778
299.653
299.367
298.76
297.568
299.45
299.53
299.59
299.638
299.674
299.702
299.721
299.735
299.744
299.756
299.771
299.79
299.808
299.816
299.795
299.713
299.518
299.126
298.398
297.169
299.461
299.534
299.589
299.632
299.666
299.692
299.711
299.724
299.734
299.748
299.766
299.787
299.805
299.802
299.749
299.604
299.313
298.8
297.967
296.761
299.472
299.539
299.588
299.628
299.659
299.683
299.701
299.714
299.726
299.742
299.764
299.789
299.803
299.775
299.666
299.43
299.02
298.387
297.492
296.373
299.484
299.544
299.589
299.625
299.654
299.676
299.694
299.706
299.72
299.741
299.772
299.801
299.798
299.72
299.522
299.166
298.629
297.906
297.01
296.032
299.495
299.55
299.591
299.623
299.65
299.671
299.687
299.7
299.719
299.755
299.799
299.824
299.779
299.612
299.287
298.796
298.156
297.397
296.563
295.747
299.51
299.56
299.597
299.627
299.652
299.672
299.69
299.707
299.746
299.806
299.859
299.851
299.716
299.413
298.941
298.333
297.641
296.908
296.174
295.514
299.541
299.591
299.627
299.655
299.681
299.704
299.728
299.765
299.836
299.916
299.944
299.845
299.562
299.095
298.492
297.821
297.137
296.472
295.847
295.322
299.611
299.668
299.706
299.736
299.766
299.798
299.839
299.909
300.005
300.065
300
299.74
299.277
298.667
297.991
297.317
296.683
296.098
295.572
295.159
299.746
299.806
299.845
299.881
299.92
299.967
300.03
300.125
300.205
300.171
299.94
299.49
298.875
298.185
297.5
296.863
296.289
295.779
295.341
295.019
299.975
300.018
300.044
300.079
300.128
300.189
300.263
300.35
300.346
300.15
299.726
299.12
298.421
297.715
297.057
296.469
295.954
295.511
295.147
294.898
300.284
300.294
300.29
300.352
300.41
300.469
300.545
300.56
300.38
299.975
299.385
298.692
297.974
297.291
296.674
296.134
295.673
295.29
294.986
294.795
300.616
300.594
300.563
300.684
300.762
300.809
300.837
300.647
300.237
299.667
298.995
298.283
297.584
296.933
296.355
295.86
295.446
295.11
294.854
294.708
300.926
300.889
300.838
301.001
301.097
301.126
301.006
300.623
300.07
299.411
298.696
297.968
297.274
296.646
296.1
295.641
295.266
294.969
294.75
294.635
301.191
301.166
301.108
301.274
301.384
301.404
301.126
300.605
299.948
299.222
298.461
297.716
297.027
296.418
295.899
295.471
295.127
294.86
294.668
294.575
301.402
301.405
301.367
301.522
301.621
301.554
301.169
300.565
299.838
299.057
298.264
297.51
296.829
296.238
295.743
295.341
295.021
294.777
294.606
294.527
301.569
301.605
301.614
301.736
301.819
301.633
301.165
300.5
299.725
298.905
298.094
297.339
296.669
296.097
295.623
295.242
294.943
294.717
294.56
294.488
301.715
301.779
301.828
301.922
301.932
301.657
301.122
300.411
299.604
298.76
297.942
297.193
296.538
295.984
295.531
295.169
294.887
294.674
294.528
294.458
301.856
301.933
302.003
302.085
302
301.643
301.054
300.306
299.471
298.617
297.802
297.065
296.428
295.894
295.46
295.114
294.847
294.646
294.507
294.436
301.992
302.072
302.146
302.201
302.022
301.588
300.953
300.177
299.326
298.472
297.668
296.949
296.332
295.818
295.403
295.073
294.819
294.628
294.495
294.421
302.12
302.205
302.306
302.275
301.999
301.503
300.829
300.028
299.171
298.324
297.537
296.839
296.244
295.752
295.355
295.041
294.799
294.618
294.49
294.414
302.239
302.36
302.445
302.299
301.942
301.395
300.683
299.865
299.007
298.172
297.405
296.73
296.159
295.688
295.31
295.013
294.785
294.613
294.491
294.412
)
;

boundaryField
{
    wall
    {
        type            zeroGradient;
    }
    inlet
    {
        type            fixedValue;
        value           uniform 303.15;
    }
    outlet
    {
        type            inletOutlet;
        inletValue      uniform 300;
        value           nonuniform List<scalar> 
20
(
300.058
300.073
300.043
300
300
300
300
300
300
300
300
300
300.001
300.003
300.005
300.011
300.02
300.032
300.037
300.019
)
;
    }
    heatWall
    {
        type            fixedGradient;
        gradient        uniform -1000;
    }
}


// ************************************************************************* //
