/*--------------------------------*- C++ -*----------------------------------*\
  =========                 |
  \\      /  F ield         | OpenFOAM: The Open Source CFD Toolbox
   \\    /   O peration     | Website:  https://openfoam.org
    \\  /    A nd           | Version:  8
     \\/     M anipulation  |
\*---------------------------------------------------------------------------*/
FoamFile
{
    version     2.0;
    format      ascii;
    class       surfaceScalarField;
    location    "700";
    object      phi;
}
// * * * * * * * * * * * * * * * * * * * * * * * * * * * * * * * * * * * * * //

dimensions      [1 0 -1 0 0 0 0];

internalField   nonuniform List<scalar> 
2860
(
0.40079
-0.00186807
0.0015276
0.400718
0.00137731
0.00180501
0.400706
0.00139489
0.00202696
0.400359
0.00169735
0.0021037
0.399815
0.00181167
0.00204814
0.399214
0.00176762
0.00207116
0.398603
0.00167405
0.00210346
0.397992
0.00157294
0.00199832
0.397386
0.00147367
0.0017909
0.396787
0.00137945
0.0015738
0.396197
0.0012919
0.00131812
0.395616
0.00121164
0.00101263
0.395043
0.00113874
0.000728726
0.394478
0.00107272
0.000516981
0.393922
0.00101289
0.000381694
0.393374
0.000958583
0.000297759
0.392833
0.000909304
0.000251888
0.3923
0.000864571
0.000255162
0.391774
0.00082389
0.000291071
0.391254
0.000786626
0.000323285
0.390742
0.000752407
0.000342423
0.390235
0.000721069
0.000367185
0.389735
0.000692369
0.000396013
0.389241
0.000665934
0.000398676
0.388752
0.000641526
0.000375783
0.388269
0.000619088
0.000352123
0.387792
0.000598481
0.000323967
0.387319
0.000579485
0.000283124
0.386852
0.000562001
0.000243849
0.38639
0.000545975
0.000213427
0.385932
0.000531256
0.000186874
0.385479
0.000517693
0.00016585
0.385031
0.0005052
0.000150911
0.384587
0.00049368
0.000135515
0.384147
0.000483035
0.00011653
0.383712
0.000473198
9.6956e-05
0.38328
0.000464108
8.37881e-05
0.382852
0.0004557
7.69004e-05
0.382428
0.000447908
6.24277e-05
0.382008
0.000440586
3.47443e-05
0.381591
0.000433711
-2.02071e-06
0.381178
0.00042728
-5.21299e-05
0.380768
0.000421226
-0.00011797
0.380361
0.000415514
-0.000189636
0.379958
0.000410152
-0.000256779
0.379558
0.000405103
-0.000323076
0.379161
0.000400335
-0.000403804
0.378766
0.000395791
-0.000505203
0.378375
0.000391438
-0.00061313
0.377986
0.000387294
-0.000716841
0.3776
0.000383318
-0.000822994
0.377217
0.00037955
-0.000931326
0.376837
0.000375952
-0.00104612
0.376458
0.000372486
-0.00116482
0.376083
0.000369199
-0.00127056
0.37571
0.000365947
-0.00135742
0.37534
0.000362217
-0.00143977
0.374976
0.000355976
-0.00154162
0.374627
0.000341765
-0.00165674
0.000238301
-0.00174462
0.398245
-0.00315931
0.000258441
0.398233
-4.1618e-05
0.000522401
0.398035
-5.58692e-05
0.00101075
0.398041
-4.24759e-05
0.001319
0.398113
-4.81881e-06
0.00140975
0.398213
-4.77137e-05
0.00149249
0.398327
-0.000106307
0.00156986
0.398445
-0.000150526
0.00154804
0.398558
-0.000181838
0.00146569
0.398667
-0.000204142
0.00140056
0.398767
-0.000219548
0.00131618
0.39886
-0.000229435
0.0011872
0.398946
-0.000234714
0.00106705
0.399024
-0.000236148
0.000999522
0.399096
-0.000234514
0.000991925
0.399162
-0.000230499
0.00102293
0.399223
-0.000224534
0.00107922
0.399278
-0.000216748
0.00116985
0.399329
-0.000207743
0.00128659
0.399376
-0.000198165
0.00140584
0.399419
-0.000188244
0.00152194
0.399459
-0.000177893
0.00164954
0.399495
-0.0001672
0.00178651
0.39953
-0.000156512
0.0019074
0.399561
-0.000145962
0.0020131
0.399591
-0.000135386
0.00212244
0.399618
-0.000124788
0.0022293
0.399644
-0.000114315
0.00232658
0.399668
-0.000103894
0.00242614
0.399691
-9.34128e-05
0.00253227
0.399712
-8.29437e-05
0.0026408
0.399732
-7.25549e-05
0.00275481
0.399751
-6.22227e-05
0.00287489
0.399769
-5.19739e-05
0.00299509
0.399787
-4.18606e-05
0.00311293
0.399803
-3.18802e-05
0.00323101
0.399819
-2.20174e-05
0.0033561
0.399835
-1.22779e-05
0.00348869
0.399849
-2.73721e-06
0.00361633
0.399864
6.51298e-06
0.00373412
0.399878
1.54868e-05
0.00384591
0.399892
2.42262e-05
0.00394618
0.399905
3.26716e-05
0.00403275
0.399918
4.08249e-05
0.00411473
0.399931
4.87682e-05
0.00420075
0.399944
5.64892e-05
0.00428749
0.399956
6.39577e-05
0.00436006
0.399968
7.11016e-05
0.00441271
0.39998
7.79133e-05
0.00445882
0.399993
8.44687e-05
0.00450755
0.400004
9.07432e-05
0.0045533
0.400016
9.68219e-05
0.00459446
0.400028
0.000102665
0.00462716
0.40004
0.000108251
0.00465413
0.400051
0.000113691
0.00468851
0.400063
0.000118778
0.00473651
0.400076
0.00012272
0.00478666
0.400089
0.000122814
0.00481658
0.400109
0.000110526
0.0048282
3.72186e-05
0.00484266
0.396066
-0.000919812
0.000299966
0.396271
0.000521417
0.00113795
0.396444
0.000779594
0.00227772
0.396751
0.00080589
0.00325201
0.397114
0.000871119
0.00390285
0.39746
0.000883683
0.00433479
0.397777
0.000864689
0.004617
0.398062
0.000839847
0.00473444
0.398319
0.000812385
0.00474366
0.398551
0.000782675
0.00472922
0.398761
0.000751583
0.00467296
0.39895
0.000720256
0.00455505
0.399122
0.000689866
0.00442308
0.399279
0.000661013
0.00432095
0.399422
0.000633764
0.00426242
0.399554
0.000608122
0.0042331
0.399675
0.000584189
0.0042211
0.399788
0.000562075
0.00423339
0.399893
0.000541486
0.00426874
0.399991
0.000521984
0.00431729
0.400082
0.000503502
0.00437552
0.400169
0.000486178
0.00445074
0.400251
0.000469965
0.00453877
0.400329
0.000454583
0.00462089
0.400404
0.000439941
0.00469967
0.400476
0.000426197
0.00478654
0.400545
0.000413324
0.00487258
0.400612
0.000401182
0.0049531
0.400677
0.000389855
0.00503669
0.40074
0.000379437
0.00512267
0.400802
0.000369819
0.00520766
0.400862
0.000360918
0.00529608
0.400922
0.000352741
0.00538725
0.400981
0.000345224
0.00547531
0.401039
0.000338272
0.00555866
0.401097
0.000331848
0.0056393
0.401154
0.000325943
0.00572312
0.401212
0.00032053
0.00581048
0.401268
0.000315479
0.00589084
0.401325
0.000310708
0.0059624
0.401382
0.000306195
0.00602906
0.401439
0.000301948
0.00608407
0.401496
0.000297886
0.00612705
0.401553
0.000294003
0.00616769
0.40161
0.000290388
0.00621286
0.401667
0.000287009
0.00625991
0.401725
0.000283799
0.00629492
0.401783
0.000280655
0.00631442
0.401841
0.000277569
0.00633236
0.401899
0.000274621
0.00635591
0.401958
0.000271772
0.00638038
0.402017
0.00026908
0.00640138
0.402076
0.000266474
0.00641606
0.402136
0.000263933
0.00642754
0.402196
0.000261571
0.00644366
0.402257
0.000259178
0.00647078
0.402318
0.000256054
0.00650049
0.402378
0.000250178
0.00651238
0.402432
0.000237149
0.00650507
0.000200992
0.00649665
0.397417
-0.000487727
0.000206579
0.397741
2.01843e-05
0.000470157
0.39807
0.000136436
0.000803846
0.398347
9.70033e-05
0.00105066
0.398602
9.43313e-05
0.00108063
0.398819
7.93899e-05
0.000960706
0.399002
5.20132e-05
0.000801458
0.399162
2.56386e-05
0.000635523
0.399304
2.95889e-06
0.000482145
0.399433
-1.63598e-05
0.000387693
0.399553
-3.25087e-05
0.000326894
0.399665
-4.57442e-05
0.000265566
0.399769
-5.58721e-05
0.000215153
0.399868
-6.30538e-05
0.000194175
0.399962
-6.78599e-05
0.0002092
0.400051
-7.07673e-05
0.000243121
0.400136
-7.20988e-05
0.00027798
0.400217
-7.20936e-05
0.00031374
0.400295
-7.11519e-05
0.000355864
0.40037
-6.96969e-05
0.000409003
0.400442
-6.78652e-05
0.00047276
0.400512
-6.56119e-05
0.000548005
0.400581
-6.30452e-05
0.000631385
0.400647
-6.04073e-05
0.000713726
0.400711
-5.77497e-05
0.000800685
0.400774
-5.49553e-05
0.000897558
0.400836
-5.20824e-05
0.000994618
0.400897
-4.92262e-05
0.00109019
0.400957
-4.62618e-05
0.00118873
0.401016
-4.31034e-05
0.00128461
0.401074
-3.98379e-05
0.00137593
0.401132
-3.64881e-05
0.00146815
0.40119
-3.30137e-05
0.00155889
0.401247
-2.94646e-05
0.00164289
0.401303
-2.59166e-05
0.00172039
0.40136
-2.23932e-05
0.00179337
0.401417
-1.88633e-05
0.00186678
0.401473
-1.53008e-05
0.00194077
0.401529
-1.18109e-05
0.00200771
0.401586
-8.46876e-06
0.00207064
0.401643
-5.23246e-06
0.00213303
0.4017
-2.10704e-06
0.00218698
0.401757
8.50783e-07
0.00223315
0.401814
3.67981e-06
0.00227882
0.401871
6.46455e-06
0.00232799
0.401929
9.22779e-06
0.00237874
0.401987
1.18934e-05
0.00241913
0.402046
1.43661e-05
0.00244891
0.402105
1.66869e-05
0.00248213
0.402164
1.89641e-05
0.00252323
0.402224
2.11843e-05
0.00256816
0.402284
2.33652e-05
0.00261009
0.402344
2.54399e-05
0.00264766
0.402405
2.74163e-05
0.00268383
0.402466
2.94031e-05
0.00272041
0.402528
3.12927e-05
0.0027638
0.402589
3.26803e-05
0.0028086
0.40265
3.23882e-05
0.00283651
0.402706
2.7448e-05
0.00284184
8.69354e-06
0.00284261
0.397416
6.29183e-07
0.000188013
0.397461
1.59135e-06
0.000456886
0.397661
2.41396e-06
0.000965347
0.397861
3.37066e-06
0.0015337
0.398093
4.45457e-06
0.00188308
0.398335
5.84642e-06
0.0019731
0.398566
7.11213e-06
0.00193178
0.398784
7.82209e-06
0.00185445
0.398986
8.42281e-06
0.00178706
0.399173
9.29098e-06
0.00175776
0.399346
9.9799e-06
0.00175304
0.399504
1.0251e-05
0.00174454
0.39965
1.05568e-05
0.00172365
0.399785
1.1104e-05
0.00169861
0.39991
1.17851e-05
0.00168343
0.400026
1.25467e-05
0.00166877
0.400135
1.33423e-05
0.0016401
0.400236
1.41545e-05
0.00159907
0.400331
1.49331e-05
0.00155944
0.40042
1.56265e-05
0.00153678
0.400505
1.62615e-05
0.00153267
0.400586
1.68916e-05
0.00154484
0.400663
1.74979e-05
0.00157043
0.400736
1.80015e-05
0.00160574
0.400807
1.84418e-05
0.00165633
0.400876
1.89139e-05
0.00172197
0.400943
1.93431e-05
0.00179308
0.401007
1.96769e-05
0.00186953
0.401071
2.00433e-05
0.00195039
0.401132
2.04963e-05
0.00202583
0.401193
2.09722e-05
0.00209554
0.401253
2.1479e-05
0.00216486
0.401312
2.20429e-05
0.00222929
0.401371
2.26221e-05
0.00228439
0.401429
2.31718e-05
0.00233239
0.401486
2.36672e-05
0.00237576
0.401544
2.4154e-05
0.00241822
0.401601
2.46959e-05
0.00245884
0.401658
2.52027e-05
0.00249313
0.401715
2.56263e-05
0.002527
0.401772
2.60356e-05
0.00256247
0.401829
2.63881e-05
0.00259138
0.401886
2.66445e-05
0.00261597
0.401944
2.68571e-05
0.00264227
0.402001
2.70645e-05
0.00267137
0.402059
2.73269e-05
0.0027004
0.402118
2.75489e-05
0.00271958
0.402176
2.76441e-05
0.00273169
0.402235
2.76781e-05
0.00274955
0.402295
2.77533e-05
0.00277415
0.402354
2.7867e-05
0.00280184
0.402415
2.79754e-05
0.00282534
0.402475
2.80263e-05
0.00284543
0.402536
2.8048e-05
0.00286488
0.402597
2.81125e-05
0.00288112
0.402659
2.82487e-05
0.00290059
0.40272
2.8475e-05
0.00292027
0.402779
2.87577e-05
0.00292482
0.402832
2.91012e-05
0.00290779
2.93034e-05
0.00288978
0.397416
0.000488873
0.000167012
0.397461
-1.73461e-05
0.000408285
0.397661
-0.000132105
0.000894159
0.397862
-9.08078e-05
0.00143825
0.398094
-8.59773e-05
0.0017612
0.398335
-6.81462e-05
0.00181572
0.398567
-3.82825e-05
0.00174647
0.398784
-1.04286e-05
0.00167457
0.398986
1.35502e-05
0.00162764
0.399173
3.46616e-05
0.00161201
0.399345
5.2316e-05
0.00162951
0.399504
6.63188e-05
0.00166024
0.39965
7.72577e-05
0.00167942
0.399785
8.56446e-05
0.00168587
0.39991
9.18733e-05
0.00169595
0.400026
9.63292e-05
0.0017014
0.400134
9.92403e-05
0.00168845
0.400236
0.00010084
0.00165914
0.400331
0.000101437
0.00162873
0.40042
0.000101334
0.00161445
0.400505
0.000100709
0.00161694
0.400586
9.96582e-05
0.00163202
0.400663
9.82715e-05
0.00165784
0.400736
9.6603e-05
0.001694
0.400807
9.47725e-05
0.00174508
0.400876
9.28764e-05
0.00180812
0.400943
9.0845e-05
0.00187682
0.401007
8.8646e-05
0.00195333
0.401071
8.63924e-05
0.00203266
0.401133
8.41186e-05
0.00210327
0.401193
8.17937e-05
0.00216708
0.401253
7.9437e-05
0.00222923
0.401312
7.70416e-05
0.00228416
0.401371
7.45809e-05
0.00232865
0.401429
7.20592e-05
0.00236654
0.401486
6.94595e-05
0.0024014
0.401544
6.68386e-05
0.00243558
0.401601
6.42922e-05
0.00246608
0.401658
6.17589e-05
0.00249134
0.401715
5.92328e-05
0.00251933
0.401772
5.67923e-05
0.00255018
0.401829
5.43679e-05
0.00257703
0.401886
5.19441e-05
0.00260441
0.401944
4.95658e-05
0.00263877
0.402001
4.72646e-05
0.00267918
0.402059
4.51086e-05
0.00272023
0.402118
4.29777e-05
0.00275437
0.402176
4.08051e-05
0.00278703
0.402235
3.86554e-05
0.00282864
0.402294
3.6607e-05
0.00287627
0.402354
3.46663e-05
0.00292575
0.402414
3.27354e-05
0.00297099
0.402475
3.07913e-05
0.00301428
0.402536
2.88801e-05
0.00305742
0.402597
2.70327e-05
0.00309562
0.402658
2.54099e-05
0.00313459
0.402719
2.44499e-05
0.00317134
0.402779
2.52601e-05
0.00319262
0.402831
3.07441e-05
0.00319263
4.94989e-05
0.0031904
0.397417
0.000921096
0.00014674
0.397741
-0.000518899
0.000343541
0.39807
-0.000775562
0.000635267
0.398347
-0.000800173
0.000852427
0.398602
-0.000863607
0.000851743
0.398819
-0.000873917
0.000674377
0.399003
-0.000852763
0.000451725
0.399162
-0.000827085
0.000276214
0.399304
-0.000799073
0.000146425
0.399434
-0.000768013
5.06758e-05
0.399554
-0.000735648
9.53207e-06
0.399665
-0.000703373
1.25445e-05
0.39977
-0.00067191
2.55372e-05
0.399869
-0.000641753
4.12251e-05
0.399963
-0.00061307
7.26374e-05
0.400052
-0.000585952
0.00010685
0.400137
-0.0005606
0.000130166
0.400218
-0.00053707
0.000144294
0.400296
-0.000515156
0.00016016
0.400371
-0.000494549
0.000189085
0.400443
-0.000475136
0.000229208
0.400514
-0.00045691
0.00027656
0.400582
-0.000439785
0.000329676
0.400648
-0.000423692
0.000389055
0.400712
-0.000408499
0.000456854
0.400775
-0.0003941
0.000528249
0.400837
-0.000380568
0.000601683
0.400898
-0.000367923
0.000682043
0.400958
-0.000356074
0.000761914
0.401017
-0.000344986
0.00082993
0.401075
-0.000334646
0.00089022
0.401133
-0.000325017
0.000948095
0.401191
-0.000316122
0.000998859
0.401248
-0.000307946
0.00104088
0.401305
-0.000300414
0.00107847
0.401361
-0.000293501
0.00111619
0.401418
-0.000287122
0.00115491
0.401474
-0.000281143
0.00118858
0.401531
-0.000275574
0.00121765
0.401588
-0.000270359
0.0012505
0.401644
-0.000265404
0.00128468
0.401701
-0.000260768
0.00131546
0.401758
-0.000256424
0.00134799
0.401815
-0.000252316
0.00138701
0.401873
-0.000248408
0.00143008
0.401931
-0.000244606
0.00146942
0.401989
-0.000241037
0.00150061
0.402048
-0.000237715
0.00153195
0.402107
-0.000234574
0.00157215
0.402166
-0.000231555
0.00161569
0.402226
-0.000228631
0.00165819
0.402286
-0.000225916
0.00169704
0.402346
-0.000223396
0.00173571
0.402407
-0.000221001
0.00177512
0.402468
-0.00021872
0.001811
0.40253
-0.000216304
0.00184795
0.402592
-0.000213019
0.00188086
0.402652
-0.000206859
0.00189777
0.402708
-0.000193223
0.0018959
-0.00015603
0.00189245
0.396066
0.00315991
0.000182191
0.396272
4.27963e-05
0.000910407
0.396445
6.00366e-05
0.00193201
0.396752
4.96341e-05
0.00281705
0.397115
1.49344e-05
0.00337966
0.397461
6.1942e-05
0.00366417
0.397776
0.000124396
0.00383196
0.398062
0.000171227
0.00398274
0.398319
0.000204793
0.00408434
0.398551
0.000229645
0.00411886
0.39876
0.000247294
0.00413706
0.398949
0.000258956
0.00415236
0.399121
0.000265733
0.00414728
0.399278
0.000268467
0.00413129
0.399422
0.000268016
0.0041253
0.399554
0.000265084
0.00412061
0.399675
0.000260052
0.00411258
0.399788
0.000253274
0.00410818
0.399893
0.000245245
0.00411429
0.399991
0.000236485
0.00413381
0.400082
0.000227245
0.00416251
0.400169
0.000217632
0.00419803
0.400251
0.000207791
0.00423846
0.400329
0.00019783
0.00428383
0.400404
0.00018789
0.00433369
0.400476
0.000178066
0.00438171
0.400545
0.000168301
0.00443042
0.400611
0.000158544
0.00448739
0.400676
0.000148837
0.00454401
0.40074
0.000139204
0.00458965
0.400802
0.000129654
0.00462995
0.400862
0.000120181
0.00467105
0.400922
0.000110722
0.00471094
0.400981
0.000101279
0.00474958
0.401039
9.19118e-05
0.00479047
0.401097
8.26157e-05
0.00483874
0.401154
7.34297e-05
0.0048937
0.401211
6.44472e-05
0.00494589
0.401268
5.5654e-05
0.00499659
0.401325
4.70818e-05
0.00505309
0.401382
3.87794e-05
0.00511021
0.401439
3.06727e-05
0.00516546
0.401496
2.2775e-05
0.0052236
0.401553
1.50962e-05
0.00528807
0.40161
7.63322e-06
0.0053558
0.401668
4.5719e-07
0.00541687
0.401725
-6.52808e-06
0.00546993
0.401783
-1.33671e-05
0.00552466
0.401842
-2.00365e-05
0.00558787
0.401901
-2.65131e-05
0.00565224
0.40196
-3.27746e-05
0.00571293
0.402019
-3.89405e-05
0.00577153
0.402079
-4.49932e-05
0.00583156
0.402139
-5.0878e-05
0.00589241
0.402199
-5.66057e-05
0.00595155
0.40226
-6.19339e-05
0.00601218
0.402321
-6.60275e-05
0.0060658
0.402382
-6.61502e-05
0.00610095
0.402436
-5.34469e-05
0.00611941
2.10207e-05
0.00613573
0.398245
0.00186793
-2.75688e-05
0.398234
-0.00137926
5.15936e-05
0.398035
-0.00139662
0.000299729
0.398042
-0.00169917
0.000431249
0.398114
-0.00181412
0.000373346
0.398214
-0.00177033
0.000233868
0.398328
-0.00167708
0.000149466
0.398445
-0.00157649
0.0001539
0.39856
-0.00147746
0.000156567
0.398667
-0.00138309
0.000116078
0.398768
-0.00129527
8.23091e-05
0.398861
-0.00121461
6.49586e-05
0.398947
-0.0011411
4.8359e-05
0.399025
-0.00107439
4.56357e-05
0.399097
-0.00101388
7.17094e-05
0.399163
-0.000958965
0.000111991
0.399223
-0.00090918
0.000163007
0.399279
-0.00086405
0.000230708
0.399329
-0.000823012
0.000313634
0.399376
-0.000785506
0.000403448
0.399419
-0.000751154
0.000492351
0.399459
-0.000719686
0.000579045
0.399496
-0.000690818
0.000661046
0.39953
-0.000664311
0.000738381
0.399562
-0.00063992
0.000808757
0.399592
-0.000617417
0.000865101
0.399619
-0.000596703
0.000914652
0.399645
-0.000577665
0.000968879
0.39967
-0.00056016
0.00102005
0.399693
-0.000544063
0.00105893
0.399714
-0.000529254
0.0010922
0.399735
-0.000515633
0.00112719
0.399754
-0.000503145
0.00116489
0.399772
-0.000491691
0.00120606
0.39979
-0.000481144
0.00125249
0.399807
-0.000471424
0.0013095
0.399823
-0.000462441
0.00137524
0.399838
-0.000454082
0.00143744
0.399853
-0.000446299
0.00149781
0.399868
-0.000439019
0.00156252
0.399882
-0.000432174
0.00162471
0.399896
-0.000425767
0.00168419
0.399909
-0.000419748
0.00174541
0.399922
-0.00041408
0.00181142
0.399935
-0.000408739
0.00187932
0.399947
-0.000403676
0.00193732
0.39996
-0.000398893
0.0019868
0.399972
-0.000394393
0.0020384
0.399984
-0.000390138
0.00209797
0.399996
-0.000386098
0.00215748
0.400008
-0.000382234
0.00221154
0.40002
-0.000378602
0.00226567
0.400032
-0.000375171
0.00232325
0.400044
-0.000371888
0.00238236
0.400055
-0.00036875
0.00244276
0.400067
-0.000365602
0.00250689
0.40008
-0.000361908
0.00256284
0.400093
-0.000355613
0.00259853
0.400113
-0.000341009
0.00261938
-0.000235745
0.00264123
0.400788
0.00125387
0.400717
0.00156976
0.400704
0.00172213
0.400358
0.00176597
0.399813
0.00169735
0.399212
0.00161894
0.398601
0.00161252
0.39799
0.0016562
0.397385
0.00164325
0.396786
0.00154586
0.396196
0.00142944
0.395615
0.0013123
0.395042
0.00119066
0.394477
0.00108725
0.393921
0.00101703
0.393373
0.000964693
0.392832
0.000929384
0.392299
0.000917272
0.391773
0.000922123
0.391253
0.000928951
0.390741
0.000928282
0.390234
0.000920104
0.389734
0.000902249
0.38924
0.000875685
0.388751
0.00083834
0.388268
0.000783398
0.38779
0.000721342
0.387318
0.000666477
0.386851
0.00061169
0.386388
0.000548568
0.385931
0.000484676
0.385478
0.000428289
0.38503
0.000381916
0.384586
0.000345983
0.384146
0.000320239
0.38371
0.000309089
0.383278
0.000308934
0.382851
0.000304863
0.382427
0.000298504
0.382006
0.000295143
0.38159
0.000286718
0.381176
0.000274442
0.380767
0.000262522
0.38036
0.000253798
0.379957
0.000245241
0.379557
0.000223623
0.379159
0.000192381
0.378765
0.000163582
0.378374
0.000142765
0.377985
0.000120969
0.377599
9.1996e-05
0.377216
6.39743e-05
0.376835
4.00934e-05
0.376457
1.72272e-05
0.376082
-3.4502e-06
0.375709
-1.98187e-05
0.37534
-4.62929e-05
0.374976
-9.52313e-05
0.374627
-0.000156606
-0.000204635
0.400785
-0.0018643
0.400706
0.00138203
0.400692
0.00139448
0.400348
0.00169755
0.399806
0.00181291
0.399205
0.00176676
0.398595
0.00167054
0.397984
0.00156865
0.397379
0.00147008
0.396781
0.00137702
0.396192
0.00129118
0.395611
0.00121292
0.39504
0.00114153
0.394476
0.00107633
0.393921
0.00101671
0.393373
0.000962254
0.392833
0.000912411
0.3923
0.000866674
0.391774
0.000824718
0.391254
0.000786457
0.390741
0.000751646
0.390235
0.000719831
0.389735
0.000690713
0.38924
0.0006642
0.388752
0.000640101
0.388269
0.000618059
0.387791
0.000597838
0.387319
0.000579327
0.386852
0.000562315
0.38639
0.000546575
0.385932
0.000532004
0.385479
0.000518524
0.385031
0.000506016
0.384587
0.000494395
0.384147
0.000483596
0.383711
0.000473535
0.38328
0.000464135
0.382852
0.000455341
0.382428
0.000447143
0.382008
0.00043955
0.381591
0.000432488
0.381178
0.000425893
0.380768
0.000419753
0.380361
0.000414037
0.379958
0.000408676
0.379557
0.000403649
0.37916
0.000398937
0.378766
0.000394551
0.378375
0.000390479
0.377986
0.000386666
0.3776
0.000383108
0.377217
0.000379734
0.376836
0.000376542
0.376459
0.000373526
0.376083
0.000370542
0.37571
0.000367464
0.375341
0.000363886
0.374977
0.000357823
0.374627
0.000343647
0.000239158
0.398245
-0.00315745
0.398235
-4.27316e-05
0.398034
-5.85893e-05
0.398039
-4.21839e-05
0.398111
-3.00042e-06
0.39821
-4.91185e-05
0.398323
-0.00011151
0.398441
-0.000157151
0.398555
-0.000187972
0.398663
-0.000208837
0.398764
-0.00022186
0.398857
-0.000228821
0.398943
-0.000231566
0.399022
-0.000231386
0.399094
-0.000229009
0.399161
-0.000224872
0.399221
-0.000219459
0.399277
-0.000213273
0.399328
-0.000206266
0.399375
-0.000198225
0.399418
-0.000189275
0.399458
-0.000179763
0.399495
-0.000169835
0.399529
-0.00015938
0.39956
-0.000148452
0.39959
-0.000137348
0.399617
-0.000126193
0.399643
-0.000114963
0.399667
-0.000103798
0.39969
-9.28638e-05
0.399711
-8.21482e-05
0.399731
-7.16237e-05
0.39975
-6.13373e-05
0.399769
-5.1293e-05
0.399786
-4.1473e-05
0.399803
-3.18984e-05
0.399819
-2.25882e-05
0.399834
-1.35414e-05
0.399849
-4.71186e-06
0.399863
3.99651e-06
0.399877
1.25805e-05
0.399891
2.09933e-05
0.399904
2.92708e-05
0.399917
3.74033e-05
0.39993
4.53218e-05
0.399943
5.30431e-05
0.399955
6.05843e-05
0.399967
6.80027e-05
0.39998
7.53079e-05
0.399992
8.24422e-05
0.400004
8.94317e-05
0.400015
9.619e-05
0.400027
0.000102753
0.400039
0.000109119
0.40005
0.00011508
0.400062
0.00012047
0.400074
0.000124683
0.400088
0.000125109
0.400107
0.000112975
3.94893e-05
0.396068
-0.000920905
0.396276
0.000517587
0.396446
0.000777363
0.39675
0.000807217
0.397111
0.000873443
0.397456
0.000882458
0.397771
0.000858936
0.398056
0.00083229
0.398313
0.00080558
0.398545
0.000777289
0.398754
0.000748825
0.398944
0.000721077
0.399116
0.000693798
0.399274
0.000666852
0.399418
0.000640492
0.39955
0.000614967
0.399672
0.000590323
0.399785
0.000566526
0.39989
0.000543845
0.399988
0.000522679
0.40008
0.000503035
0.400167
0.000484662
0.400249
0.000467507
0.400327
0.000451743
0.400402
0.000437338
0.400473
0.000424003
0.400542
0.000411641
0.400609
0.000400269
0.400674
0.00038969
0.400738
0.000379709
0.4008
0.000370325
0.40086
0.00036152
0.40092
0.000353198
0.400979
0.000345341
0.401037
0.000337966
0.401095
0.000331033
0.401153
0.000324482
0.40121
0.00031827
0.401267
0.000312439
0.401323
0.000307071
0.40138
0.000302152
0.401437
0.000297613
0.401494
0.000293486
0.401551
0.000289726
0.401608
0.000286194
0.401665
0.000282883
0.401723
0.000279825
0.401781
0.000277088
0.401839
0.000274647
0.401897
0.000272397
0.401956
0.000270341
0.402015
0.000268395
0.402075
0.000266599
0.402134
0.000264925
0.402195
0.000263139
0.402255
0.000261073
0.402316
0.000258219
0.402376
0.000252687
0.40243
0.000239855
0.000203908
0.397417
-0.000488808
0.397741
1.72842e-05
0.398069
0.000133917
0.398344
9.63104e-05
0.398598
9.43765e-05
0.398816
7.70356e-05
0.398999
4.64272e-05
0.399158
1.9084e-05
0.399301
-2.91216e-06
0.399431
-2.08584e-05
0.399551
-3.47312e-05
0.399663
-4.47707e-05
0.399768
-5.21765e-05
0.399867
-5.78037e-05
0.399961
-6.19253e-05
0.40005
-6.47921e-05
0.400135
-6.6716e-05
0.400216
-6.79517e-05
0.400294
-6.85073e-05
0.400369
-6.82715e-05
0.400442
-6.73591e-05
0.400512
-6.60068e-05
0.40058
-6.42719e-05
0.400646
-6.2044e-05
0.400711
-5.93847e-05
0.400774
-5.64996e-05
0.400836
-5.34053e-05
0.400897
-5.00794e-05
0.400956
-4.66965e-05
0.401015
-4.33818e-05
0.401074
-4.00929e-05
0.401132
-3.68419e-05
0.401189
-3.36924e-05
0.401246
-3.0619e-05
0.401303
-2.75697e-05
0.401359
-2.45398e-05
0.401416
-2.15717e-05
0.401472
-1.86994e-05
0.401529
-1.58379e-05
0.401585
-1.28919e-05
0.401642
-9.90336e-06
0.401699
-6.89e-06
0.401756
-3.80718e-06
0.401813
-6.97833e-07
0.401871
2.35444e-06
0.401928
5.32414e-06
0.401986
8.26763e-06
0.402045
1.1271e-05
0.402104
1.42916e-05
0.402163
1.72245e-05
0.402223
2.00796e-05
0.402283
2.28387e-05
0.402343
2.55607e-05
0.402404
2.82212e-05
0.402466
3.06603e-05
0.402527
3.27854e-05
0.402588
3.43234e-05
0.402648
3.42495e-05
0.402704
2.95173e-05
1.10536e-05
0.397416
-4.3282e-07
0.397463
-6.33517e-07
0.397663
-3.73969e-07
0.39786
1.3588e-07
0.39809
8.44636e-07
0.398331
1.40002e-06
0.398563
2.18195e-06
0.39878
3.83431e-06
0.398983
5.68642e-06
0.39917
7.25021e-06
0.399343
8.97249e-06
0.399502
1.10298e-05
0.399648
1.29066e-05
0.399783
1.43507e-05
0.399908
1.54787e-05
0.400024
1.63366e-05
0.400132
1.69729e-05
0.400234
1.74359e-05
0.400329
1.77849e-05
0.400418
1.80844e-05
0.400503
1.83263e-05
0.400584
1.84719e-05
0.400661
1.85693e-05
0.400735
1.87188e-05
0.400806
1.88837e-05
0.400875
1.89848e-05
0.400942
1.91166e-05
0.401006
1.93327e-05
0.40107
1.9512e-05
0.401132
1.96164e-05
0.401192
1.97158e-05
0.401252
1.98024e-05
0.401311
1.98532e-05
0.40137
1.99135e-05
0.401428
2.00279e-05
0.401485
2.02162e-05
0.401542
2.04291e-05
0.4016
2.06069e-05
0.401657
2.08321e-05
0.401714
2.11603e-05
0.401771
2.15246e-05
0.401828
2.19519e-05
0.401885
2.24736e-05
0.401943
2.30382e-05
0.402
2.36122e-05
0.402058
2.41349e-05
0.402117
2.46741e-05
0.402175
2.53142e-05
0.402234
2.59876e-05
0.402294
2.65876e-05
0.402353
2.71136e-05
0.402413
2.76131e-05
0.402474
2.81335e-05
0.402535
2.86499e-05
0.402596
2.91058e-05
0.402658
2.94938e-05
0.402719
2.98439e-05
0.402778
3.02593e-05
0.40283
3.07848e-05
3.11542e-05
0.397417
0.000487894
0.397463
-1.85949e-05
0.397663
-0.000134763
0.397861
-9.60446e-05
0.398091
-9.26426e-05
0.398332
-7.41481e-05
0.398563
-4.16993e-05
0.398781
-1.10046e-05
0.398983
1.47515e-05
0.399171
3.59139e-05
0.399343
5.32226e-05
0.399502
6.72218e-05
0.399648
7.82058e-05
0.399783
8.6615e-05
0.399908
9.29028e-05
0.400024
9.74227e-05
0.400132
0.000100592
0.400234
0.000102726
0.400329
0.000103945
0.400418
0.000104285
0.400503
0.000103855
0.400584
0.000102801
0.400661
0.000101242
0.400735
9.92945e-05
0.400806
9.69664e-05
0.400875
9.42807e-05
0.400942
9.14197e-05
0.401007
8.84873e-05
0.40107
8.54394e-05
0.401132
8.23149e-05
0.401192
7.91987e-05
0.401252
7.61096e-05
0.401311
7.3089e-05
0.40137
7.01921e-05
0.401428
6.74336e-05
0.401485
6.48388e-05
0.401543
6.23579e-05
0.4016
5.9906e-05
0.401657
5.7547e-05
0.401714
5.52918e-05
0.401771
5.30664e-05
0.401828
5.0932e-05
0.401885
4.88998e-05
0.401943
4.69256e-05
0.402001
4.49787e-05
0.402058
4.29964e-05
0.402117
4.10492e-05
0.402175
3.92211e-05
0.402234
3.7442e-05
0.402294
3.56275e-05
0.402353
3.37711e-05
0.402413
3.19755e-05
0.402474
3.02647e-05
0.402535
2.86155e-05
0.402596
2.70743e-05
0.402657
2.57194e-05
0.402718
2.48729e-05
0.402777
2.57366e-05
0.40283
3.1399e-05
5.03472e-05
0.397417
0.000920259
0.397741
-0.000518401
0.398069
-0.000778165
0.398344
-0.000807093
0.398598
-0.000872154
0.398816
-0.000880595
0.399
-0.000855989
0.399159
-0.000826331
0.399302
-0.000795991
0.399433
-0.000764876
0.399553
-0.000733478
0.399664
-0.000702422
0.399769
-0.000672075
0.399868
-0.000642579
0.399962
-0.000614162
0.400051
-0.000587017
0.400136
-0.000561091
0.400217
-0.00053638
0.400295
-0.000513069
0.400371
-0.00049137
0.400443
-0.000471276
0.400513
-0.000452665
0.400581
-0.000435462
0.400647
-0.000419578
0.400712
-0.000404993
0.400775
-0.000391655
0.400837
-0.000379334
0.400898
-0.000367864
0.400958
-0.000357212
0.401017
-0.000347295
0.401075
-0.000338013
0.401133
-0.000329294
0.40119
-0.000321022
0.401247
-0.000313129
0.401304
-0.000305609
0.401361
-0.000298411
0.401417
-0.000291555
0.401474
-0.000285109
0.40153
-0.000279014
0.401587
-0.000273264
0.401644
-0.000267901
0.4017
-0.000262831
0.401758
-0.000258038
0.401815
-0.000253529
0.401872
-0.000249298
0.40193
-0.000245377
0.401989
-0.000241704
0.402047
-0.000238199
0.402106
-0.000234897
0.402165
-0.000231836
0.402225
-0.000229014
0.402285
-0.00022629
0.402346
-0.000223655
0.402406
-0.00022112
0.402468
-0.000218562
0.402529
-0.000215828
0.402591
-0.000212379
0.402651
-0.000206168
0.402707
-0.000192343
-0.000155118
0.396069
0.0031561
0.396277
4.34654e-05
0.396448
6.00517e-05
0.396752
4.58664e-05
0.397112
9.2599e-06
0.397457
5.78586e-05
0.397772
0.000123804
0.398057
0.000173943
0.398314
0.000209054
0.398546
0.000233582
0.398755
0.000249935
0.398945
0.000259844
0.399117
0.000265019
0.399274
0.000266813
0.399418
0.000265961
0.39955
0.00026304
0.399672
0.000258655
0.399785
0.000253189
0.39989
0.000246718
0.399988
0.000239195
0.40008
0.000230758
0.400167
0.000221624
0.400249
0.00021192
0.400327
0.000201771
0.400402
0.000191227
0.400473
0.000180367
0.400543
0.000169392
0.400609
0.000158448
0.400674
0.000147588
0.400738
0.000136881
0.4008
0.000126384
0.40086
0.000116151
0.40092
0.000106273
0.400979
9.67664e-05
0.401037
8.75772e-05
0.401095
7.87059e-05
0.401153
7.01065e-05
0.40121
6.16924e-05
0.401267
5.34795e-05
0.401324
4.54314e-05
0.40138
3.75003e-05
0.401437
2.97527e-05
0.401494
2.21702e-05
0.401551
1.47362e-05
0.401609
7.4471e-06
0.401666
2.60347e-07
0.401724
-6.75213e-06
0.401782
-1.35786e-05
0.40184
-2.02565e-05
0.401899
-2.68153e-05
0.401958
-3.32709e-05
0.402018
-3.95068e-05
0.402077
-4.55365e-05
0.402137
-5.13858e-05
0.402198
-5.69303e-05
0.402259
-6.1998e-05
0.402319
-6.5953e-05
0.40238
-6.60581e-05
0.402435
-5.31904e-05
2.16926e-05
0.398246
0.00186165
0.398237
-0.00138372
0.398036
-0.0013972
0.398042
-0.00170098
0.398113
-0.00181685
0.398213
-0.0017719
0.398328
-0.00167638
0.398445
-0.00157401
0.398559
-0.00147441
0.398667
-0.00138044
0.398768
-0.00129352
0.398861
-0.00121403
0.398946
-0.00114156
0.399025
-0.00107543
0.399097
-0.00101513
0.399163
-0.000960142
0.399224
-0.0009099
0.399279
-0.000863917
0.39933
-0.000821892
0.399377
-0.000783623
0.39942
-0.000748806
0.39946
-0.000717101
0.399497
-0.000688229
0.399531
-0.000661923
0.399563
-0.000637969
0.399592
-0.000616183
0.39962
-0.000596286
0.399646
-0.000578026
0.39967
-0.000561236
0.399693
-0.000545767
0.399714
-0.000531482
0.399734
-0.000518241
0.399754
-0.000505895
0.399772
-0.000494354
0.39979
-0.000483577
0.399806
-0.000473492
0.399822
-0.000464056
0.399838
-0.000455264
0.399853
-0.000447061
0.399867
-0.000439419
0.399881
-0.000432317
0.399895
-0.000425676
0.399908
-0.00041947
0.399921
-0.000413666
0.399934
-0.000408233
0.399947
-0.000403195
0.399959
-0.000398442
0.399972
-0.000393951
0.399984
-0.00038971
0.399996
-0.000385713
0.400008
-0.00038196
0.40002
-0.000378365
0.400032
-0.000374919
0.400043
-0.000371626
0.400055
-0.00036839
0.400067
-0.000365087
0.400079
-0.000361302
0.400093
-0.000354989
0.400113
-0.000340253
-0.000234259
0.400786
0.400705
0.400692
0.400348
0.399805
0.399206
0.398595
0.397985
0.397379
0.396781
0.396192
0.395611
0.395039
0.394475
0.393919
0.393371
0.392831
0.392298
0.391772
0.391253
0.39074
0.390233
0.389733
0.389239
0.38875
0.388267
0.38779
0.387317
0.38685
0.386388
0.385931
0.385478
0.385029
0.384586
0.384146
0.38371
0.383279
0.382851
0.382427
0.382007
0.38159
0.381177
0.380767
0.38036
0.379957
0.379556
0.379159
0.378765
0.378374
0.377985
0.377599
0.377216
0.376835
0.376457
0.376082
0.375709
0.375339
0.374976
0.374627
)
;

boundaryField
{
    wall
    {
        type            calculated;
        value           nonuniform List<scalar> 
1200
(
-0.00254478
0.000692242
-0.000700887
-0.000151106
-0.000188243
-0.000167192
-9.11632e-05
-0.000582845
0.000979219
-0.00226932
-0.00311102
0.00090794
-0.00190613
-0.000293143
-0.000483263
-0.00043443
-0.000166047
-0.00167777
0.00138098
-0.00287802
-0.00340948
0.000638659
-0.0032862
-0.000489791
-0.00103103
-0.00095955
-0.00032097
-0.00294051
0.00135569
-0.00310584
-0.00345436
0.000414172
-0.00440772
-0.000618768
-0.00164044
-0.00154454
-0.000420106
-0.00397413
0.00131061
-0.00311885
-0.00331514
0.00033512
-0.00514145
-0.000558456
-0.00202497
-0.00190261
-0.000328908
-0.00462108
0.00138355
-0.00296738
-0.0032379
0.000223431
-0.00561259
-0.000373972
-0.00214128
-0.00198337
-8.64046e-05
-0.00494597
0.00149921
-0.00278799
-0.00316676
9.59809e-05
-0.00590427
-0.000171998
-0.00211854
-0.00193252
0.000179506
-0.00512449
0.00153801
-0.0026783
-0.00296053
5.79529e-05
-0.00601046
1.94999e-05
-0.00205392
-0.00187354
0.000381105
-0.00526646
0.00147618
-0.00262222
-0.00265838
7.58832e-05
-0.005995
0.0001851
-0.0019948
-0.00183501
0.000523718
-0.00534546
0.00141144
-0.00251499
-0.00235475
7.49693e-05
-0.00594797
0.000281695
-0.00197051
-0.00182433
0.000622375
-0.00534816
0.00138882
-0.00233035
-0.00201997
9.4427e-05
-0.00585352
0.000337501
-0.00196794
-0.00184412
0.000658771
-0.00532923
0.00135966
-0.00213464
-0.00164266
0.00016087
-0.00569414
0.000388976
-0.00195925
-0.00187497
0.000645537
-0.00530423
0.00131557
-0.00194557
-0.00129445
0.000220922
-0.00551957
0.000426006
-0.00193628
-0.00189232
0.000618895
-0.00525704
0.00127297
-0.00175895
-0.00102519
0.000230917
-0.00537477
0.000431197
-0.00190771
-0.00189534
0.00058739
-0.00519834
0.00121881
-0.00159726
-0.000838392
0.000183534
-0.00527411
0.000398799
-0.00188805
-0.00190102
0.000538618
-0.00514996
0.00113824
-0.00147478
-0.000708077
0.000100213
-0.00520349
0.000346668
-0.00186819
-0.0019013
0.000486299
-0.00510353
0.00104615
-0.00137538
-0.000620486
-5.75896e-06
-0.00515133
0.000293313
-0.00183373
-0.00188256
0.000444665
-0.00505483
0.000945844
-0.00129787
-0.000586467
-0.000143946
-0.00512478
0.000239112
-0.00178647
-0.00184699
0.000412323
-0.00501112
0.000831212
-0.00124799
-0.000588881
-0.000305912
-0.00512273
0.000178767
-0.00174046
-0.00181019
0.000378461
-0.00497943
0.000703709
-0.00121892
-0.000590621
-0.000467889
-0.00513534
0.000107618
-0.00171162
-0.00178971
0.000331748
-0.00496273
0.000571688
-0.00119507
-0.000582029
-0.000624351
-0.00515912
2.61884e-05
-0.00170156
-0.00178619
0.000274214
-0.00495678
0.000442877
-0.00116662
-0.000581847
-0.000790341
-0.00520146
-6.63011e-05
-0.00170795
-0.00179543
0.000209924
-0.00495922
0.000318406
-0.00113334
-0.000588236
-0.000963798
-0.00525809
-0.000166409
-0.00172795
-0.0018156
0.000140381
-0.00496811
0.000200691
-0.00109277
-0.000570354
-0.00111907
-0.00531011
-0.000264882
-0.00175791
-0.00184639
6.50941e-05
-0.00498346
8.95592e-05
-0.00104567
-0.000528719
-0.00125722
-0.0053602
-0.000367501
-0.00180353
-0.00189245
-1.81293e-05
-0.00500475
-1.27631e-05
-0.000989727
-0.000488257
-0.00139744
-0.0054198
-0.000479533
-0.00186448
-0.00195073
-0.000104393
-0.00502553
-9.92106e-05
-0.000917809
-0.000444915
-0.00153355
-0.00547978
-0.000591077
-0.00193104
-0.00201486
-0.000192125
-0.00504832
-0.000177248
-0.000840414
-0.000390246
-0.00165846
-0.0055354
-0.000700557
-0.00200319
-0.00208708
-0.000286296
-0.00508071
-0.000258565
-0.000771816
-0.000338571
-0.00178434
-0.00559535
-0.000812489
-0.00207995
-0.00216229
-0.000379379
-0.00511388
-0.000335391
-0.000704631
-0.000297081
-0.00191555
-0.00565879
-0.000921143
-0.00215135
-0.00222883
-0.000459934
-0.00513712
-0.00039853
-0.000630305
-0.000260573
-0.00204794
-0.00572227
-0.00102466
-0.00221713
-0.00228871
-0.000532216
-0.00515613
-0.000454854
-0.000556368
-0.000230634
-0.00218475
-0.00579024
-0.0011286
-0.0022827
-0.0023471
-0.000601553
-0.00517697
-0.000511789
-0.000490999
-0.000207736
-0.00232663
-0.00586195
-0.00123056
-0.00234347
-0.0023983
-0.000663157
-0.00519752
-0.000570381
-0.000436641
-0.000185192
-0.00246765
-0.00593144
-0.00132527
-0.00239496
-0.0024391
-0.000715442
-0.00521771
-0.00063149
-0.000393628
-0.000159788
-0.00260539
-0.00599707
-0.001413
-0.00243945
-0.00247341
-0.000762808
-0.00524104
-0.000696971
-0.000361562
-0.00013447
-0.0027425
-0.00606077
-0.00149572
-0.0024794
-0.00250478
-0.000809867
-0.0052726
-0.000772247
-0.000344843
-0.000116228
-0.00288587
-0.00612844
-0.00157847
-0.00251855
-0.00253559
-0.000857503
-0.00531165
-0.000855529
-0.00033977
-0.000104885
-0.00303606
-0.00620042
-0.00166143
-0.00255597
-0.00256282
-0.000899649
-0.00534857
-0.000934433
-0.000331199
-8.63884e-05
-0.00318052
-0.00626601
-0.00173689
-0.00258715
-0.00258489
-0.000936801
-0.0053847
-0.00101083
-0.000320827
-5.50256e-05
-0.00331443
-0.00632343
-0.00180799
-0.00261807
-0.00260993
-0.00097749
-0.00542736
-0.00109095
-0.000313905
-1.49854e-05
-0.00344173
-0.0063766
-0.00187829
-0.0026508
-0.00263799
-0.0010192
-0.00547119
-0.00116784
-0.000302185
3.80876e-05
-0.00355681
-0.00641862
-0.00193976
-0.00267702
-0.00266213
-0.00105718
-0.00551372
-0.00124144
-0.000286966
0.000106653
-0.00365752
-0.00644912
-0.00199313
-0.00269905
-0.00268696
-0.00109668
-0.00555971
-0.00131623
-0.000272401
0.00018077
-0.00375308
-0.00647782
-0.00204575
-0.00272294
-0.00271892
-0.00114245
-0.00561257
-0.00139531
-0.00026132
0.00025004
-0.00385219
-0.0065116
-0.00210162
-0.00274972
-0.00275708
-0.00119204
-0.00566918
-0.00147581
-0.00025068
0.000318204
-0.00395156
-0.00654782
-0.00215886
-0.00277656
-0.00279599
-0.00123763
-0.00571951
-0.00154584
-0.000227057
0.000400658
-0.0040362
-0.00657237
-0.00220543
-0.00279357
-0.00282804
-0.0012748
-0.00576222
-0.00160687
-0.000194018
0.000503717
-0.00410031
-0.00658178
-0.00224111
-0.00280357
-0.00285872
-0.00131195
-0.00580705
-0.00166964
-0.000163665
0.000613139
-0.00415743
-0.00659009
-0.0022801
-0.00281951
-0.00289853
-0.00135783
-0.00586078
-0.00174005
-0.000141516
0.00071815
-0.00421678
-0.00660447
-0.00232683
-0.00284228
-0.00294441
-0.00140682
-0.00591597
-0.00180996
-0.000118496
0.000825558
-0.00427268
-0.00662016
-0.00237724
-0.00286828
-0.00299224
-0.00145459
-0.0059678
-0.00187401
-8.83522e-05
0.000934967
-0.00432362
-0.00663273
-0.00242445
-0.00289008
-0.00303582
-0.00149847
-0.00601785
-0.00193785
-5.93709e-05
0.00105078
-0.00436567
-0.00663929
-0.00246709
-0.00290854
-0.00307752
-0.00154201
-0.00606967
-0.00200485
-3.46766e-05
0.00117047
-0.00440156
-0.00664296
-0.00250817
-0.00292644
-0.00311914
-0.00158616
-0.00612261
-0.00207306
-1.1071e-05
0.00127695
-0.00444464
-0.00665162
-0.00254946
-0.00294107
-0.00315575
-0.00162652
-0.0061741
-0.0021423
1.01988e-05
0.00136435
-0.00450113
-0.00667165
-0.00259744
-0.00295901
-0.00319321
-0.00166783
-0.0062274
-0.00221507
2.69764e-05
0.00144714
-0.00455949
-0.00669459
-0.00264675
-0.00297728
-0.00322853
-0.00170499
-0.00627392
-0.00227934
5.38632e-05
0.00154961
-0.00459716
-0.00669987
-0.00267893
-0.00298044
-0.00324842
-0.00172596
-0.00630218
-0.00232299
0.00010334
0.00166483
-0.00461621
-0.00668615
-0.00268823
-0.00296192
-0.00324695
-0.0017279
-0.006314
-0.00235151
0.000164721
0.00175459
-0.00463777
-0.00667163
-0.00269279
-0.00294254
-0.00324337
-0.00172825
-0.00632407
-0.00238091
0.000214432
0.000511376
0.00121095
-0.000100455
0.000262119
0.000187537
0.000166504
0.000202116
-0.000218562
0.000925129
0.000234306
0.00050226
0.00195711
0.000369798
0.000645866
0.00042799
0.000379261
0.000518716
0.000140541
0.00148837
0.000266364
0.000646249
0.00266519
0.00127131
0.00111942
0.000900311
0.000829064
0.000950747
0.000923082
0.0019575
0.000338303
0.000750295
0.00305347
0.00209876
0.00148644
0.00143197
0.00133642
0.00128833
0.00166039
0.00217255
0.000409163
0.000777291
0.00315378
0.00266564
0.00160595
0.00174685
0.0016249
0.00137755
0.00213776
0.00212774
0.000422878
0.000904538
0.00320929
0.00305826
0.00154863
0.00180779
0.00165027
0.00126304
0.00238065
0.00196388
0.000446741
0.00104376
0.00323828
0.00333172
0.00143066
0.00174453
0.00155879
0.00108221
0.00253699
0.00183505
0.000546388
0.00103981
0.00315651
0.00345992
0.00128917
0.00165218
0.00147193
0.000931727
0.00269754
0.00178445
0.000692543
0.000925971
0.00300946
0.00349286
0.0011477
0.0015757
0.00141592
0.000814188
0.00282238
0.00172608
0.000774447
0.000794798
0.00287852
0.00351137
0.00105586
0.00154226
0.00139597
0.000721181
0.00288859
0.00162206
0.000763391
0.00061643
0.00272856
0.003493
0.000990646
0.00153684
0.0014128
0.00067617
0.00294431
0.00152507
0.000725473
0.00038019
0.00253555
0.00341542
0.000919696
0.00152998
0.0014454
0.000670482
0.00300057
0.0014458
0.000679127
0.000158991
0.0023541
0.00332524
0.000856197
0.00151225
0.00146793
0.000670982
0.00303792
0.00136926
0.00062125
4.12871e-06
0.00222825
0.00326542
0.000819782
0.00149133
0.00147857
0.000671456
0.00306477
0.00130923
0.000575574
-7.95217e-05
0.00216534
0.00324905
0.000817836
0.001481
0.00149357
0.000686015
0.00310146
0.0012808
0.000557638
-0.000116776
0.00214385
0.00326112
0.000833749
0.00147158
0.00150429
0.000702234
0.00313853
0.00126919
0.00055243
-0.000120365
0.00215036
0.0032894
0.000849973
0.00144824
0.00149668
0.000706872
0.00317102
0.00127105
0.000559808
-7.84975e-05
0.00219418
0.00334068
0.000866825
0.00141243
0.0014726
0.000702046
0.00320576
0.0012923
0.000586452
-7.50477e-06
0.0022666
0.00341363
0.0008901
0.00137799
0.00144741
0.000699068
0.00324953
0.00133128
0.000626362
5.6179e-05
0.00234366
0.00349828
0.000924798
0.00136068
0.00143851
0.0007096
0.00330517
0.00137941
0.000664695
0.000103499
0.00241964
0.0035911
0.00097063
0.00136201
0.00144644
0.00073184
0.00336843
0.00142874
0.000692273
0.000153777
0.0025093
0.0036995
0.00102853
0.00137958
0.0014669
0.000761882
0.00343696
0.00147792
0.000709458
0.000205695
0.00261033
0.00381927
0.00109515
0.00141048
0.00149803
0.000798323
0.00350887
0.00152433
0.000714312
0.000228859
0.00269692
0.00393157
0.00116131
0.00145103
0.00153947
0.000841709
0.00358427
0.00156791
0.000708107
0.000224201
0.00276995
0.00403911
0.00123283
0.00150692
0.00159584
0.000894248
0.00366276
0.00160625
0.000688963
0.000217049
0.00284841
0.00415348
0.00131496
0.0015778
0.00166411
0.00095105
0.00373796
0.00163209
0.000650148
0.000203707
0.00292588
0.00426564
0.0013978
0.00165395
0.00173788
0.00101053
0.00381253
0.0016527
0.000602529
0.00017605
0.00299513
0.00437097
0.00147975
0.00173534
0.00181938
0.00107762
0.00389421
0.00167956
0.000560723
0.000148699
0.00306813
0.00447825
0.0015653
0.00182099
0.00190354
0.00114475
0.00397429
0.00170471
0.00051765
0.000129114
0.00314905
0.00458679
0.00164866
0.00190095
0.00197867
0.00120049
0.00404216
0.00171881
0.000465023
0.000112335
0.00323357
0.00469325
0.00172796
0.00197494
0.0020468
0.00124903
0.00410362
0.00172858
0.000410616
0.000100164
0.00332475
0.00480219
0.0018087
0.00204839
0.0021131
0.00129567
0.00416487
0.00174128
0.000362831
9.32674e-05
0.00342311
0.00491298
0.00188843
0.00211671
0.00217187
0.00133559
0.00422388
0.00175779
0.000324309
8.51289e-05
0.00352259
0.00501974
0.00196184
0.00217543
0.00221993
0.00136714
0.0042807
0.00177883
0.000295559
7.26881e-05
0.00362063
0.00512093
0.00202917
0.00222685
0.00226118
0.0013947
0.00433893
0.00180612
0.000276342
5.90314e-05
0.0037198
0.00521856
0.00209234
0.00227343
0.00229919
0.00142282
0.0044038
0.00184493
0.000271195
5.12748e-05
0.00382687
0.00531864
0.00215635
0.00231894
0.00233636
0.00145233
0.00447466
0.00189336
0.000276542
4.93559e-05
0.00394226
0.00542158
0.00222132
0.00236244
0.00236967
0.00147713
0.00454196
0.00193891
0.000277348
3.93207e-05
0.00405338
0.00551675
0.00227954
0.00239944
0.00239757
0.00149769
0.00460713
0.00198338
0.000275406
1.55434e-05
0.00415528
0.00560248
0.00233408
0.00243595
0.00242819
0.00152249
0.00467757
0.00203291
0.000276057
-1.77073e-05
0.00425185
0.00568273
0.00238848
0.00247404
0.00246162
0.00154896
0.004748
0.00208046
0.000271134
-6.47061e-05
0.00433744
0.00575066
0.0024347
0.0025054
0.0024909
0.00157234
0.004816
0.00212591
0.00026201
-0.000127845
0.00440984
0.00580593
0.00247342
0.00253237
0.00252067
0.00159782
0.00488641
0.00217366
0.000252905
-0.000197121
0.00447823
0.00585833
0.00251196
0.002561
0.00255739
0.00163013
0.00496269
0.00222675
0.000246709
-0.000262078
0.00455122
0.00591481
0.00255429
0.00259236
0.00260012
0.00166678
0.00504178
0.00228222
0.000240437
-0.000326408
0.00462549
0.00597276
0.0025985
0.00262361
0.00264344
0.00169994
0.0051137
0.00232817
0.000220712
-0.00040546
0.00468599
0.00601813
0.00263255
0.00264486
0.00267973
0.00172514
0.00517715
0.00236601
0.000191144
-0.000505507
0.00472693
0.00604747
0.00265618
0.00265896
0.00271449
0.00175078
0.00524193
0.00240643
0.000163877
-0.000612269
0.00476179
0.00607486
0.00268357
0.00267884
0.00275824
0.00178556
0.00531486
0.00245526
0.000144465
-0.000714935
0.00479974
0.00610752
0.00271913
0.00270542
0.00280793
0.00182386
0.00538854
0.00250434
0.000123872
-0.000820282
0.00483506
0.00614073
0.00275878
0.00273509
0.00285943
0.00186131
0.00545818
0.00254827
9.58722e-05
-0.000927882
0.00486621
0.00617012
0.0027956
0.00276044
0.00290656
0.00189522
0.00552538
0.00259266
6.87831e-05
-0.00104211
0.00488923
0.00619279
0.00282823
0.00278234
0.00295169
0.00192914
0.00559372
0.00264085
4.57553e-05
-0.00116042
0.00490683
0.00621192
0.00285966
0.00280355
0.00299662
0.00196398
0.00566261
0.00269087
2.36138e-05
-0.00126569
0.0049323
0.00623542
0.00289161
0.00282138
0.00303642
0.00199534
0.00572946
0.0027425
3.62632e-06
-0.00135204
0.00497182
0.00626971
0.00293058
0.00284243
0.00307696
0.00202795
0.00579759
0.00279821
-1.20311e-05
-0.00143392
0.00501384
0.00630636
0.00297115
0.00286369
0.00311525
0.00205668
0.00585841
0.00284595
-3.79432e-05
-0.00153548
0.00503577
0.00632481
0.0029949
0.00286973
0.00313801
0.00206952
0.00590042
0.00287362
-8.64659e-05
-0.00165085
0.00503965
0.00632365
0.00299612
0.00285401
0.00313933
0.00206366
0.00592542
0.00288669
-0.000147943
-0.00173701
0.0050467
0.00632109
0.00299291
0.00283724
0.00313837
0.00205648
0.00594808
0.0029012
-0.000194067
)
;
    }
    inlet
    {
        type            calculated;
        value           nonuniform List<scalar> 
20
(
-0.397904
-0.397904
-0.397904
-0.397904
-0.397904
-0.397904
-0.397904
-0.397904
-0.397904
-0.397904
-0.397904
-0.397904
-0.397904
-0.397904
-0.397904
-0.397904
-0.397904
-0.397904
-0.397904
-0.397904
)
;
    }
    outlet
    {
        type            calculated;
        value           nonuniform List<scalar> 
20
(
0.374378
0.400105
0.402443
0.402748
0.402864
0.402864
0.402749
0.402448
0.40011
0.374381
0.37438
0.400103
0.402441
0.402747
0.402863
0.402863
0.402748
0.402446
0.400109
0.374382
)
;
    }
    heatWall
    {
        type            calculated;
        value           nonuniform List<scalar> 
240
(
0
0
0
1.0842e-19
0
0
0
0
0
0
-1.0842e-19
0
0
0
0
0
0
0
0
0
0
0
0
0
0
0
0
0
0
0
0
0
0
0
0
0
0
0
0
1.0842e-19
1.0842e-19
1.0842e-19
0
0
0
0
0
0
0
0
0
0
-1.0842e-19
0
0
0
-1.0842e-19
0
0
1.0842e-19
0
0
0
0
0
0
1.0842e-19
0
0
-1.0842e-19
0
0
0
0
0
0
0
0
0
0
0
0
0
0
0
0
0
0
0
0
0
0
0
0
0
0
0
1.0842e-19
0
0
0
0
0
0
0
0
0
0
0
0
0
0
0
1.0842e-19
0
0
-1.0842e-19
0
0
-1.0842e-19
0
0
0
0
0
0
0
0
0
0
0
0
0
0
0
0
0
0
0
0
0
0
0
0
0
0
0
0
0
0
0
0
0
0
0
0
0
0
0
0
0
0
0
0
0
0
0
0
0
0
0
0
0
0
0
0
0
0
0
0
0
0
0
0
0
0
0
0
0
0
0
0
0
0
0
0
0
0
0
0
0
0
0
0
0
0
0
0
0
0
0
0
0
0
0
0
0
0
0
0
0
0
0
0
0
0
0
0
0
0
0
0
0
0
0
0
0
0
0
0
)
;
    }
}


// ************************************************************************* //
