/*--------------------------------*- C++ -*----------------------------------*\
  =========                 |
  \\      /  F ield         | OpenFOAM: The Open Source CFD Toolbox
   \\    /   O peration     | Website:  https://openfoam.org
    \\  /    A nd           | Version:  8
     \\/     M anipulation  |
\*---------------------------------------------------------------------------*/
FoamFile
{
    version     2.0;
    format      ascii;
    class       surfaceScalarField;
    location    "400";
    object      phi;
}
// * * * * * * * * * * * * * * * * * * * * * * * * * * * * * * * * * * * * * //

dimensions      [1 0 -1 0 0 0 0];

internalField   nonuniform List<scalar> 
2860
(
0.400787
-0.00186875
0.0014715
0.400718
0.00137874
0.00214286
0.40071
0.00139776
0.00285336
0.400366
0.00169406
0.00289501
0.399821
0.00180178
0.00240066
0.399222
0.001755
0.00215284
0.398615
0.00166175
0.00220077
0.398007
0.00156168
0.00220825
0.397405
0.00146417
0.00217433
0.396811
0.00137193
0.00225107
0.396227
0.00128545
0.00227576
0.39565
0.00120542
0.00212653
0.395083
0.00113228
0.00189168
0.394524
0.00106543
0.00163414
0.393974
0.00100451
0.00138894
0.393433
0.000948951
0.0011261
0.392898
0.000897904
0.000811505
0.392372
0.00085142
0.000519201
0.391852
0.000809591
0.000295552
0.391341
0.000771739
9.95536e-05
0.390835
0.000736961
-0.000105321
0.390336
0.000705082
-0.000277525
0.389844
0.000676434
-0.000370832
0.389358
0.000650651
-0.000435777
0.388877
0.000626974
-0.000506641
0.388402
0.000605313
-0.000544296
0.387933
0.000585704
-0.000553876
0.387469
0.000567696
-0.00057337
0.38701
0.000550942
-0.000595897
0.386556
0.00053544
-0.000609925
0.386107
0.00052111
-0.000626017
0.385663
0.000507808
-0.000641885
0.385223
0.000495484
-0.000651868
0.384788
0.000484011
-0.000666154
0.384357
0.000473231
-0.000693932
0.38393
0.000463157
-0.000733835
0.383506
0.000453811
-0.000769894
0.383087
0.000445153
-0.000788012
0.382672
0.000437183
-0.0008011
0.382261
0.000429808
-0.00081979
0.381853
0.000422853
-0.00083838
0.381448
0.000416388
-0.000862243
0.381047
0.000410334
-0.000902692
0.380649
0.000404616
-0.000952835
0.380254
0.000399361
-0.000988189
0.379863
0.000394407
-0.00100758
0.379474
0.000389783
-0.00102871
0.379089
0.000385478
-0.00106897
0.378706
0.000381396
-0.00111487
0.378326
0.000377747
-0.00113861
0.377949
0.000374157
-0.001171
0.377574
0.000370716
-0.00120136
0.377202
0.000367496
-0.00123975
0.376832
0.000364226
-0.00130741
0.376465
0.000361143
-0.00136891
0.3761
0.000358224
-0.00139884
0.375739
0.000354938
-0.00140098
0.375383
0.000349066
-0.00143184
0.375042
0.000335214
-0.00148727
0.000232322
-0.00152743
0.398245
-0.00315943
0.000370585
0.398235
-3.79984e-05
0.000947251
0.398038
-4.97292e-05
0.00177529
0.398046
-3.85815e-05
0.00213103
0.39812
-7.99305e-06
0.00206872
0.398222
-5.39342e-05
0.00204765
0.398339
-0.000111776
0.00214179
0.39846
-0.000153761
0.00217928
0.398578
-0.000181227
0.0021865
0.39869
-0.000198334
0.00231265
0.398796
-0.000208891
0.00245112
0.398894
-0.000215023
0.00248948
0.398985
-0.00021739
0.00248263
0.399069
-0.000216885
0.00248331
0.399147
-0.000214046
0.00251155
0.399219
-0.000209755
0.00253133
0.399287
-0.000204874
0.00251488
0.399349
-0.000198755
0.00251339
0.399408
-0.000190948
0.00254896
0.399462
-0.000182241
0.00258623
0.399513
-0.000173405
0.00260321
0.399561
-0.000164147
0.00263678
0.399606
-0.000153761
0.00271559
0.399648
-0.000142609
0.00279475
0.399688
-0.000131486
0.00286008
0.399726
-0.000120206
0.00295077
0.399762
-0.000108546
0.00305681
0.399796
-9.70189e-05
0.00315055
0.399829
-8.58798e-05
0.00324694
0.39986
-7.49099e-05
0.00335521
0.39989
-6.41329e-05
0.00346421
0.399919
-5.36709e-05
0.0035771
0.399946
-4.34438e-05
0.00369804
0.399973
-3.34978e-05
0.00381868
0.4
-2.39745e-05
0.00393292
0.400025
-1.47849e-05
0.00403911
0.40005
-5.81749e-06
0.0041497
0.400074
2.98851e-06
0.00427892
0.400098
1.17741e-05
0.00441175
0.400121
2.04162e-05
0.00453924
0.400144
2.87585e-05
0.00467133
0.400167
3.69728e-05
0.00479993
0.400189
4.49496e-05
0.00491487
0.400212
5.26293e-05
0.00502367
0.400233
6.02835e-05
0.00514478
0.400255
6.7766e-05
0.00528407
0.400276
7.51456e-05
0.00542357
0.400298
8.23899e-05
0.0055454
0.400319
8.93972e-05
0.00566437
0.40034
9.64634e-05
0.00579955
0.40036
0.000103122
0.00593209
0.400381
0.000109631
0.00607058
0.400402
0.000115975
0.00620307
0.400422
0.000121755
0.00631572
0.400442
0.000127441
0.00643309
0.400463
0.000132996
0.00657635
0.400484
0.0001376
0.00674405
0.400506
0.000138251
0.00689011
0.400534
0.000126601
0.00701203
5.40317e-05
0.00712556
0.396067
-0.000920254
0.00035217
0.396271
0.000523627
0.00109935
0.396444
0.000785038
0.00234001
0.396754
0.000809155
0.00359169
0.397119
0.000866623
0.00447719
0.397468
0.000872817
0.00508145
0.397789
0.000849956
0.00552682
0.398079
0.000823646
0.00575963
0.39834
0.000797025
0.0058133
0.398576
0.000769516
0.0058759
0.398791
0.000741012
0.00592304
0.398985
0.000711286
0.00587029
0.399162
0.000681539
0.00576287
0.399325
0.000652643
0.0056642
0.399474
0.000624653
0.00560004
0.399612
0.000597232
0.00554674
0.39974
0.00057047
0.00549263
0.39986
0.000545422
0.00546212
0.399972
0.000522452
0.00545181
0.400077
0.000500868
0.00544019
0.400176
0.000480319
0.00542276
0.400271
0.000461305
0.00542456
0.400361
0.000444295
0.00544746
0.400447
0.000428902
0.00545085
0.400529
0.0004146
0.00544391
0.400609
0.000401595
0.00546184
0.400686
0.000389928
0.00548528
0.400761
0.000379079
0.00550011
0.400833
0.000368922
0.00553041
0.400905
0.000359669
0.00557951
0.400975
0.000351131
0.00563586
0.401044
0.000343057
0.0057053
0.401112
0.000335505
0.00578852
0.401179
0.00032843
0.0058778
0.401246
0.000321643
0.00597122
0.401312
0.00031513
0.00606364
0.401377
0.000308955
0.00616255
0.401443
0.000303211
0.00627957
0.401509
0.000297987
0.00639497
0.401574
0.000293052
0.00650266
0.401639
0.000288317
0.00661743
0.401704
0.000283936
0.00672577
0.40177
0.000279734
0.00682021
0.401835
0.000275652
0.00691021
0.401901
0.000271957
0.00700554
0.401966
0.000268578
0.0071166
0.402032
0.000265547
0.00722369
0.402099
0.000262739
0.00730955
0.402165
0.00026006
0.00739231
0.402232
0.00025773
0.0074815
0.402299
0.000255377
0.00757312
0.402366
0.000253352
0.00766888
0.402434
0.000251445
0.00775717
0.402501
0.000249256
0.0078362
0.40257
0.000247311
0.00791404
0.402638
0.000245549
0.00800615
0.402707
0.000243267
0.00811383
0.402775
0.000238156
0.0082036
0.402837
0.000226055
0.00826546
0.000191025
0.0083135
0.397418
-0.000488411
0.000242311
0.397742
2.0123e-05
0.000321747
0.398072
0.000137572
0.000625438
0.398351
9.70151e-05
0.0010817
0.398608
8.96379e-05
0.00139855
0.398828
6.94026e-05
0.00147877
0.399015
3.8932e-05
0.00144031
0.399178
1.12993e-05
0.00128966
0.399324
-1.18902e-05
0.00104571
0.399458
-3.01394e-05
0.000849859
0.399583
-4.44969e-05
0.000700894
0.399699
-5.65905e-05
0.000546739
0.399809
-6.66849e-05
0.000409229
0.399913
-7.4364e-05
0.000323067
0.400012
-8.03088e-05
0.000307918
0.400107
-8.51304e-05
0.00035067
0.400199
-8.87336e-05
0.000437723
0.400287
-9.07247e-05
0.000552986
0.400372
-9.12984e-05
0.000667695
0.400455
-9.12875e-05
0.000780534
0.400535
-9.08211e-05
0.000896634
0.400613
-8.95541e-05
0.0010203
0.400689
-8.75263e-05
0.00113202
0.400763
-8.51857e-05
0.00119947
0.400835
-8.26314e-05
0.00124672
0.400906
-7.95894e-05
0.0013003
0.400976
-7.62461e-05
0.00133675
0.401045
-7.29833e-05
0.00135646
0.401113
-6.96026e-05
0.00138661
0.401181
-6.58546e-05
0.0014228
0.401247
-6.2008e-05
0.00145843
0.401313
-5.82809e-05
0.00150688
0.401379
-5.45649e-05
0.00156669
0.401444
-5.08427e-05
0.001631
0.40151
-4.72404e-05
0.00170388
0.401575
-4.38403e-05
0.00178052
0.401639
-4.05792e-05
0.00186504
0.401704
-3.72329e-05
0.00196476
0.401769
-3.38281e-05
0.00205811
0.401834
-3.06134e-05
0.0021454
0.401899
-2.74993e-05
0.00224415
0.401965
-2.43884e-05
0.00233563
0.40203
-2.14654e-05
0.00241712
0.402096
-1.873e-05
0.00249957
0.402162
-1.59834e-05
0.00258339
0.402228
-1.31283e-05
0.00267995
0.402295
-1.01429e-05
0.00276831
0.402362
-7.25156e-06
0.00283496
0.402429
-4.48777e-06
0.00290082
0.402496
-1.67187e-06
0.00296847
0.402564
1.05559e-06
0.00304552
0.402633
3.98702e-06
0.00312181
0.402701
6.84689e-06
0.00319148
0.40277
9.40303e-06
0.00326599
0.402839
1.20196e-05
0.00333511
0.402909
1.46843e-05
0.00340885
0.402979
1.70669e-05
0.00349119
0.403047
1.77682e-05
0.00356124
0.403111
1.3947e-05
0.00359958
-3.73213e-06
0.00362709
0.397418
-4.75718e-07
0.000214045
0.397462
-9.15012e-07
0.000211697
0.397662
-1.58874e-06
0.000529142
0.397862
-1.58051e-06
0.00122788
0.398097
-1.70763e-06
0.00198967
0.398342
-2.60463e-06
0.00250677
0.398577
-2.6913e-06
0.00277452
0.398799
-4.00523e-06
0.00281576
0.399006
-6.59674e-06
0.00266564
0.399198
-7.9927e-06
0.00244959
0.399375
-8.68643e-06
0.00221773
0.399539
-9.95295e-06
0.00199313
0.39969
-1.12564e-05
0.00180385
0.39983
-1.20633e-05
0.00166083
0.399961
-1.27473e-05
0.00159626
0.400083
-1.32849e-05
0.00161301
0.400198
-1.34588e-05
0.00168807
0.400306
-1.33388e-05
0.0017795
0.400408
-1.31437e-05
0.0018577
0.400505
-1.31293e-05
0.00194138
0.400598
-1.31499e-05
0.00203689
0.400686
-1.30448e-05
0.00213121
0.400771
-1.30571e-05
0.00220069
0.400853
-1.34294e-05
0.00222568
0.400932
-1.3849e-05
0.00223234
0.401009
-1.397e-05
0.00223584
0.401084
-1.40802e-05
0.0022169
0.401156
-1.43734e-05
0.00218807
0.401228
-1.44456e-05
0.0021693
0.401298
-1.41075e-05
0.00214591
0.401367
-1.36401e-05
0.00211864
0.401435
-1.3159e-05
0.00210846
0.401502
-1.25793e-05
0.00211074
0.401569
-1.1906e-05
0.00211728
0.401635
-1.1189e-05
0.00213592
0.401701
-1.05636e-05
0.002165
0.401766
-1.00209e-05
0.00220683
0.401832
-9.30696e-06
0.00226171
0.401897
-8.56426e-06
0.0023088
0.401963
-8.00612e-06
0.00235632
0.402028
-7.39444e-06
0.00241935
0.402094
-6.75235e-06
0.00247565
0.40216
-6.22252e-06
0.00252826
0.402226
-5.7621e-06
0.00258873
0.402292
-5.33275e-06
0.00265097
0.402358
-4.71663e-06
0.002722
0.402425
-3.92287e-06
0.00277936
0.402492
-3.2376e-06
0.00281648
0.402559
-2.64144e-06
0.00285562
0.402627
-1.9369e-06
0.00289347
0.402695
-1.10049e-06
0.00294204
0.402763
-1.29817e-07
0.00298024
0.402832
7.97256e-07
0.00300981
0.402901
1.69322e-06
0.00305082
0.40297
2.61008e-06
0.00308077
0.403039
3.5783e-06
0.00310569
0.403109
4.7597e-06
0.00312868
0.403176
6.03275e-06
0.00313889
0.403236
7.40671e-06
0.00311145
8.58246e-06
0.00307364
0.397418
0.000487196
0.000185557
0.397463
-2.2109e-05
0.000149917
0.397663
-0.000141129
0.000427443
0.397864
-0.000101688
0.00103989
0.398098
-9.55659e-05
0.00168425
0.398343
-7.66114e-05
0.0020949
0.398579
-4.65642e-05
0.00222927
0.398801
-2.14196e-05
0.00217516
0.399007
-2.5009e-06
0.00198952
0.399199
1.34843e-05
0.00171739
0.399375
2.65543e-05
0.00142093
0.399539
3.65965e-05
0.00116784
0.39969
4.45314e-05
0.000971115
0.39983
5.08228e-05
0.000818875
0.39996
5.58215e-05
0.000754864
0.400082
6.01734e-05
0.000784285
0.400197
6.38742e-05
0.000875444
0.400305
6.6425e-05
0.000983039
0.400407
6.77187e-05
0.00108194
0.400504
6.81103e-05
0.00119761
0.400596
6.78725e-05
0.00133051
0.400685
6.69623e-05
0.00145993
0.40077
6.521e-05
0.00157054
0.400852
6.26409e-05
0.00165429
0.400931
5.96825e-05
0.00172744
0.401007
5.67237e-05
0.00179121
0.401082
5.35404e-05
0.00183504
0.401155
5.00883e-05
0.00187867
0.401226
4.67798e-05
0.00192741
0.401297
4.36996e-05
0.00195718
0.401365
4.06903e-05
0.00197627
0.401434
3.78268e-05
0.00200957
0.401501
3.51301e-05
0.00204949
0.401568
3.25309e-05
0.00208688
0.401634
3.00871e-05
0.00213047
0.4017
2.76645e-05
0.00218314
0.401766
2.52213e-05
0.00224728
0.401831
2.30139e-05
0.00231487
0.401897
2.08336e-05
0.00236985
0.401962
1.8565e-05
0.00242826
0.402028
1.6534e-05
0.00249805
0.402093
1.45706e-05
0.0025575
0.402159
1.26251e-05
0.00261468
0.402225
1.07614e-05
0.00268055
0.402291
8.86914e-06
0.00274825
0.402358
7.23628e-06
0.00281726
0.402425
5.77121e-06
0.00286485
0.402491
4.20653e-06
0.00289382
0.402559
2.59258e-06
0.00292702
0.402626
1.07249e-06
0.00295635
0.402694
-1.79484e-07
0.00299328
0.402763
-1.44866e-06
0.00301583
0.402831
-2.74793e-06
0.00303115
0.4029
-3.8319e-06
0.00305974
0.40297
-4.90181e-06
0.00307821
0.403039
-5.90767e-06
0.00309233
0.403108
-6.24353e-06
0.00310146
0.403176
-4.68296e-06
0.00309974
0.403236
1.54178e-06
0.0030627
2.10461e-05
0.00301307
0.397417
0.000919051
0.000166038
0.397741
-0.000524579
0.000164102
0.39807
-0.000787137
0.000443073
0.398349
-0.000813791
0.000841783
0.398606
-0.000875052
0.00106925
0.398827
-0.000882387
0.00106604
0.399013
-0.000861071
0.000904965
0.399177
-0.000837953
0.000741551
0.399324
-0.000814279
0.00059186
0.399458
-0.000788659
0.000391494
0.399582
-0.000762577
0.000189832
0.399699
-0.000735998
4.80734e-05
0.399809
-0.000708895
-5.03464e-05
0.399913
-0.000681985
-0.000127084
0.400013
-0.000655264
-0.000139706
0.400108
-0.000628463
-9.67505e-05
0.4002
-0.000602235
-2.28847e-05
0.400288
-0.000577416
6.17777e-05
0.400373
-0.000554362
0.000146386
0.400456
-0.000532625
0.000250425
0.400536
-0.000512078
0.000368406
0.400613
-0.000493018
0.000485243
0.400689
-0.000475455
0.000595275
0.400763
-0.000459501
0.000696209
0.400836
-0.000444913
0.000791304
0.400907
-0.000431342
0.000868942
0.400977
-0.000418892
0.000927331
0.401046
-0.000407533
0.000989075
0.401114
-0.000396993
0.00104611
0.401181
-0.000387266
0.00107193
0.401247
-0.000378264
0.00108136
0.401314
-0.000369675
0.00109825
0.401379
-0.000361523
0.00111517
0.401444
-0.000353893
0.00112609
0.40151
-0.000346585
0.00113877
0.401574
-0.000339659
0.00116117
0.401639
-0.000333141
0.00119783
0.401704
-0.000326776
0.00123328
0.401769
-0.000320774
0.00125913
0.401834
-0.000315107
0.00129589
0.401899
-0.000309437
0.0013408
0.401964
-0.000304051
0.00137708
0.40203
-0.000298886
0.0014144
0.402096
-0.000293868
0.00146138
0.402162
-0.000289146
0.00151466
0.402228
-0.000284364
0.00156378
0.402294
-0.000279804
0.00158901
0.402361
-0.000275643
0.00160159
0.402429
-0.00027181
0.00162273
0.402496
-0.000268284
0.00163925
0.402564
-0.000264713
0.00165594
0.402632
-0.0002615
0.00166004
0.402701
-0.000258571
0.00165915
0.40277
-0.000255552
0.00166524
0.402839
-0.000252699
0.00166212
0.402909
-0.000249949
0.00165845
0.402978
-0.000246439
0.00164706
0.403047
-0.000239899
0.00161848
0.40311
-0.000225985
0.0015546
-0.000188729
0.00147987
0.396069
0.00315559
0.000202897
0.396273
3.25059e-05
0.000504243
0.396446
4.73574e-05
0.00138545
0.396755
3.87684e-05
0.00229837
0.397121
6.30764e-06
0.00282952
0.39747
5.58907e-05
0.00296788
0.397788
0.000119056
0.00289485
0.398077
0.000164738
0.0028355
0.398338
0.00019668
0.00278818
0.398574
0.000219477
0.00268526
0.398788
0.000234249
0.00259767
0.398982
0.000243575
0.00255688
0.399159
0.00024918
0.00252487
0.399322
0.000251402
0.00249415
0.399472
0.000251208
0.00249797
0.39961
0.000249637
0.00250611
0.399738
0.000246874
0.0025091
0.399858
0.000242789
0.00252058
0.39997
0.000237265
0.00254823
0.400075
0.000230897
0.00259907
0.400174
0.000223931
0.00266353
0.400269
0.000216198
0.00273875
0.400359
0.000207871
0.00282435
0.400445
0.000198821
0.00292246
0.400527
0.000189059
0.00303066
0.400607
0.000178902
0.00312686
0.400684
0.000168384
0.00321343
0.400759
0.000157506
0.00331354
0.400832
0.000146374
0.00341123
0.400904
0.000135006
0.00348103
0.400974
0.00012367
0.00353653
0.401043
0.000112735
0.00359205
0.401111
0.000102109
0.00364111
0.401178
9.16904e-05
0.00368176
0.401245
8.17002e-05
0.00371649
0.401311
7.2073e-05
0.0037559
0.401377
6.27425e-05
0.0038064
0.401443
5.38854e-05
0.00384526
0.401508
4.53051e-05
0.00387178
0.401573
3.70641e-05
0.00390668
0.401639
2.93817e-05
0.00393637
0.401704
2.19154e-05
0.00395366
0.40177
1.47595e-05
0.00396742
0.401835
7.9219e-06
0.00398455
0.401901
1.24224e-06
0.0040079
0.401967
-5.03859e-06
0.00401602
0.402033
-1.12894e-05
0.00399829
0.4021
-1.7516e-05
0.00397321
0.402166
-2.36573e-05
0.00396105
0.402233
-2.97903e-05
0.00394802
0.402301
-3.55009e-05
0.00392882
0.402368
-4.11808e-05
0.00390537
0.402436
-4.68341e-05
0.00388444
0.402504
-5.21501e-05
0.00386615
0.402573
-5.73091e-05
0.00384425
0.402642
-6.22688e-05
0.00383257
0.402711
-6.61622e-05
0.00381772
0.402779
-6.5975e-05
0.00378112
0.402842
-5.30832e-05
0.00371598
2.14429e-05
0.00364693
0.398246
0.00186745
0.000302608
0.398236
-0.00138386
0.000793505
0.398038
-0.00140083
0.00132769
0.398047
-0.00169925
0.00154353
0.398121
-0.00181041
0.00136449
0.398223
-0.0017651
0.000952664
0.39834
-0.00167314
0.000582884
0.398461
-0.00157535
0.000425409
0.39858
-0.0014788
0.00036109
0.398692
-0.00138646
0.000289871
0.398797
-0.00130063
0.000293357
0.398896
-0.00122118
0.000349064
0.398986
-0.00114786
0.000393089
0.399071
-0.00108089
0.000436656
0.399149
-0.00101973
0.00050199
0.399221
-0.000963722
0.00054039
0.399288
-0.000912435
0.000549626
0.399351
-0.000865557
0.000559839
0.399409
-0.000822923
0.000591532
0.399463
-0.000783943
0.000639232
0.399514
-0.000748236
0.000690717
0.399561
-0.000715646
0.0007541
0.399606
-0.000685811
0.000828155
0.399648
-0.000658622
0.000921216
0.399688
-0.000633992
0.00103633
0.399726
-0.000611574
0.00114741
0.399761
-0.000591153
0.00125908
0.399795
-0.000572569
0.00139605
0.399828
-0.000555679
0.00154173
0.399859
-0.000540366
0.00167365
0.399889
-0.000526302
0.00179791
0.399918
-0.000513145
0.00191553
0.399946
-0.000500896
0.00202198
0.399972
-0.000489542
0.0021191
0.399998
-0.000478869
0.0022023
0.400024
-0.000468846
0.00228322
0.400049
-0.00045945
0.00237
0.400073
-0.000450542
0.00243449
0.400096
-0.000442194
0.00248258
0.40012
-0.000434298
0.00253285
0.400143
-0.00042671
0.00256406
0.400165
-0.000419622
0.00258042
0.400188
-0.000412918
0.00258866
0.40021
-0.000406571
0.00259503
0.400231
-0.000400657
0.00260798
0.400253
-0.000395055
0.00259858
0.400274
-0.000389971
0.00256846
0.400296
-0.000385277
0.00253751
0.400317
-0.000380879
0.00252323
0.400338
-0.000376844
0.00251446
0.400358
-0.000372853
0.00249303
0.400379
-0.000369101
0.0024724
0.4004
-0.000365627
0.00245967
0.40042
-0.000362248
0.00244542
0.400441
-0.000359017
0.00243068
0.400461
-0.000355897
0.00243412
0.400482
-0.000352369
0.00243879
0.400505
-0.000346208
0.00241585
0.400533
-0.000331807
0.00236678
-0.000226493
0.00231573
0.400782
0.000589374
0.400714
0.00146933
0.400703
0.00182005
0.400359
0.00164883
0.399817
0.00113189
0.399217
0.000531605
0.398609
0.000173609
0.398002
0.000142314
0.3974
0.00019978
0.396806
0.000217664
0.396222
0.000293306
0.395646
0.000378452
0.395079
0.000404449
0.394521
0.000408874
0.393971
0.000419805
0.39343
0.000387092
0.392896
0.000314123
0.392369
0.000237344
0.39185
0.000186185
0.391339
0.000149232
0.390833
0.000113324
0.390335
9.24157e-05
0.389842
8.22716e-05
0.389356
9.63033e-05
0.388875
0.000142487
0.388401
0.000190176
0.387931
0.000242326
0.387467
0.000322969
0.387008
0.000414359
0.386555
0.000494243
0.386106
0.000561573
0.385661
0.000608092
0.385222
0.000631857
0.384786
0.000638394
0.384355
0.00061951
0.383928
0.000588995
0.383505
0.000557203
0.383086
0.000493676
0.382671
0.00041033
0.382259
0.000325474
0.381851
0.00021468
0.381447
9.18896e-05
0.381046
-3.65921e-05
0.380648
-0.000163621
0.380253
-0.00027702
0.379862
-0.000409055
0.379473
-0.000548282
0.379087
-0.000676309
0.378704
-0.000779663
0.378325
-0.000868487
0.377947
-0.00097196
0.377572
-0.00107012
0.3772
-0.00115393
0.376831
-0.00123801
0.376463
-0.00131756
0.376099
-0.00137017
0.375738
-0.00141443
0.375382
-0.00148604
0.375041
-0.00157685
-0.00164973
0.400786
-0.00186198
0.400707
0.00137548
0.400693
0.00138081
0.40035
0.00168734
0.399811
0.00180881
0.399215
0.00176543
0.398607
0.0016687
0.398001
0.00156515
0.3974
0.00146354
0.396806
0.00136637
0.396221
0.00127699
0.395645
0.00119622
0.395078
0.00112322
0.39452
0.00105756
0.39397
0.000998346
0.393429
0.000945037
0.392896
0.000897451
0.39237
0.000854414
0.391851
0.000814776
0.391339
0.000778337
0.390835
0.000745176
0.390337
0.000714738
0.389844
0.000686196
0.389358
0.000659476
0.388878
0.000634927
0.388403
0.000612265
0.387934
0.000591111
0.38747
0.000571609
0.387011
0.000553818
0.386557
0.000537481
0.386108
0.000522439
0.385663
0.00050862
0.385224
0.000495876
0.384788
0.000484158
0.384357
0.000473458
0.38393
0.00046362
0.383507
0.000454508
0.383088
0.000446019
0.382673
0.000438009
0.382261
0.000430497
0.381853
0.00042356
0.381448
0.000417051
0.381047
0.000410974
0.380649
0.000405338
0.380255
0.000399952
0.379863
0.000394908
0.379474
0.000390118
0.379089
0.000385554
0.378706
0.000381283
0.378326
0.000377056
0.377949
0.000373183
0.377574
0.000369546
0.377202
0.000366066
0.376832
0.000362942
0.376465
0.000359838
0.376101
0.000356546
0.375739
0.000352635
0.375383
0.000346349
0.375042
0.000331945
0.000227177
0.398247
-0.00315761
0.398237
-4.91904e-05
0.398035
-6.7827e-05
0.39804
-4.66567e-05
0.398115
6.7594e-07
0.398217
-4.08496e-05
0.398335
-0.000102234
0.398456
-0.00014866
0.398575
-0.000182196
0.398687
-0.000206766
0.398792
-0.000222549
0.39889
-0.00023073
0.398981
-0.000233426
0.399066
-0.0002319
0.399144
-0.000227179
0.399216
-0.000219701
0.399284
-0.000209691
0.399347
-0.000198564
0.399405
-0.000187398
0.399459
-0.000175963
0.399511
-0.000164001
0.399558
-0.000152095
0.399603
-0.000141041
0.399645
-0.000130636
0.399685
-0.000120232
0.399723
-0.000110041
0.399759
-0.000100333
0.399793
-9.06883e-05
0.399826
-8.08933e-05
0.399857
-7.11808e-05
0.399887
-6.15587e-05
0.399916
-5.19289e-05
0.399944
-4.23825e-05
0.399971
-3.28949e-05
0.399997
-2.33509e-05
0.400022
-1.3864e-05
0.400047
-4.56397e-06
0.400071
4.50334e-06
0.400095
1.32319e-05
0.400119
2.17454e-05
0.400142
3.01953e-05
0.400164
3.83986e-05
0.400187
4.64434e-05
0.400209
5.43813e-05
0.400231
6.19567e-05
0.400252
6.93248e-05
0.400274
7.64096e-05
0.400295
8.32334e-05
0.400316
8.99107e-05
0.400337
9.61649e-05
0.400358
0.000102456
0.400378
0.000108522
0.400399
0.000114385
0.400419
0.000120385
0.40044
0.000125949
0.40046
0.00013079
0.400481
0.000134299
0.400504
0.000134197
0.400531
0.000121587
4.78454e-05
0.396068
-0.00092162
0.396277
0.000512571
0.396448
0.000767773
0.396754
0.00079754
0.397117
0.000868118
0.397464
0.000879823
0.397783
0.00085601
0.398071
0.000826428
0.398333
0.00079476
0.398569
0.000760419
0.398783
0.000725942
0.398978
0.000693801
0.399156
0.000663844
0.399319
0.000635633
0.399468
0.000609379
0.399607
0.000585586
0.399735
0.000564183
0.399855
0.000544016
0.399967
0.000524563
0.400073
0.000506398
0.400172
0.000489675
0.400267
0.000473712
0.400357
0.000457962
0.400443
0.000442769
0.400526
0.000428547
0.400605
0.000414961
0.400682
0.000401874
0.400757
0.000389692
0.400831
0.000378398
0.400902
0.000367658
0.400972
0.000357559
0.401041
0.000348241
0.401109
0.000339549
0.401177
0.000331437
0.401243
0.000324016
0.40131
0.000317223
0.401375
0.000310897
0.401441
0.000304914
0.401506
0.000299188
0.401572
0.000293878
0.401637
0.000289023
0.401702
0.000284428
0.401767
0.000280226
0.401833
0.000276435
0.401898
0.000272756
0.401964
0.000269211
0.40203
0.000265735
0.402096
0.000262433
0.402163
0.000259384
0.402229
0.000256354
0.402296
0.000253687
0.402363
0.000250978
0.402431
0.000248422
0.402499
0.000246347
0.402567
0.000244123
0.402636
0.000241471
0.402704
0.000237869
0.402772
0.000231741
0.402834
0.000218369
0.000182038
0.397416
-0.000489996
0.397743
1.29091e-05
0.398073
0.000125083
0.39835
8.51123e-05
0.398605
8.47145e-05
0.398825
6.94888e-05
0.399011
3.87367e-05
0.399174
9.20252e-06
0.39932
-1.59113e-05
0.399455
-3.8341e-05
0.399579
-5.72358e-05
0.399696
-7.12299e-05
0.399806
-8.10013e-05
0.399911
-8.79792e-05
0.400011
-9.22649e-05
0.400107
-9.39213e-05
0.400199
-9.36849e-05
0.400287
-9.25812e-05
0.400372
-9.09318e-05
0.400454
-8.83735e-05
0.400534
-8.51291e-05
0.400612
-8.18293e-05
0.400688
-7.86295e-05
0.400762
-7.5245e-05
0.400834
-7.17203e-05
0.400905
-6.84253e-05
0.400975
-6.52558e-05
0.401044
-6.19133e-05
0.401112
-5.86561e-05
0.401179
-5.57745e-05
0.401246
-5.30316e-05
0.401312
-5.02274e-05
0.401378
-4.74842e-05
0.401444
-4.48359e-05
0.401509
-4.21589e-05
0.401574
-3.93752e-05
0.401639
-3.65592e-05
0.401704
-3.38991e-05
0.401769
-3.13408e-05
0.401834
-2.86525e-05
0.401899
-2.59196e-05
0.401964
-2.32438e-05
0.402029
-2.04491e-05
0.402095
-1.7536e-05
0.402161
-1.46951e-05
0.402227
-1.20353e-05
0.402294
-9.58126e-06
0.402361
-7.11631e-06
0.402428
-4.60661e-06
0.402495
-2.21402e-06
0.402563
2.01673e-07
0.402631
2.33563e-06
0.4027
4.44833e-06
0.402769
6.74762e-06
0.402838
8.82458e-06
0.402908
1.05066e-05
0.402977
1.14561e-05
0.403045
1.08763e-05
0.403109
5.55997e-06
-1.34762e-05
0.397416
-1.90726e-06
0.397464
-3.689e-06
0.397665
-5.54578e-06
0.397865
-7.9779e-06
0.398097
-1.07236e-05
0.39834
-1.30012e-05
0.398574
-1.60785e-05
0.398794
-1.7718e-05
0.399001
-1.75606e-05
0.399193
-1.80375e-05
0.39937
-1.87816e-05
0.399534
-1.84728e-05
0.399686
-1.77567e-05
0.399827
-1.72767e-05
0.399959
-1.66172e-05
0.400082
-1.57675e-05
0.400197
-1.49644e-05
0.400305
-1.42509e-05
0.400407
-1.34821e-05
0.400504
-1.24865e-05
0.400597
-1.14551e-05
0.400685
-1.05807e-05
0.40077
-9.61692e-06
0.400851
-8.29818e-06
0.40093
-6.94632e-06
0.401007
-5.9106e-06
0.401082
-4.90447e-06
0.401154
-3.75313e-06
0.401226
-2.8756e-06
0.401296
-2.46281e-06
0.401365
-2.23687e-06
0.401433
-2.08421e-06
0.4015
-2.08928e-06
0.401567
-2.24698e-06
0.401634
-2.49682e-06
0.4017
-2.69607e-06
0.401765
-2.85412e-06
0.401831
-3.1968e-06
0.401896
-3.54756e-06
0.401962
-3.69184e-06
0.402027
-3.86357e-06
0.402093
-4.03455e-06
0.402159
-4.0624e-06
0.402224
-3.98506e-06
0.402291
-3.83229e-06
0.402357
-3.84594e-06
0.402424
-4.00411e-06
0.40249
-4.02022e-06
0.402558
-3.91488e-06
0.402625
-3.87756e-06
0.402693
-3.93451e-06
0.402762
-4.08038e-06
0.40283
-4.16553e-06
0.402899
-4.18812e-06
0.402968
-4.18089e-06
0.403038
-4.16992e-06
0.403107
-4.23655e-06
0.403174
-4.20909e-06
0.403234
-4.05268e-06
-3.61466e-06
0.397416
0.000486305
0.397464
-2.06636e-05
0.397666
-0.000136949
0.397866
-0.000100923
0.398098
-0.000105275
0.398341
-9.5205e-05
0.398575
-7.00595e-05
0.398796
-4.33223e-05
0.399002
-1.83137e-05
0.399194
3.07747e-06
0.399371
2.10106e-05
0.399535
3.58381e-05
0.399687
4.72967e-05
0.399828
5.57134e-05
0.399959
6.16047e-05
0.400082
6.50532e-05
0.400197
6.66637e-05
0.400305
6.73103e-05
0.400407
6.74622e-05
0.400504
6.70497e-05
0.400596
6.60583e-05
0.400684
6.47564e-05
0.400769
6.35099e-05
0.400851
6.24962e-05
0.40093
6.14158e-05
0.401006
5.99868e-05
0.401081
5.85173e-05
0.401154
5.70946e-05
0.401225
5.53459e-05
0.401295
5.32398e-05
0.401364
5.09662e-05
0.401432
4.84673e-05
0.4015
4.57434e-05
0.401567
4.28854e-05
0.401633
3.98613e-05
0.401699
3.68232e-05
0.401765
3.382e-05
0.40183
3.06313e-05
0.401896
2.75094e-05
0.401961
2.45805e-05
0.402027
2.15272e-05
0.402093
1.85309e-05
0.402158
1.56517e-05
0.402224
1.28346e-05
0.40229
1.01987e-05
0.402357
7.41814e-06
0.402423
4.61286e-06
0.40249
2.0628e-06
0.402557
-2.89266e-07
0.402625
-2.57266e-06
0.402693
-4.95469e-06
0.402761
-7.15477e-06
0.40283
-9.18609e-06
0.402899
-1.12529e-05
0.402968
-1.3074e-05
0.403038
-1.45002e-05
0.403107
-1.53298e-05
0.403173
-1.44946e-05
0.403234
-8.80006e-06
1.04307e-05
0.397416
0.00091873
0.397742
-0.000520472
0.398072
-0.000780583
0.398348
-0.000813136
0.398604
-0.000887112
0.398823
-0.00090532
0.39901
-0.000887921
0.399173
-0.000862034
0.39932
-0.000832843
0.399454
-0.000801131
0.39958
-0.000767716
0.399697
-0.000734709
0.399807
-0.000703135
0.399912
-0.000672951
0.400012
-0.000644741
0.400108
-0.000619183
0.4002
-0.000595827
0.400288
-0.000573753
0.400373
-0.000552562
0.400456
-0.000532639
0.400536
-0.000514013
0.400613
-0.000496302
0.400689
-0.000479377
0.400763
-0.000463013
0.400835
-0.000447317
0.400906
-0.000432548
0.400976
-0.000418515
0.401045
-0.000405143
0.401113
-0.000392614
0.40118
-0.000380866
0.401247
-0.00036991
0.401313
-0.000359955
0.401378
-0.000350886
0.401444
-0.00034253
0.401509
-0.000334993
0.401574
-0.000328117
0.401639
-0.000321786
0.401703
-0.000316167
0.401768
-0.000310966
0.401833
-0.000306136
0.401898
-0.000301944
0.401964
-0.000298054
0.402029
-0.00029447
0.402095
-0.000291203
0.402161
-0.000288029
0.402227
-0.000285348
0.402294
-0.000282826
0.40236
-0.000280253
0.402428
-0.000277674
0.402495
-0.000275072
0.402563
-0.000272762
0.402631
-0.000270324
0.4027
-0.000267834
0.402769
-0.000265584
0.402838
-0.00026318
0.402907
-0.00026033
0.402977
-0.000256577
0.403045
-0.000250163
0.403109
-0.00023609
-0.000198613
0.396068
0.00315527
0.396279
4.56802e-05
0.39645
6.1991e-05
0.396755
4.0259e-05
0.397117
-4.24839e-06
0.397465
3.70799e-05
0.397783
9.91245e-05
0.398072
0.000148854
0.398333
0.0001854
0.39857
0.000212926
0.398784
0.000233745
0.398979
0.000247837
0.399156
0.000256185
0.399319
0.000260555
0.399469
0.000261385
0.399607
0.000258884
0.399736
0.000253881
0.399856
0.000247351
0.399968
0.00024
0.400073
0.00023168
0.400173
0.000222539
0.400267
0.000213048
0.400357
0.000203279
0.400443
0.000193538
0.400526
0.00018399
0.400606
0.0001745
0.400683
0.000165152
0.400758
0.000155994
0.400831
0.000146998
0.400902
0.000138253
0.400972
0.000129556
0.401041
0.000120584
0.401109
0.000111478
0.401177
0.000102381
0.401243
9.31159e-05
0.40131
8.37728e-05
0.401375
7.44264e-05
0.401441
6.49525e-05
0.401506
5.55967e-05
0.401572
4.63048e-05
0.401637
3.68881e-05
0.401702
2.77166e-05
0.401768
1.87121e-05
0.401833
9.87022e-06
0.401899
1.36148e-06
0.401965
-7.0479e-06
0.402031
-1.4989e-05
0.402097
-2.24616e-05
0.402164
-2.95651e-05
0.402231
-3.62394e-05
0.402298
-4.28794e-05
0.402366
-4.91082e-05
0.402434
-5.49549e-05
0.402502
-6.06868e-05
0.40257
-6.60033e-05
0.402639
-7.05985e-05
0.402708
-7.38479e-05
0.402776
-7.33274e-05
0.402839
-5.98149e-05
1.56036e-05
0.398247
0.00185646
0.398236
-0.00138088
0.398035
-0.00139145
0.398041
-0.00169918
0.398114
-0.00182025
0.398217
-0.00177986
0.398336
-0.00168676
0.398458
-0.00158443
0.398577
-0.00148398
0.39869
-0.00138849
0.398796
-0.00129905
0.398894
-0.00121704
0.398985
-0.00114262
0.39907
-0.0010748
0.399148
-0.00101315
0.39922
-0.000957453
0.399287
-0.000907211
0.39935
-0.000861743
0.399408
-0.000820269
0.399462
-0.000782561
0.399513
-0.00074829
0.399561
-0.000716946
0.399606
-0.000688301
0.399648
-0.000661919
0.399688
-0.000637397
0.399725
-0.000614667
0.399761
-0.000593584
0.399795
-0.000573958
0.399828
-0.000555641
0.399859
-0.000538496
0.399889
-0.000522622
0.399918
-0.000508158
0.399945
-0.000494918
0.399972
-0.00048274
0.399999
-0.000471676
0.400024
-0.000461601
0.400049
-0.000452391
0.400074
-0.000444059
0.400098
-0.000436407
0.400121
-0.000429428
0.400144
-0.000423168
0.400166
-0.000417337
0.400189
-0.000411961
0.40021
-0.000406993
0.400232
-0.000402317
0.400253
-0.000397939
0.400274
-0.000393612
0.400296
-0.000389414
0.400316
-0.000385404
0.400337
-0.000381481
0.400358
-0.00037791
0.400378
-0.000374461
0.400398
-0.00037108
0.400418
-0.000367892
0.400439
-0.000364734
0.400459
-0.000361387
0.400479
-0.000357393
0.400501
-0.000350904
0.40053
-0.000335998
-0.000229697
0.400789
0.400706
0.400693
0.400349
0.399809
0.399213
0.398607
0.398001
0.397399
0.396806
0.396221
0.395645
0.395078
0.39452
0.39397
0.393428
0.392895
0.392369
0.39185
0.391338
0.390833
0.390334
0.389842
0.389356
0.388876
0.388401
0.387932
0.387468
0.387009
0.386555
0.386105
0.385661
0.385221
0.384785
0.384354
0.383927
0.383504
0.383085
0.38267
0.382258
0.38185
0.381446
0.381045
0.380647
0.380253
0.379861
0.379473
0.379087
0.378704
0.378324
0.377947
0.377573
0.377201
0.376831
0.376464
0.3761
0.375738
0.375383
0.375042
)
;

boundaryField
{
    wall
    {
        type            calculated;
        value           nonuniform List<scalar> 
1200
(
-0.00248547
0.000579105
-0.000753794
-0.00018789
-0.000215389
-0.000186726
-0.000111117
-0.000603651
0.000644352
-0.0015995
-0.00345266
0.000479919
-0.00186507
-0.000142108
-0.000235224
-0.000173524
1.51081e-05
-0.001266
0.000632748
-0.00278544
-0.00424324
-0.000131202
-0.00334792
-0.000307804
-0.000589311
-0.000487805
-0.000126908
-0.00239287
0.000318212
-0.00321001
-0.0042445
-0.000406381
-0.00474907
-0.000648563
-0.00133004
-0.00114079
-0.000408287
-0.00345988
0.000185627
-0.00300382
-0.00365824
-0.000332271
-0.00571711
-0.000878867
-0.00213234
-0.00182453
-0.000546883
-0.00407622
0.000377666
-0.00240021
-0.00330861
-0.000340579
-0.00635767
-0.000895796
-0.00267974
-0.00226622
-0.000480968
-0.00425516
0.000766541
-0.00169717
-0.00325488
-0.000485938
-0.0068087
-0.000816005
-0.00296879
-0.00242112
-0.00027691
-0.00419325
0.00109246
-0.00123785
-0.00316268
-0.000584769
-0.00702693
-0.00064031
-0.00302251
-0.00237942
-8.81562e-05
-0.00412702
0.0011934
-0.00111089
-0.00303609
-0.00065863
-0.00705266
-0.000382837
-0.00287779
-0.00220038
7.29389e-05
-0.00406043
0.00119598
-0.00107721
-0.0030294
-0.000854787
-0.00708017
-0.000184102
-0.00266346
-0.00193033
0.000276369
-0.00392921
0.00120395
-0.00101009
-0.00297653
-0.00106243
-0.0070874
-3.97218e-05
-0.0024306
-0.00163281
0.000474902
-0.00380822
0.00113611
-0.00100917
-0.00275575
-0.00116707
-0.00699119
0.000104805
-0.00220329
-0.00137761
0.000607868
-0.00373094
0.00101743
-0.00102397
-0.00245659
-0.00122382
-0.00683913
0.000229258
-0.00201062
-0.00117801
0.000693669
-0.00366038
0.000913004
-0.000985292
-0.00214083
-0.00128514
-0.0066961
0.000299799
-0.00186345
-0.0010218
0.00075558
-0.00359
0.000811452
-0.000931465
-0.00184338
-0.00137115
-0.00658822
0.000297647
-0.00179451
-0.000953908
0.00075118
-0.00355416
0.000690739
-0.00088995
-0.00153327
-0.00144519
-0.00649184
0.000236506
-0.00180709
-0.00097983
0.000689967
-0.00352254
0.000600552
-0.000809267
-0.00117516
-0.00147927
-0.00639604
0.000129999
-0.00187817
-0.00106748
0.000597328
-0.00348651
0.00054259
-0.000692729
-0.000843942
-0.00152571
-0.00632574
-5.07703e-06
-0.00196509
-0.00117089
0.000493799
-0.00346036
0.000486191
-0.000576563
-0.000586048
-0.00160686
-0.00627714
-0.000139115
-0.00203805
-0.00126486
0.000390593
-0.00345177
0.000410569
-0.000490148
-0.000359361
-0.00168689
-0.00622856
-0.000270821
-0.00211654
-0.00137578
0.000267889
-0.0034679
0.000321339
-0.000421258
-0.00012628
-0.0017438
-0.00617581
-0.000405482
-0.00220705
-0.00150398
0.000131549
-0.00349901
0.00023072
-0.000356333
7.13894e-05
-0.00181526
-0.00614427
-0.000547334
-0.00229626
-0.00162839
-3.04544e-06
-0.00354232
0.000130148
-0.000309407
0.000186764
-0.00193044
-0.00613548
-0.000676229
-0.0023602
-0.00173375
-0.000130416
-0.00359756
2.08383e-05
-0.000275635
0.000271388
-0.00204389
-0.00610831
-0.000759486
-0.00237922
-0.00181212
-0.000248098
-0.00366679
-0.000105874
-0.000268541
0.000360274
-0.00214148
-0.00607243
-0.000821973
-0.00238016
-0.00188006
-0.000359237
-0.00374736
-0.000253155
-0.000296095
0.000413811
-0.00226309
-0.00606327
-0.00089037
-0.00237823
-0.00193866
-0.000452005
-0.00381683
-0.000394614
-0.000326953
0.000437383
-0.00239855
-0.00606085
-0.000940559
-0.00235367
-0.00197726
-0.000524722
-0.00387779
-0.000535207
-0.000364078
0.000469676
-0.00251997
-0.00605099
-0.000973243
-0.00231946
-0.00201601
-0.000600319
-0.00395359
-0.000700021
-0.000431561
0.000503842
-0.00264269
-0.00605817
-0.00101611
-0.00229581
-0.00206011
-0.000670405
-0.00402779
-0.000872231
-0.00051125
0.000528337
-0.00277608
-0.00608549
-0.00106456
-0.00226768
-0.0020851
-0.000708162
-0.0040748
-0.00102937
-0.000580782
0.000553969
-0.00290888
-0.00612113
-0.00111188
-0.00223587
-0.00209954
-0.000728906
-0.00410858
-0.0011778
-0.000638918
0.000578468
-0.00304441
-0.00617093
-0.00117165
-0.0022216
-0.00212868
-0.000756803
-0.00414349
-0.00131841
-0.000676947
0.000596175
-0.00318693
-0.00623547
-0.00124234
-0.00222002
-0.0021646
-0.000784164
-0.00417282
-0.00144672
-0.000692977
0.000617505
-0.00332811
-0.00630697
-0.00131711
-0.00222288
-0.00219808
-0.000804961
-0.00419463
-0.00156474
-0.000692606
0.000651804
-0.00346187
-0.00638351
-0.00140019
-0.0022382
-0.00223805
-0.000827139
-0.0042114
-0.00166775
-0.000667236
0.000697702
-0.00358654
-0.0064597
-0.00148656
-0.00226414
-0.00228731
-0.000858732
-0.00423377
-0.00176761
-0.000630837
0.000739129
-0.00371478
-0.00654309
-0.00158041
-0.00230301
-0.00234826
-0.000904356
-0.00426817
-0.00187263
-0.000593825
0.000761932
-0.00386103
-0.00664542
-0.0016893
-0.0023552
-0.00241283
-0.000948371
-0.00429151
-0.00195426
-0.000525186
0.00077917
-0.00401016
-0.00674661
-0.00179125
-0.00239948
-0.00246471
-0.000982339
-0.00430321
-0.00201874
-0.000437257
0.000801576
-0.00415319
-0.00684055
-0.0018867
-0.0024443
-0.00252028
-0.00102718
-0.00432421
-0.00208485
-0.000348325
0.000823492
-0.00430028
-0.0069423
-0.00199354
-0.00250501
-0.00258757
-0.00107999
-0.00434053
-0.00213088
-0.00023341
0.000850298
-0.00444325
-0.00703805
-0.00209264
-0.00255888
-0.00264444
-0.00112372
-0.00434497
-0.00216145
-0.000107026
0.000893475
-0.00457187
-0.00712033
-0.00218141
-0.00260922
-0.00269926
-0.00116834
-0.00434649
-0.00218323
2.48155e-05
0.000946154
-0.00469372
-0.00719863
-0.0022709
-0.00266764
-0.00276301
-0.00122247
-0.0043519
-0.00220249
0.000154948
0.000983545
-0.00482749
-0.00728272
-0.00236136
-0.00272773
-0.0028286
-0.00128265
-0.00436415
-0.00222798
0.000270924
0.00100472
-0.00497909
-0.0073832
-0.00246455
-0.00279691
-0.00289572
-0.00133855
-0.00436142
-0.00223021
0.000405587
0.0010274
-0.00513046
-0.00748014
-0.00255923
-0.00285233
-0.00294127
-0.00137001
-0.004333
-0.00221116
0.00054694
0.00106912
-0.00526356
-0.00755607
-0.00263178
-0.00288744
-0.0029682
-0.00138857
-0.00429772
-0.0021909
0.000676781
0.00111635
-0.0053934
-0.00762939
-0.00270344
-0.00292477
-0.00299957
-0.00141556
-0.0042759
-0.00218706
0.000781621
0.00114081
-0.00553924
-0.00770946
-0.00277654
-0.00296076
-0.00302692
-0.00143742
-0.00425349
-0.00218837
0.000871596
0.0011742
-0.0056818
-0.00779234
-0.00285908
-0.00300791
-0.00306224
-0.00145937
-0.00422529
-0.00217644
0.000976492
0.00120527
-0.00583019
-0.00787991
-0.00294069
-0.00304444
-0.00308281
-0.00146825
-0.00419322
-0.00216512
0.00107576
0.00124427
-0.00597215
-0.00796022
-0.00301544
-0.00307237
-0.00309619
-0.00147193
-0.00416405
-0.00216146
0.00116041
0.00131291
-0.00609361
-0.00803156
-0.00309513
-0.0031122
-0.00312329
-0.00148257
-0.00413776
-0.00215579
0.00124541
0.00137504
-0.00621964
-0.00810203
-0.00316908
-0.00314068
-0.00313999
-0.00148363
-0.0041081
-0.00214931
0.00132576
0.00140525
-0.00637143
-0.00818713
-0.00324749
-0.00316408
-0.00315234
-0.00148403
-0.00408913
-0.00216102
0.00137874
0.00140727
-0.00654763
-0.00828824
-0.00333448
-0.00318557
-0.00315963
-0.00147641
-0.00406715
-0.00217366
0.0014232
0.00143849
-0.00670157
-0.00837158
-0.00340907
-0.00319445
-0.00315631
-0.00145155
-0.0040236
-0.00215817
0.00149529
0.00149369
-0.00683118
-0.0084273
-0.00345163
-0.00316534
-0.00311739
-0.00139091
-0.00395162
-0.00211622
0.00158605
0.00153499
-0.00695252
-0.00846979
-0.0034833
-0.00312564
-0.00306581
-0.00131897
-0.00387573
-0.00207173
0.00166073
0.000451828
0.00132367
-4.74447e-05
0.000298916
0.000214684
0.000186039
0.000222098
-0.000197541
0.00125907
-0.000438534
0.000845914
0.00238184
0.000328609
0.000495047
0.000179886
0.000118345
0.000337809
-0.000272429
0.00223094
0.000171111
0.00148693
0.00342608
0.00133317
0.000938038
0.000458286
0.000357246
0.000757299
0.000371758
0.00298208
0.00044161
0.00155084
0.00385926
0.00244219
0.00151692
0.00112102
0.00093259
0.00127718
0.0011401
0.00327708
0.000293241
0.00113072
0.0038023
0.0032467
0.00192641
0.00185375
0.00154702
0.00159562
0.00158436
0.00310713
-0.000147816
0.000983971
0.00375149
0.00381288
0.00206923
0.00234623
0.00193395
0.00165655
0.0016779
0.00266663
-0.000652245
0.00113949
0.00379564
0.00425044
0.00207175
0.00259545
0.002049
0.00153618
0.0015891
0.00224972
-0.000907262
0.00124928
0.00377179
0.00449569
0.0019443
0.00262214
0.00198012
0.00139711
0.00153575
0.00203668
-0.000835896
0.0013115
0.00371338
0.00457464
0.00170945
0.00246062
0.00178398
0.00125979
0.00150889
0.00191175
-0.000682875
0.00147869
0.00377364
0.0046725
0.00151428
0.00223748
0.00150466
0.00106107
0.00143476
0.00177805
-0.000577602
0.00158414
0.00384576
0.00476071
0.00135957
0.00200185
0.00120378
0.000853492
0.00138196
0.00172034
-0.000420773
0.00150619
0.00381835
0.00475108
0.00119496
0.00177626
0.000949632
0.000701607
0.00137973
0.00171574
-0.000262459
0.00133532
0.00374814
0.00468783
0.00104371
0.00158863
0.000754344
0.000589675
0.00138792
0.00170074
-0.000171211
0.0011346
0.00368823
0.00463376
0.00094183
0.00144889
0.000604799
0.000496543
0.00139775
0.00168756
-0.000107711
0.000940305
0.00365889
0.00461371
0.000909628
0.00138911
0.000545291
0.0004666
0.00144213
0.00169856
-4.33727e-05
0.000722665
0.00362362
0.00460305
0.000934558
0.00141207
0.000580842
0.000491827
0.00148966
0.00168437
-2.87011e-05
0.000447394
0.00355448
0.0045902
0.00100386
0.00149437
0.000678985
0.000547868
0.00153091
0.00164345
-5.9435e-05
0.000190496
0.00350355
0.00459977
0.00110138
0.00159302
0.000793433
0.000614577
0.00157971
0.00160634
-9.83878e-05
-5.80665e-07
0.00349277
0.00462777
0.00119801
0.00167792
0.000898728
0.000681119
0.00164349
0.00159355
-0.000115266
-0.000167111
0.00348608
0.00465239
0.00129284
0.0017684
0.00102106
0.000767642
0.0017293
0.00159915
-0.000121499
-0.000345799
0.00346128
0.00466938
0.00139142
0.00187079
0.00116065
0.000868519
0.00182736
0.0016107
-0.000129958
-0.000494125
0.00345568
0.00470421
0.00149815
0.00197168
0.00129632
0.000968559
0.00193489
0.00163646
-0.000125967
-0.000564824
0.00349804
0.00475857
0.001593
0.00204701
0.00141271
0.00106242
0.00205164
0.00167494
-0.000113807
-0.000609025
0.00354268
0.00479134
0.00164346
0.00207703
0.0015018
0.00114773
0.00217978
0.0017345
-7.94375e-05
-0.000661349
0.00357525
0.00481231
0.00167446
0.00208856
0.00158011
0.00122767
0.00231672
0.00181802
-1.44243e-05
-0.00068185
0.00363534
0.00485711
0.00171267
0.00209678
0.00164873
0.00129047
0.00244008
0.00189892
5.02745e-05
-0.000675597
0.00371251
0.00490591
0.00173398
0.00208194
0.00169696
0.00133446
0.0025525
0.00198196
0.000117966
-0.000680971
0.0037787
0.00494464
0.00173909
0.002057
0.00174494
0.00138254
0.00267747
0.00209196
0.000213067
-0.000690855
0.00384905
0.00499796
0.00175564
0.00204221
0.00179792
0.00142629
0.00279864
0.00221191
0.000317702
-0.000693463
0.0039327
0.00506916
0.00177897
0.00202253
0.0018314
0.00143889
0.00289045
0.00231923
0.000409741
-0.000699377
0.00401823
0.00514655
0.00180232
0.00199877
0.00185397
0.00143565
0.00296693
0.00242015
0.000488161
-0.000706122
0.00410878
0.0052361
0.00183919
0.0019922
0.00189089
0.00144067
0.00304256
0.00251543
0.000544441
-0.000707854
0.00420847
0.00533853
0.001888
0.00199797
0.00193427
0.0014462
0.00311073
0.00260048
0.000576865
-0.000714817
0.0043088
0.00544618
0.00194184
0.00200786
0.0019749
0.00144618
0.00316958
0.00267721
0.0005912
-0.000736201
0.0044036
0.00555721
0.00200489
0.00202992
0.00202173
0.00144849
0.00322168
0.00274079
0.000579003
-0.000770495
0.00449111
0.00566635
0.00207207
0.00206231
0.00207757
0.00146112
0.00327778
0.002803
0.000554387
-0.000801501
0.00458386
0.0057812
0.00214753
0.00210738
0.00214486
0.00148861
0.00334443
0.00287199
0.000527907
-0.000814953
0.00469614
0.00591363
0.00223875
0.00216553
0.00221552
0.00151528
0.00339861
0.00291917
0.000468671
-0.000823809
0.00481272
0.00604366
0.00232375
0.00221553
0.00227326
0.00153266
0.00343977
0.00295071
0.000389126
-0.000838706
0.00492456
0.00616522
0.0024029
0.00226585
0.00233447
0.00156163
0.00348898
0.00298531
0.000307672
-0.000853901
0.00504171
0.00629344
0.00249405
0.00233186
0.0024072
0.00159922
0.00353228
0.0030012
0.000199424
-0.000874698
0.00515597
0.00641456
0.00257806
0.00239083
0.00246931
0.00162836
0.00356254
0.00300293
7.89832e-05
-0.000912507
0.00525704
0.00652114
0.00265231
0.00244609
0.00252917
0.001659
0.00358878
0.00299713
-4.75495e-05
-0.000960396
0.00535247
0.00662272
0.00272784
0.00250926
0.0025978
0.00169969
0.00361786
0.00298999
-0.000172931
-0.000993516
0.00546086
0.00672912
0.00280483
0.00257392
0.00266808
0.00174696
0.00365281
0.00299016
-0.000284655
-0.00101089
0.00558805
0.00685102
0.00289503
0.00264751
0.00273973
0.00179043
0.00367184
0.00296815
-0.000415515
-0.00103019
0.00571593
0.00696852
0.00297718
0.0027072
0.00278964
0.00180996
0.00366428
0.00292588
-0.000553468
-0.0010689
0.00582646
0.00706417
0.00303764
0.0027464
0.00282076
0.00181704
0.00364895
0.0028834
-0.000680268
-0.00111346
0.00593459
0.0071564
0.00309763
0.00278769
0.00285617
0.001833
0.00364629
0.00285824
-0.000782388
-0.00113557
0.00605954
0.00725461
0.00315947
0.00282749
0.00288741
0.00184424
0.00364227
0.00283908
-0.000869932
-0.00116689
0.00618197
0.00735491
0.00323113
0.00287831
0.00292646
0.00185596
0.00363172
0.0028075
-0.000972655
-0.00119613
0.00631098
0.00745922
0.00330222
0.00291838
0.00295062
0.00185499
0.0036166
0.00277732
-0.00106998
-0.00123354
0.00643427
0.0075556
0.0033668
0.00294973
0.00296747
0.00184918
0.00360372
0.00275553
-0.0011529
-0.00130079
0.00653775
0.00764236
0.00343664
0.00299285
0.00299789
0.00185067
0.00359311
0.00273242
-0.00123636
-0.00136173
0.00664646
0.00772763
0.00350105
0.00302449
0.0030178
0.0018429
0.00357852
0.00270917
-0.00131533
-0.0013909
0.00678156
0.00782696
0.00357024
0.00305094
0.00303324
0.0018348
0.00357407
0.00270471
-0.00136707
-0.00139203
0.00694163
0.00794174
0.00364825
0.00307537
0.00304351
0.00181897
0.00356609
0.00270176
-0.00141043
-0.00142238
0.00708001
0.00803819
0.00371414
0.00308705
0.00304306
0.00178621
0.003536
0.00267129
-0.00148143
-0.00147773
0.00719463
0.00810643
0.00374834
0.00306065
0.00300691
0.00171805
0.00347688
0.00261492
-0.00157207
-0.0015156
0.00730155
0.00816081
0.00377189
0.00302346
0.00295795
0.00163887
0.00341323
0.00255658
-0.00164312
)
;
    }
    inlet
    {
        type            calculated;
        value           nonuniform List<scalar> 
20
(
-0.397904
-0.397904
-0.397904
-0.397904
-0.397904
-0.397904
-0.397904
-0.397904
-0.397904
-0.397904
-0.397904
-0.397904
-0.397904
-0.397904
-0.397904
-0.397904
-0.397904
-0.397904
-0.397904
-0.397904
)
;
    }
    outlet
    {
        type            calculated;
        value           nonuniform List<scalar> 
20
(
0.374802
0.400539
0.402856
0.403162
0.403276
0.403276
0.403159
0.402861
0.400537
0.374804
0.374803
0.400535
0.402853
0.40316
0.403275
0.403275
0.403159
0.402858
0.400534
0.374806
)
;
    }
    heatWall
    {
        type            calculated;
        value           nonuniform List<scalar> 
240
(
0
0
0
0
0
0
0
0
0
0
0
0
0
0
0
0
0
0
1.0842e-19
0
0
-1.0842e-19
0
-1.0842e-19
-1.0842e-19
0
0
0
0
0
-1.0842e-19
0
0
0
0
0
0
0
0
0
0
0
0
0
0
0
0
0
0
0
0
0
0
1.0842e-19
0
0
0
0
0
0
0
0
0
0
0
0
0
0
0
0
0
0
-1.0842e-19
0
0
-1.0842e-19
0
-1.0842e-19
0
1.0842e-19
0
0
0
0
1.0842e-19
0
0
0
0
0
0
0
0
0
0
1.0842e-19
0
1.0842e-19
0
0
0
0
0
0
0
0
0
-1.0842e-19
0
0
0
0
1.0842e-19
0
0
1.0842e-19
0
0
0
0
0
0
0
0
0
0
0
0
0
0
0
0
0
0
0
0
0
0
0
0
0
0
0
0
0
0
0
0
0
0
0
0
0
0
0
0
0
0
0
0
0
0
0
0
0
0
0
0
0
0
0
0
0
0
0
0
0
0
0
0
0
0
0
0
0
0
0
0
0
0
0
0
0
0
0
0
0
0
0
0
0
0
0
0
0
0
0
0
0
0
0
0
0
0
0
0
0
0
0
0
0
0
0
0
0
0
0
0
0
0
0
0
0
0
0
0
0
0
0
0
)
;
    }
}


// ************************************************************************* //
