/*--------------------------------*- C++ -*----------------------------------*\
  =========                 |
  \\      /  F ield         | OpenFOAM: The Open Source CFD Toolbox
   \\    /   O peration     | Website:  https://openfoam.org
    \\  /    A nd           | Version:  8
     \\/     M anipulation  |
\*---------------------------------------------------------------------------*/
FoamFile
{
    version     2.0;
    format      ascii;
    class       surfaceScalarField;
    location    "800";
    object      phi;
}
// * * * * * * * * * * * * * * * * * * * * * * * * * * * * * * * * * * * * * //

dimensions      [1 0 -1 0 0 0 0];

internalField   nonuniform List<scalar> 
2860
(
0.00797967
6.32696e-06
-0.000417378
0.00795231
5.74602e-05
-0.00139768
0.00792612
5.24319e-05
-0.00260068
0.00789209
5.75037e-05
-0.00269796
0.00785578
6.35271e-05
-0.000288501
0.00781061
6.3543e-05
0.00441373
0.00773718
8.17951e-05
0.00982927
0.00765322
0.000130241
0.0211269
0.0074931
0.000238238
0.0287101
0.00765598
-8.39658e-05
0.0433594
0.0083423
-0.000747751
0.0713872
0.00893776
-0.00061685
0.0740676
0.00904013
0.000408366
0.0449036
0.00822951
0.00145385
0.0284805
0.00790742
0.000835675
0.0747061
0.0100263
-0.00236423
0.110838
0.0137074
-0.0035247
0.110734
0.0163426
-0.00199227
0.116675
0.0192665
-0.00241418
0.148414
0.022803
-0.00333187
0.209948
0.0263629
-0.00341862
0.250407
0.0303881
-0.00415033
0.288265
0.0341983
-0.00399613
0.306303
0.0372859
-0.00310499
0.30679
0.0406249
-0.00316253
0.301981
0.0451199
-0.00441525
0.284793
0.0500197
-0.00488989
0.250935
0.0541094
-0.0043202
0.205623
0.0563665
-0.00273018
0.169316
0.0569177
-0.00104986
0.146215
0.05777
-0.000949219
0.135431
0.0601751
-0.00198846
0.132446
0.0636569
-0.0028349
0.128089
0.067468
-0.00330854
0.116379
0.070885
-0.00320188
0.096841
0.0728399
-0.00190569
0.0712667
0.0733902
-0.000545009
0.0401298
0.0737404
-0.000500093
0.0111692
0.0754781
-0.00226972
-0.0164115
0.0792219
-0.00405061
-0.0418115
0.0831052
-0.00397644
-0.06104
0.0832948
-0.000220942
-0.0692374
0.0819388
0.00161066
-0.0831
0.0817396
0.000995986
-0.128463
0.0823958
0.000357468
-0.162853
0.0835022
-0.000215128
-0.163917
0.0859237
-0.00183604
-0.150016
0.0871191
-0.00084606
-0.135285
0.0836097
0.0033502
-0.126049
0.0863178
-0.00207788
-0.101167
0.089338
-0.00422686
-0.0192633
0.0991782
-0.0116617
0.0204616
0.106744
-0.0063651
-0.0443516
0.104211
0.00640565
-0.0894523
0.0916977
0.00656802
-0.0170167
0.0884106
0.000348518
0.168205
0.0907622
-0.00377358
0.210978
0.0936412
-0.00507628
0.34206
0.102329
-0.00154499
0.347482
9.98288e-05
0.414316
0.0079503
-4.65856e-05
-0.000228729
0.0079391
1.33334e-05
-0.00106042
0.00792708
2.58362e-05
-0.00240592
0.00791749
4.71376e-05
-0.00299058
0.00791042
6.81341e-05
-0.000969058
0.00786814
0.000108638
0.00410928
0.00774815
0.000206742
0.0120023
0.00746551
0.000474993
0.0328232
0.00690266
0.000990003
0.0670127
0.00621995
0.00147961
0.224732
0.00388497
0.00205648
0.475165
0.000990762
0.00172608
0.52459
-2.28418e-06
0.000841908
0.346607
-0.000403942
0.0018794
0.220718
0.00119144
-0.000976765
0.0749208
0.00654708
-0.00222296
-4.98936e-05
0.0103289
-0.00380729
0.0792489
0.0117071
-0.000705428
0.178162
0.0124041
-0.00120876
0.339533
0.0137983
-0.00350181
0.523585
0.0155919
-0.00458594
0.604058
0.0180309
-0.00621743
0.588426
0.0209877
-0.0069343
0.526807
0.0233365
-0.006737
0.431984
0.0245795
-0.00611583
0.326934
0.0258294
-0.00662737
0.248545
0.0273918
-0.00710207
0.189119
0.0288641
-0.00665265
0.13635
0.0300045
-0.00509435
0.107231
0.0304091
-0.00235403
0.0985332
0.0301783
0.000155268
0.113487
0.0293181
0.000447327
0.145172
0.0280895
-0.000533291
0.166978
0.0273062
-0.00249059
0.17074
0.0274467
-0.00407377
0.157517
0.0276487
-0.00300551
0.133814
0.0275317
-0.000815925
0.0825622
0.0270005
-2.60902e-05
0.0228682
0.0276666
-0.0017944
-0.0213894
0.0320411
-0.00506135
-0.0416636
0.0392793
-0.00492879
-0.0752206
0.0408704
0.00136648
-0.0845624
0.0365065
0.00762459
-0.0958774
0.0301248
0.00899433
-0.22302
0.0251826
0.00601015
-0.253216
0.0228622
0.00335429
-0.209942
0.0257034
-0.00145682
-0.187337
0.0355614
-0.0059056
-0.123066
0.0360906
0.00410211
-0.0483464
0.0359219
0.0115012
-0.0401865
0.0316597
-0.00139338
0.191246
0.0385748
-0.0236185
0.0561775
0.0482133
-0.0203012
-0.18162
0.0539319
0.000191526
-0.223945
0.0485702
0.00845223
-0.0964224
0.047248
0.0029599
0.125446
0.0443278
0.00579725
0.158131
0.0406617
0.0138008
1.09482
0.0450105
0.010527
0.75029
0.0210992
-0.25777
0.00790823
1.08334e-05
-0.00034314
0.00790741
3.95129e-05
-0.00199476
0.00791411
4.60888e-05
-0.00451219
0.00792468
6.44628e-05
-0.00594973
0.00792778
0.000101793
-0.00423059
0.00791002
0.000168056
0.000789746
0.00785951
0.000288744
0.00758909
0.00777891
0.000642233
0.0224589
0.00763009
0.00133808
0.0455768
0.00742076
0.00254608
0.143584
0.00626329
0.00397573
0.341475
0.00387461
0.00387221
0.423714
0.000899628
0.00241896
0.28919
0.00045754
0.00145107
0.126125
0.00268261
-0.00233185
-0.224066
0.00445321
-0.00392409
-0.330617
0.00552902
-0.00516268
-0.241694
0.0062485
-0.00198427
-0.0625749
0.00535413
0.000295017
0.0754621
0.00308823
-0.00167203
0.286896
0.00150516
-0.00342809
0.306237
-0.000945671
-0.00473036
0.217999
-0.000765418
-0.00709231
0.162542
0.0014256
-0.00855073
0.198974
-0.00196163
-0.00309335
0.251166
-0.0107434
0.00166349
0.250108
-0.0199199
0.00204753
0.263665
-0.0280793
0.00174732
0.286686
-0.0343721
0.00177459
0.312728
-0.0384483
0.00265712
0.320111
-0.0407931
0.00362344
0.305696
-0.0424334
0.00316309
0.276984
-0.043779
0.00143846
0.247262
-0.0446991
-0.0011783
0.224291
-0.0463657
-0.00253269
0.206194
-0.0500267
-0.0012676
0.20928
-0.053579
0.000458919
0.235495
-0.0550774
0.000458026
0.268245
-0.0547547
-0.00235549
0.290361
-0.0532931
-0.00550878
0.300683
-0.0505043
-0.00605528
0.313954
-0.0475105
-0.000263578
0.30899
-0.0453552
0.00910669
0.265304
-0.0430769
0.0116747
0.238382
-0.0380082
0.00483989
0.234971
-0.0308853
-0.00139635
0.18568
-0.0206374
-0.00614952
0.109149
-0.00416849
-0.00864791
0.0474056
0.0101665
-0.0038405
0.10772
0.0126576
0.00468619
0.0670446
0.00110344
0.00489539
0.210208
-0.012495
-0.00492385
-0.269549
-0.0201268
-0.0162693
-0.627669
-0.0133431
-0.0107215
-0.49286
-0.0151528
0.011212
-0.276801
-0.0288128
0.018314
-0.442357
-0.0393554
0.0200536
-0.582006
-0.0418787
0.0260116
-0.68977
-0.0458729
0.0170222
-0.710404
0.0123675
-0.644042
0.00793989
1.17089e-05
-0.000286512
0.0079432
2.17582e-05
-0.00150508
0.00794703
3.27892e-05
-0.00307531
0.00794716
6.27138e-05
-0.00362839
0.00795187
0.000107644
-0.00187602
0.00794514
0.000190581
0.00213258
0.00789259
0.000350495
0.00677257
0.00782145
0.000776313
0.0174122
0.00774601
0.00157643
0.035076
0.00802208
0.00311038
0.115822
0.00815784
0.00464216
0.281249
0.00726265
0.00459661
0.352448
0.00534635
0.00350451
0.299908
0.00337967
0.00215734
0.20342
0.00134688
0.00185599
-0.17384
-0.00245713
0.000136775
-0.467655
-0.0100591
0.00501782
-0.316164
-0.0183433
0.00466901
0.136768
-0.0234064
0.00497597
0.223211
-0.0280893
0.00293433
0.234597
-0.0331866
0.00117685
0.233742
-0.0383074
-0.000300198
0.245144
-0.0438596
-0.00249293
0.263202
-0.0497561
-0.00389071
0.287705
-0.0553376
0.00156333
0.319207
-0.0610656
0.00685175
0.356473
-0.0671722
0.00770971
0.392151
-0.0725237
0.00678093
0.423992
-0.0764743
0.00561472
0.449597
-0.0786173
0.00517118
0.465075
-0.0788075
0.00506562
0.46584
-0.0770413
0.00419502
0.445676
-0.0730566
0.00318981
0.393102
-0.06782
0.00368188
0.289843
-0.0657015
0.00535408
0.135895
-0.0697135
0.00242829
0.0243986
-0.0740311
0.000475597
-0.0162399
-0.0755963
-0.00121638
-0.0512521
-0.0765744
-0.00417998
-0.0816295
-0.0777757
-0.00787519
-0.104662
-0.0792956
-0.00884085
-0.120583
-0.0816572
-0.00306059
-0.145291
-0.0839913
0.00686623
-0.200057
-0.0871436
0.0100265
-0.288859
-0.0902187
0.00279884
-0.384922
-0.0915886
-0.00514714
-0.461117
-0.0911645
-0.0101734
-0.527955
-0.0898546
-0.0131633
-0.595165
-0.0871741
-0.011162
-0.65264
-0.0864331
-2.86688e-05
-0.711542
-0.0904132
0.00384262
-0.838519
-0.0940356
-0.00425316
-1.00735
-0.0942465
-0.0182631
-1.14693
-0.0875403
-0.0172832
-1.11031
-0.0805518
0.00667784
-0.929658
-0.0838526
0.0239715
-0.879275
-0.0908287
0.0309621
-0.845572
-0.0904959
0.0306186
-0.761861
-0.0918923
0.019732
-0.507204
0.0255724
-0.179001
0.00793688
1.91377e-05
-0.000281376
0.00793539
1.971e-05
-0.00162369
0.00794175
3.18063e-05
-0.00351428
0.00794817
6.58004e-05
-0.00451434
0.00795697
0.0001176
-0.00340834
0.00797448
0.000209282
-6.50619e-05
0.00797124
0.000377562
0.00333046
0.00802041
0.00078583
0.00902529
0.00818811
0.00154902
0.0170943
0.00875574
0.00307954
0.0580447
0.00950379
0.00463311
0.167226
0.00976554
0.00452973
0.245466
0.0094565
0.00341832
0.249447
0.00844158
0.00248264
0.20926
0.00661657
0.00297106
0.094703
0.0038682
0.00568469
-0.243877
0.000706833
0.00911423
-0.38717
-0.00142572
0.00816146
-0.237809
-0.0019931
0.00819689
-0.248809
-0.00484849
0.00811904
-0.150449
-0.0125733
0.00784395
0.0857706
-0.0206762
0.00703785
0.181767
-0.0274882
0.00392311
0.230926
-0.0332129
0.00116534
0.260146
-0.0386379
0.00632967
0.274204
-0.0437459
0.0112287
0.289993
-0.0481366
0.0115558
0.303141
-0.051721
0.0101658
0.31307
-0.0540581
0.00825428
0.316313
-0.0546458
0.00670516
0.313183
-0.0532517
0.00557411
0.295367
-0.0501843
0.00454681
0.248334
-0.0468055
0.0048683
0.169451
-0.0474343
0.00738628
0.0712157
-0.0518123
0.00741946
-0.00939688
-0.0575194
0.00498955
-0.0621104
-0.0622849
0.00240591
-0.102457
-0.0655657
-0.000520984
-0.139127
-0.0683802
-0.00323753
-0.173375
-0.0711899
-0.00593633
-0.212037
-0.0739356
-0.00659252
-0.249661
-0.076472
-0.00256719
-0.281306
-0.0777531
0.00686777
-0.317896
-0.078118
0.00955735
-0.376739
-0.0789636
0.00248366
-0.460189
-0.0812426
-0.00405078
-0.557497
-0.0849633
-0.00896395
-0.669104
-0.0901159
-0.0116875
-0.792758
-0.0954782
-0.0103607
-0.930796
-0.0996968
-0.001684
-1.06118
-0.103658
0.00217917
-1.20446
-0.108156
-0.00439197
-1.3719
-0.112649
-0.0165447
-1.50691
-0.112996
-0.019021
-1.60138
-0.107362
-0.00146338
-1.61525
-0.103903
0.0196203
-1.58796
-0.105756
0.0338609
-1.58549
-0.107885
0.0355976
-1.61241
-0.113424
0.0271415
-1.5047
0.0338395
-1.28288
0.00793813
2.45932e-05
-0.000256248
0.00793945
1.54944e-05
-0.00150768
0.00794879
2.64005e-05
-0.0032096
0.00795669
5.94851e-05
-0.00420156
0.007971
0.000109281
-0.00381237
0.00800752
0.000196559
-0.00158552
0.00804186
0.000364737
0.000464925
0.00812633
0.000742803
0.00288889
0.0083696
0.00141918
0.00569164
0.00909593
0.00268233
0.0239575
0.0102396
0.00399593
0.0841167
0.0111065
0.00393777
0.141765
0.011313
0.0031274
0.165575
0.010893
0.00259713
0.170598
0.0101667
0.00324062
0.14846
0.00936272
0.00705378
-0.0063782
0.00803246
0.0101731
-0.214662
0.00737126
0.00913096
-0.315887
0.00695742
0.00926347
-0.428964
0.00631518
0.00973406
-0.510173
0.00515771
0.00912527
-0.377693
0.00458545
0.0078828
-0.211903
0.000421585
0.0056486
-0.0928645
-0.00680412
0.00806829
0.0958789
-0.013167
0.0122784
0.14301
-0.0172972
0.0142864
0.182214
-0.0197109
0.0129512
0.198962
-0.0214816
0.0111328
0.205419
-0.0227348
0.0088065
0.203862
-0.0234556
0.0067928
0.212691
-0.0239423
0.005748
0.236279
-0.0243802
0.00519783
0.24628
-0.0236213
0.00525949
0.23679
-0.021691
0.00770855
0.209124
-0.0198594
0.00736737
0.183554
-0.0202506
0.00675113
0.152367
-0.0228172
0.00498587
0.141784
-0.0269506
0.00322357
0.151255
-0.031146
0.00151047
0.14882
-0.0339617
4.82636e-05
0.12669
-0.0377547
0.000758231
0.0602353
-0.0431009
0.00386962
-0.0298341
-0.0439811
0.008517
-0.0893304
-0.0403922
0.00723762
-0.103627
-0.0363101
0.000596686
-0.091735
-0.037846
-0.00299549
-0.148613
-0.0438448
-0.00560006
-0.296245
-0.0517798
-0.00768195
-0.455679
-0.0605911
-0.00566313
-0.67062
-0.0680966
0.00180328
-0.83696
-0.074021
0.00478397
-0.960843
-0.0799588
-0.00185191
-1.04886
-0.0864075
-0.013715
-1.16157
-0.0909441
-0.0197516
-1.28677
-0.0896185
-0.00824404
-1.38261
-0.0853064
0.0110179
-1.43184
-0.0826534
0.0281348
-1.37505
-0.0821973
0.0326893
-1.30029
-0.0887168
0.0340902
-1.0764
0.0430138
-0.832407
0.00794215
2.09322e-05
-0.000205819
0.0079522
-5.927e-06
-0.00119697
0.0079663
2.89658e-06
-0.00236161
0.00797503
3.21344e-05
-0.00294579
0.00799156
7.53399e-05
-0.00285381
0.00804014
0.000146781
-0.00154829
0.00811603
0.000285011
-0.00048422
0.00826975
0.000588766
-0.000102689
0.00859688
0.00113836
-0.000606733
0.00936206
0.0021151
0.00327562
0.010524
0.00316714
0.0246344
0.0116336
0.00307463
0.052592
0.012347
0.00244354
0.0694021
0.0125634
0.0021892
0.0761884
0.012557
0.00289599
0.0732812
0.0132147
0.00608998
0.0384395
0.0139896
0.00873925
-0.0603803
0.0143773
0.00841211
-0.150511
0.0143959
0.00858385
-0.229179
0.0144486
0.00909638
-0.34384
0.0147859
0.00829165
-0.397357
0.0148689
0.00701915
-0.387125
0.0134628
0.00538046
-0.341286
0.0118174
0.00805663
-0.209463
0.0112783
0.0114919
-0.0924905
0.010822
0.0125805
-0.00554415
0.0105479
0.0120382
0.0359395
0.011004
0.0102193
0.0477242
0.0116977
0.00805989
0.023165
0.0112894
0.00632487
-0.0146974
0.0118301
0.00567068
-0.0443408
0.0125751
0.00542098
-0.0684565
0.0146416
0.00514117
-0.0612183
0.0136436
0.00598034
0.0140922
0.012533
0.00871203
0.0708734
0.0120665
0.00818894
0.113155
0.0112946
0.00574163
0.111224
0.0105201
0.00377589
0.100678
0.00938979
0.00253583
0.0908705
0.0068848
0.00233411
0.131427
0.0030087
0.00378594
0.207063
0.000557937
0.00514536
0.228343
0.00525571
0.00672093
0.205253
0.0125447
0.00376706
0.260123
0.0141395
-0.000424063
0.348395
0.0119085
-0.00226407
0.388633
0.00886893
-0.00332075
0.385314
0.00563519
-0.00520894
0.307519
-0.00394059
-0.000289717
0.128872
-0.0116638
0.00644776
-0.415059
-0.0123913
0.00297649
-0.613607
-0.0148564
-0.00140433
-0.860662
-0.0207044
-0.00832749
-1.07077
-0.0285748
-0.0129866
-1.45462
-0.0347998
-0.00505563
-1.74905
-0.0369054
0.00883278
-1.7251
-0.0334579
0.0218253
-1.55784
-0.0302309
0.0265916
-1.53285
-0.0308138
0.030554
-0.936081
0.0337583
-0.715208
0.00791359
6.79418e-05
-0.000171161
0.00792286
1.35982e-05
-0.00130652
0.00794031
1.63545e-05
-0.00288042
0.00795774
2.56355e-05
-0.00405064
0.00798769
5.19669e-05
-0.00501084
0.00804935
0.000108545
-0.00498513
0.00814828
0.000209844
-0.00496675
0.00833519
0.00041814
-0.00584861
0.00870826
0.000798445
-0.00744813
0.00945306
0.00143416
-0.00933084
0.0106473
0.0020954
-0.00718703
0.0117288
0.00215387
-0.00108057
0.0125117
0.00182686
0.00249037
0.0131914
0.00161696
0.00521086
0.013952
0.00209203
0.0106031
0.0156761
0.00424258
0.0129707
0.0179266
0.00632861
-0.0146423
0.0194567
0.00661022
-0.0620463
0.0207244
0.00682392
-0.109941
0.0219771
0.00722081
-0.179265
0.0231545
0.00657005
-0.231965
0.0241806
0.00567706
-0.280793
0.024723
0.00438129
-0.319969
0.0258493
0.00605146
-0.315783
0.0280085
0.00848719
-0.278721
0.0304894
0.00937208
-0.24383
0.0332813
0.00925175
-0.222131
0.0358858
0.00809402
-0.221863
0.0379362
0.00657608
-0.249847
0.0392474
0.00524251
-0.288239
0.0400922
0.00458708
-0.307203
0.0403727
0.0045312
-0.317358
0.0400512
0.00475294
-0.314029
0.039526
0.00511843
-0.28428
0.0405267
0.00630966
-0.236259
0.0424934
0.00605613
-0.206936
0.0437429
0.00461584
-0.194555
0.0438933
0.00338615
-0.183932
0.0429228
0.00266322
-0.172679
0.0412581
0.00281991
-0.14782
0.0399604
0.00412464
-0.106842
0.0380161
0.00542473
-0.0639676
0.0378222
0.00642952
-0.0275599
0.0394944
0.00606109
-0.0200543
0.0453566
0.00308054
0.0368515
0.0481137
-0.000275582
0.0683567
0.0476777
-0.00265867
0.055248
0.0438803
-0.00265109
0.0447131
0.0405651
0.002335
0.0237783
0.0428735
0.00872397
-0.0780015
0.0430237
0.00802992
-0.155221
0.0422621
0.00533495
-0.206515
0.037284
0.000149184
-0.245521
0.0306323
-0.00319627
-0.465204
0.026825
-0.00038407
-0.806502
0.0268889
0.00701997
-1.22397
0.0321796
0.0140601
-1.31152
0.0375535
0.0188148
-1.45759
0.045066
0.0221289
-1.14433
0.0206929
-1.01569
0.00795601
2.09696e-06
-8.65436e-05
0.00795831
-4.82497e-05
-0.000620978
0.00796583
-3.90758e-05
-0.00125893
0.00797457
-3.5851e-05
-0.00162775
0.0079977
-1.55937e-05
-0.00233829
0.00806199
2.18834e-05
-0.00270904
0.00817433
8.19744e-05
-0.0034885
0.00838402
0.000196881
-0.00611208
0.00879461
0.000399993
-0.0103679
0.00953498
0.000724742
-0.0171101
0.0106139
0.00105333
-0.0242244
0.0117044
0.00108406
-0.0304881
0.0126357
0.000951699
-0.0382837
0.0134762
0.000904351
-0.0467594
0.014541
0.00118562
-0.0513969
0.0166915
0.00229228
-0.048812
0.0197229
0.00338172
-0.0399727
0.0225945
0.00366886
-0.0420149
0.0252284
0.00389997
-0.0486389
0.0277928
0.00427342
-0.0740096
0.02998
0.00403253
-0.101526
0.0319123
0.0036855
-0.136111
0.033681
0.00293537
-0.174308
0.0365751
0.00339646
-0.223617
0.0407388
0.0042048
-0.258735
0.0452389
0.004569
-0.279529
0.049631
0.00461047
-0.293784
0.0534527
0.00406857
-0.307626
0.0564459
0.00337822
-0.32761
0.0586217
0.00275462
-0.351687
0.0603464
0.00240082
-0.370019
0.0618893
0.00235715
-0.386964
0.0633786
0.00252616
-0.398865
0.0651585
0.00236422
-0.398713
0.0678382
0.00273933
-0.391533
0.0704406
0.00281758
-0.387746
0.0720772
0.0023487
-0.386124
0.0728729
0.00176213
-0.384027
0.0732332
0.00132111
-0.38159
0.0736647
0.00139729
-0.372449
0.0747251
0.00216955
-0.355816
0.076221
0.00271932
-0.333798
0.0784473
0.00319485
-0.310296
0.0810097
0.0029075
-0.293642
0.083333
0.00223031
-0.285458
0.0832726
0.000246361
-0.285862
0.0817681
-0.000898721
-0.292676
0.080067
-0.000794877
-0.302579
0.0804564
0.0017251
-0.306578
0.0848346
0.00548933
-0.295524
0.0889349
0.00534757
-0.287232
0.0918346
0.00380045
-0.304731
0.0916595
0.00131992
-0.312181
0.089182
0.000104324
-0.390363
0.0878895
0.00188349
-0.565392
0.0900504
0.0054969
-0.836899
0.0959258
0.00784686
-0.990939
0.104186
0.00964809
-1.21322
0.114528
0.0105521
-1.15231
0.0102473
-1.16415
0.00798668
-3.8027e-06
0.00797171
-0.000637582
0.00796277
-0.00120253
0.00794396
-0.00127219
0.00793504
-0.00167493
0.007967
-0.00160427
0.00805463
-0.00166616
0.00824853
-0.00319398
0.00865512
-0.00582944
0.00939016
-0.0111989
0.010464
-0.018373
0.0115679
-0.0249736
0.0125403
-0.0312538
0.0134734
-0.0363725
0.0146853
-0.0389277
0.0170058
-0.0410765
0.0203736
-0.0346962
0.0239441
-0.0301314
0.027659
-0.0247728
0.0317055
-0.0268263
0.0354629
-0.0290016
0.0390659
-0.0353476
0.0421968
-0.0431757
0.0460131
-0.0624307
0.050568
-0.0872552
0.0553392
-0.111606
0.060065
-0.131983
0.0642088
-0.145414
0.0675774
-0.154992
0.0701995
-0.163091
0.072386
-0.16599
0.0744102
-0.16964
0.0764188
-0.171841
0.0785273
-0.179869
0.0813263
-0.19067
0.0841045
-0.202399
0.086244
-0.21182
0.0877298
-0.219628
0.0888143
-0.227232
0.0900433
-0.230617
0.0920912
-0.232477
0.0947588
-0.234783
0.0978158
-0.234565
0.100397
-0.230577
0.102178
-0.22555
0.102177
-0.2238
0.101205
-0.225024
0.100295
-0.22694
0.1019
-0.232772
0.106946
-0.227421
0.111592
-0.215192
0.114842
-0.217207
0.115672
-0.223903
0.115611
-0.269899
0.117817
-0.35697
0.124346
-0.497698
0.133428
-0.589148
0.144394
-0.737494
0.155598
-0.72782
-0.865119
0.00797994
5.11546e-06
0.00795927
5.45994e-05
0.0079398
5.08658e-05
0.00790812
5.90667e-05
0.00786317
6.93813e-05
0.00779993
6.82566e-05
0.00771422
8.14741e-05
0.00758914
0.000136125
0.00734024
0.000283969
0.0074457
3.70328e-05
0.00832295
-0.00059343
0.00903929
-0.000518825
0.00912464
0.000465814
0.00818648
0.00148283
0.00790155
0.000773676
0.0101102
-0.00223345
0.013979
-0.00356777
0.0165099
-0.0020056
0.0194526
-0.00234686
0.0230365
-0.00328414
0.0265779
-0.00336619
0.0306245
-0.0041222
0.0344998
-0.00413994
0.037642
-0.0032169
0.0408818
-0.0031877
0.0453065
-0.00437837
0.050216
-0.00492488
0.0545039
-0.00441188
0.057028
-0.00276921
0.0575547
-0.000842178
0.0580485
-0.000603578
0.0599697
-0.00162441
0.0631307
-0.00263376
0.066898
-0.00321165
0.0704289
-0.00300832
0.0723533
-0.0013539
0.072986
2.57493e-05
0.0740315
-0.000209945
0.0766585
-0.00168305
0.0807723
-0.00349739
0.0843336
-0.00318884
0.0840367
0.000761992
0.0820216
0.00272541
0.081314
0.00174214
0.0816381
0.00116289
0.0821965
0.00087214
0.0831996
-0.00023399
0.082793
0.000969961
0.079432
0.00515248
0.0818321
0.000509169
0.0869996
-0.00367627
0.0981372
-0.00931111
0.0999811
-0.00439392
0.0939772
0.00799688
0.0886849
0.00775482
0.0937346
0.000628804
0.100377
-0.00503915
0.108462
-0.00783141
0.114084
0.00255693
-0.0010645
0.00794968
-4.69412e-05
0.00794189
8.86332e-06
0.00793901
1.93048e-05
0.00793993
4.13578e-05
0.00793432
6.35597e-05
0.00788443
0.000101977
0.00776247
0.00019558
0.00746199
0.000459711
0.00688456
0.00101323
0.00620546
0.00156521
0.0039166
0.00214696
0.00104066
0.00179811
4.66783e-05
0.000924788
-0.000393281
0.00194428
0.000820295
-0.000928542
0.00727331
-0.00217386
0.0106953
-0.00369194
0.0119319
-0.000876963
0.0125918
-0.00112129
0.013969
-0.0035289
0.0157233
-0.00458189
0.0181365
-0.00629995
0.0211227
-0.00721696
0.0235802
-0.00673571
0.0248454
-0.00588502
0.0260637
-0.00659439
0.0275745
-0.00713495
0.0290702
-0.00676455
0.0302405
-0.00548032
0.0307216
-0.00286845
0.0307603
8.84676e-05
0.03014
0.000882521
0.0289785
0.000117877
0.0280097
-0.00171697
0.0280303
-0.00329874
0.0281378
-0.00204415
0.0281044
0.000424681
0.0292374
0.00124088
0.0310778
-0.000914702
0.0349684
-0.0042008
0.0410114
-0.00397936
0.0417572
0.00217109
0.0363737
0.00802406
0.029172
0.00911765
0.0239335
0.00555383
0.0211846
0.00271358
0.0227102
-0.00194229
0.0305062
-0.00721089
0.030479
0.00439629
0.0327333
0.0105977
0.0339812
-0.00712115
0.0389342
-0.0212614
0.0447345
-0.0177198
0.0504577
0.000671773
0.0490042
0.00883343
0.0532478
0.00171782
0.0515199
0.00578043
0.0480773
0.00924945
0.0437692
0.012198
0.0201313
0.0079065
1.06626e-05
0.0079108
3.32034e-05
0.00792747
3.56776e-05
0.00794732
5.23694e-05
0.00795548
8.14925e-05
0.00792871
0.000142038
0.00787304
0.000262823
0.00777048
0.000608711
0.00761396
0.00133617
0.00740858
0.00259046
0.00628778
0.00403888
0.00392102
0.00394222
0.000951105
0.00252327
0.000478077
0.00160711
0.00273422
-0.00265035
0.00439363
-0.00420718
0.00521683
-0.00537525
0.00638453
-0.00235052
0.00580142
0.000396503
0.00340568
-0.00129667
0.00167454
-0.00323246
-0.000840495
-0.00454673
-0.000869107
-0.00684715
0.00129936
-0.00901767
-0.00164318
-0.00379542
-0.0100969
0.00152049
-0.0192706
0.00213319
-0.0274629
0.00185152
-0.0338678
0.00167099
-0.0381338
0.0023943
-0.0404731
0.00354899
-0.0419639
0.00339733
-0.0431076
0.0018173
-0.0439582
-0.000345162
-0.0458781
-0.00157417
-0.0499956
0.000461646
-0.0535654
0.00226079
-0.0548322
0.00167594
-0.0543351
-0.00146503
-0.0524516
-0.00471279
-0.0490023
-0.0052914
-0.0456646
0.000525456
-0.0430829
0.00978784
-0.0402998
0.0122901
-0.0354227
0.00525955
-0.0291633
-0.00130552
-0.019815
-0.00625035
-0.00109484
-0.00846902
0.0128151
-0.00489174
0.0164788
0.00457604
0.00222718
0.00371328
-0.0148659
-0.00295526
-0.0221074
-0.0147568
-0.0146962
-0.00875786
-0.0159933
0.0124475
-0.0317389
0.0167558
-0.0455166
0.0165167
-0.0520011
0.0182744
-0.0534743
0.0128066
0.0152043
0.00793871
1.12059e-05
0.00794742
1.60164e-05
0.00795968
2.20946e-05
0.00796803
4.54414e-05
0.00797231
7.59244e-05
0.00795773
0.000145889
0.00790937
0.000303723
0.00782953
0.000702097
0.00775632
0.00150769
0.00802175
0.00306946
0.008164
0.00463657
0.00727928
0.00463363
0.00537057
0.00360286
0.00338014
0.00232646
0.0013468
0.00181629
-0.00241625
-0.000200572
-0.0100133
0.00484055
-0.0183715
0.0048851
-0.0233691
0.0050179
-0.0279936
0.00299346
-0.0331147
0.0013037
-0.0382151
-0.000274914
-0.0437424
-0.00230863
-0.0496436
-0.00396939
-0.0552503
0.0012009
-0.0608964
0.00666745
-0.0669036
0.0077105
-0.0721708
0.00678501
-0.0760141
0.00540943
-0.0780133
0.00483519
-0.077975
0.00495688
-0.0758894
0.00437955
-0.0716169
0.00329249
-0.0667207
0.00395166
-0.0653467
0.00569239
-0.0698037
0.00287316
-0.0737609
0.000856591
-0.0754799
-0.000770825
-0.0767324
-0.00356188
-0.078103
-0.00661255
-0.0797424
-0.00686691
-0.081965
8.80792e-05
-0.0843204
0.0106201
-0.0876036
0.0138824
-0.0908176
0.00615445
-0.0924314
-0.00249297
-0.0924261
-0.00865154
-0.0913048
-0.0111873
-0.088337
-0.00789532
-0.0873591
0.00346258
-0.0913365
0.006679
-0.0952681
-0.00153707
-0.0959517
-0.0155363
-0.0890612
-0.0143513
-0.0819816
0.00847168
-0.0867841
0.0238832
-0.0971116
0.0298462
-0.102012
0.0290986
-0.102611
0.0216251
0.028282
0.00793499
1.91938e-05
0.0079386
1.67017e-05
0.00795259
2.32484e-05
0.0079663
4.6754e-05
0.00797887
7.78324e-05
0.0079849
0.0001459
0.00798358
0.000310792
0.00801984
0.000691795
0.00818672
0.0014521
0.00874716
0.00300477
0.00950212
0.00461461
0.00976326
0.00456194
0.00945657
0.00352463
0.00846987
0.00263361
0.00660416
0.00320652
0.00376712
0.00556482
0.000580904
0.00895575
-0.00145425
0.00811629
-0.0020677
0.00810593
-0.00484194
0.00799037
-0.0123057
0.00800248
-0.0203956
0.00710549
-0.0273114
0.00395809
-0.0330183
0.000936662
-0.038441
0.00592178
-0.043555
0.0111904
-0.0478804
0.0116453
-0.0513863
0.0102404
-0.0536273
0.00814756
-0.0541074
0.00648287
-0.0525461
0.00540396
-0.0493522
0.00457786
-0.0461266
0.00512956
-0.0469383
0.00791084
-0.0512126
0.0072024
-0.0567177
0.00466104
-0.0615032
0.00189274
-0.0650252
-0.000944389
-0.0681762
-0.00343719
-0.0712322
-0.00603284
-0.0739868
-0.00678439
-0.076315
-0.000131249
-0.0775003
0.00948676
-0.0779878
0.0114003
-0.0791799
0.0034496
-0.081779
-0.00314155
-0.0855179
-0.00839545
-0.0905634
-0.010451
-0.0957938
-0.00764245
-0.100004
0.00237432
-0.104044
0.00576489
-0.108832
-0.00137002
-0.113774
-0.0137128
-0.114183
-0.0159456
-0.108468
0.00107955
-0.105503
0.0204418
-0.108367
0.0334464
-0.111624
0.0345174
-0.116297
0.030116
0.0364414
0.00793626
2.55704e-05
0.00794224
1.63368e-05
0.00795749
2.27098e-05
0.00797075
4.40174e-05
0.00798873
7.18885e-05
0.00801405
0.000133948
0.00804905
0.000289085
0.00813012
0.000635702
0.00837777
0.00129235
0.00909313
0.0025537
0.0102335
0.00395141
0.0110992
0.00396651
0.0113159
0.00321482
0.010908
0.00272405
0.0101316
0.00343236
0.00921789
0.00724818
0.00790837
0.00987076
0.00731158
0.00904581
0.00686735
0.00915341
0.00612843
0.00963918
0.00492705
0.00918558
0.00407831
0.00809657
0.000609581
0.00609368
-0.00602045
0.00836859
-0.0126823
0.0124948
-0.0170405
0.0146334
-0.0194686
0.0131403
-0.0212623
0.0112562
-0.0225601
0.00886143
-0.0233404
0.00692742
-0.0238161
0.00577486
-0.0240917
0.00502991
-0.0229568
0.00498819
-0.021037
0.00870085
-0.0194211
0.00758432
-0.0202962
0.00569651
-0.0232928
0.00405193
-0.0275454
0.00290256
-0.0318016
0.00152122
-0.0347272
0.000333671
-0.0372043
0.00101502
-0.041636
0.00347288
-0.0429402
0.00870755
-0.0404309
0.00766129
-0.0373645
0.000621439
-0.0389964
-0.00258299
-0.044447
-0.00515458
-0.0518011
-0.00737457
-0.0605564
-0.00606603
-0.0684351
0.00547102
-0.0745278
0.00825856
-0.0808217
0.00127881
-0.0877472
-0.0106627
-0.092355
-0.0166538
-0.0909583
-0.00572934
-0.0870038
0.0122129
-0.0853286
0.0283515
-0.0856199
0.032492
-0.0914701
0.0364469
0.044922
0.00794077
2.23465e-05
0.007955
-3.62635e-06
0.00797318
1.90296e-06
0.00798497
2.14478e-05
0.00800527
4.49497e-05
0.0080442
9.42542e-05
0.00811218
0.000220968
0.00825395
0.000504716
0.00857429
0.00104971
0.00935476
0.00198948
0.0105297
0.00307354
0.0116255
0.00305243
0.0123459
0.00245311
0.0125889
0.00222305
0.0125661
0.00299061
0.0133183
0.0062568
0.013862
0.00864802
0.0142688
0.00827139
0.0142583
0.00842201
0.014258
0.00900059
0.0145684
0.00830805
0.0145268
0.0071434
0.0130553
0.00575018
0.0113154
0.00859598
0.0107041
0.0121077
0.0107571
0.0131354
0.0110106
0.0122906
0.0114182
0.0104013
0.0115605
0.00825988
0.0112811
0.0067179
0.0120908
0.00608423
0.0128637
0.00563727
0.0140084
0.00509279
0.0134182
0.0061734
0.0129257
0.00902209
0.0122854
0.00824573
0.0110585
0.00571157
0.010003
0.00382965
0.00886
0.00264385
0.00665131
0.0026138
0.00304013
0.00403843
-7.92061e-06
0.00485665
0.00427623
0.00628754
0.0120024
0.00276109
0.0146181
-0.000525488
0.0127571
-0.00169826
0.00991433
-0.00273863
0.00661606
-0.00487829
-0.00364371
-0.00205232
-0.0124585
0.00757141
-0.0132928
0.00487491
-0.0158992
0.000983448
-0.0216552
-0.00642537
-0.0293804
-0.0108978
-0.0357158
-0.00285629
-0.0382221
0.0108994
-0.0354823
0.0230688
-0.032986
0.0288024
-0.0328115
0.0331763
0.0351165
0.0079116
6.99064e-05
0.00792409
1.57724e-05
0.00794509
1.61831e-05
0.00796477
2.03372e-05
0.007999
3.09528e-05
0.00805259
6.91545e-05
0.00814027
0.000161013
0.00831887
0.00035963
0.00867995
0.000739509
0.00940177
0.00136444
0.010575
0.00204482
0.0117024
0.00211303
0.0125291
0.00180189
0.0132458
0.00158426
0.0139941
0.00211391
0.015789
0.00421075
0.0177491
0.00622316
0.0192541
0.00646658
0.020496
0.00660487
0.0217012
0.00705515
0.0228595
0.00650112
0.0238484
0.00580345
0.0244235
0.00473299
0.0255271
0.00648349
0.027661
0.00893194
0.0302291
0.00981216
0.0330749
0.00959342
0.0357628
0.00846077
0.0378737
0.00694343
0.0392334
0.00557934
0.0401057
0.00486799
0.0403192
0.00469871
0.0396764
0.00458999
0.0392378
0.00536859
0.0406937
0.00706987
0.043004
0.0066136
0.0443149
0.00492157
0.0443241
0.00352529
0.0432959
0.0028088
0.0416927
0.00304671
0.0403005
0.00438266
0.0384437
0.00561434
0.0386412
0.00647099
0.0402445
0.00500232
0.0457208
0.00365028
0.0496148
-0.000389774
0.0509061
-0.0024619
0.0483959
-0.00211876
0.0430135
0.0023388
0.0401626
0.00811337
0.0386712
0.00627717
0.0378765
0.0041292
0.0342689
-5.90751e-05
0.0286521
-0.00300307
0.0252972
0.000420636
0.0252695
0.00806142
0.0302509
0.0148245
0.035243
0.0206126
0.0439599
0.0247102
0.0219773
0.00795472
3.35765e-06
0.00795956
-4.62179e-05
0.00796927
-3.88633e-05
0.00797674
-3.71432e-05
0.00800419
-2.6035e-05
0.00806187
2.84647e-06
0.00816193
6.0191e-05
0.00836698
0.000172362
0.0087737
0.000376862
0.00951409
0.000697777
0.0105885
0.00103868
0.0116894
0.00108438
0.0126225
0.000941934
0.0134299
0.000875917
0.0144821
0.00116785
0.0165722
0.00226376
0.0194873
0.00332014
0.0223278
0.00360419
0.024899
0.00378255
0.0273729
0.00415782
0.0295154
0.00391222
0.0313951
0.00366537
0.0332341
0.00309456
0.0362086
0.00368179
0.0404598
0.00447678
0.0450629
0.00476609
0.0495082
0.00474
0.0533832
0.00425367
0.0564025
0.00359734
0.0585926
0.0029498
0.0603331
0.00255764
0.0618833
0.00244022
0.0633129
0.00235888
0.0652024
0.00237662
0.0680632
0.0030761
0.0707585
0.00314287
0.07238
0.00252451
0.0731427
0.00180089
0.0735487
0.00134215
0.0740459
0.00142303
0.0751022
0.00219807
0.076809
0.00296403
0.0793197
0.00341706
0.0819324
0.00280206
0.0835169
0.00132104
0.0826852
-0.000813969
0.080887
-0.00138649
0.0796247
-0.000685051
0.0805779
0.00201137
0.0844318
0.00460496
0.0876022
0.00375994
0.0897436
0.00262758
0.0894866
0.000747906
0.0869595
-0.000265821
0.0856003
0.00180518
0.087608
0.00568787
0.0934633
0.00812391
0.101671
0.010634
0.113072
0.0124232
0.0115594
0.00798418
0.00797456
0.00796789
0.00794635
0.00794141
0.0079687
0.00804717
0.00823837
0.00863873
0.00937573
0.0104484
0.0115602
0.0125305
0.0134291
0.0146167
0.0168669
0.0201149
0.0236502
0.0273145
0.0312709
0.0349419
0.038358
0.0413489
0.0450859
0.0497714
0.0548057
0.0597144
0.0639891
0.067435
0.0701069
0.0723104
0.0743138
0.0762127
0.0784174
0.0814364
0.0844407
0.0866819
0.0881845
0.0893109
0.0905812
0.0926112
0.0953941
0.0985657
0.101121
0.102312
0.1016
0.100234
0.0996279
0.101675
0.106134
0.109761
0.112225
0.112896
0.112671
0.114548
0.120532
0.129366
0.140158
0.152787
)
;

boundaryField
{
    wall
    {
        type            calculated;
        value           nonuniform List<scalar> 
1200
(
0.000389466
0.000274791
0.00032151
0.000290177
0.000280953
0.000256002
0.000210991
0.000153614
0.00013602
-4.49895e-05
0.00136517
0.00111409
0.00196729
0.00151546
0.00162243
0.00150755
0.00120767
0.0012774
0.000678921
0.000602006
0.00257455
0.00245081
0.00448969
0.0030881
0.00351402
0.00321289
0.00237864
0.00285559
0.00131257
0.00117888
0.0026755
0.00302078
0.00593129
0.00364036
0.00451562
0.00420754
0.00296728
0.00403721
0.00167339
0.00124434
0.000263041
0.000987828
0.0042094
0.00188193
0.00340497
0.00381534
0.00287316
0.0050009
0.00237658
0.00166164
-0.00443021
-0.00410541
-0.000823687
-0.00214027
3.78573e-05
0.00157163
0.001557
0.00496788
0.00273842
0.0016038
-0.00983702
-0.0120088
-0.00762189
-0.00678263
-0.0033542
-0.000486204
0.000490296
0.00494761
0.00351084
0.00166807
-0.0211735
-0.0328911
-0.0225509
-0.0174804
-0.00909072
-0.00294114
9.24174e-05
0.005826
0.00612187
0.00319753
-0.0287892
-0.0672075
-0.0457803
-0.0352422
-0.0172374
-0.00580961
0.000560683
0.00741898
0.010361
0.00583335
-0.0434395
-0.225618
-0.144443
-0.116663
-0.0585811
-0.0242856
-0.00346741
0.0092774
0.0170896
0.0112016
-0.0713273
-0.475639
-0.34224
-0.282054
-0.167966
-0.0846218
-0.0249643
0.00706682
0.0241879
0.0183548
-0.0740482
-0.524042
-0.423474
-0.35228
-0.245663
-0.14204
-0.0528386
0.000907279
0.0304458
0.0249424
-0.0454152
-0.346046
-0.287791
-0.299076
-0.249052
-0.165492
-0.0694345
-0.00267322
0.0382077
0.0312207
-0.0291228
-0.220737
-0.125252
-0.202157
-0.20857
-0.170294
-0.0759993
-0.00532465
0.0466294
0.0363437
-0.0752188
-0.0747021
0.223197
0.171684
-0.0939913
-0.148006
-0.0729335
-0.010561
0.0512433
0.0389073
-0.110593
-0.00544733
0.330543
0.467388
0.241073
0.00580435
-0.0381398
-0.0128464
0.0486117
0.0410469
-0.11089
-0.0827505
0.241966
0.313582
0.386235
0.214934
0.0610427
0.0148122
0.0398956
0.0347094
-0.117318
-0.180822
0.0631405
-0.135131
0.236453
0.315583
0.150849
0.0623264
0.0420908
0.0302243
-0.148923
-0.341431
-0.0760633
-0.222822
0.246159
0.428311
0.229838
0.110431
0.0489213
0.0249496
-0.210152
-0.524805
-0.286455
-0.234516
0.148122
0.509202
0.344425
0.179887
0.0743877
0.0270429
-0.250548
-0.604685
-0.305812
-0.233248
-0.0847112
0.377575
0.397857
0.23251
0.101871
0.0292677
-0.28814
-0.588802
-0.217041
-0.244457
-0.181005
0.21163
0.387907
0.281111
0.136174
0.0354385
-0.306118
-0.526827
-0.162564
-0.262251
-0.230528
0.0952997
0.342964
0.320428
0.173991
0.0429964
-0.306773
-0.430702
-0.199352
-0.286473
-0.259476
-0.095559
0.211121
0.316664
0.223384
0.0620194
-0.302157
-0.325228
-0.250804
-0.318286
-0.273545
-0.142595
0.0938175
0.279566
0.25886
0.0869123
-0.284874
-0.247583
-0.249615
-0.35593
-0.289258
-0.181139
0.00770069
0.244542
0.27983
0.111397
-0.250945
-0.188473
-0.26364
-0.391705
-0.302593
-0.197939
-0.034753
0.222129
0.294033
0.131866
-0.205393
-0.135496
-0.28693
-0.42367
-0.312865
-0.204607
-0.0472629
0.221384
0.307827
0.145335
-0.168844
-0.106011
-0.313306
-0.449484
-0.316612
-0.203157
-0.0231173
0.249272
0.327811
0.155002
-0.145717
-0.0976298
-0.32104
-0.46544
-0.314124
-0.212053
0.0155704
0.288027
0.351999
0.163217
-0.135334
-0.114349
-0.306807
-0.467082
-0.297257
-0.235958
0.043891
0.307443
0.370481
0.166204
-0.132861
-0.146744
-0.278052
-0.448466
-0.251741
-0.246487
0.0674998
0.317969
0.387595
0.169973
-0.128736
-0.168048
-0.247875
-0.398825
-0.174493
-0.237933
0.0592892
0.314742
0.399601
0.172365
-0.116881
-0.170767
-0.224668
-0.29993
-0.074279
-0.211368
-0.0113586
0.285676
0.399689
0.180127
-0.0970553
-0.156774
-0.206056
-0.145892
0.0117072
-0.18534
-0.0711121
0.237655
0.392421
0.190606
-0.071314
-0.132911
-0.207353
-0.0240752
0.0652719
-0.153737
-0.114128
0.207097
0.388376
0.202438
-0.0401342
-0.0821858
-0.233223
0.0205341
0.105293
-0.141796
-0.111209
0.194426
0.386751
0.212026
-0.0110223
-0.0228207
-0.26724
0.0544993
0.141724
-0.150861
-0.100452
0.184166
0.384855
0.21991
0.0169417
0.0202415
-0.290138
0.084437
0.175238
-0.149391
-0.0907746
0.173501
0.382571
0.227472
0.0421173
0.0382778
-0.301688
0.108224
0.212914
-0.129869
-0.131223
0.148989
0.37345
0.230787
0.0611308
0.0689489
-0.315614
0.124894
0.250159
-0.0638129
-0.206225
0.107783
0.356704
0.232587
0.0692705
0.0814025
-0.310346
0.150452
0.283344
0.028774
-0.227172
0.0656166
0.335027
0.234838
0.0828478
0.0942176
-0.268938
0.204633
0.319189
0.0885914
-0.208167
0.0280282
0.311315
0.234699
0.127664
0.221371
-0.243341
0.293673
0.377575
0.102373
-0.263955
0.016075
0.294251
0.230903
0.161834
0.252499
-0.238861
0.390051
0.461356
0.0895365
-0.34898
-0.0462346
0.283976
0.226001
0.163024
0.208702
-0.188036
0.466235
0.558672
0.149091
-0.387121
-0.0730947
0.285393
0.224047
0.149432
0.184132
-0.114706
0.531545
0.671606
0.298872
-0.38453
-0.0554614
0.292405
0.225102
0.134937
0.118288
-0.0611378
0.598365
0.796436
0.459609
-0.306739
-0.0434779
0.30241
0.227054
0.12621
0.0470447
-0.114162
0.657271
0.935351
0.674727
-0.124681
-0.0231453
0.306776
0.232887
0.100532
0.0267525
-0.0627261
0.715521
1.06707
0.840985
0.418125
0.0734488
0.29438
0.227863
0.0204678
-0.189841
-0.204969
0.843539
1.21008
0.964153
0.616141
0.150014
0.285797
0.215903
-0.0186455
-0.051127
0.264454
1.01029
1.37653
1.05226
0.862688
0.20051
0.303364
0.217756
0.043153
0.185885
0.631272
1.14914
1.50968
1.16518
1.07124
0.242023
0.31117
0.224389
0.0855746
0.224428
0.496989
1.11017
1.60346
1.29204
1.45573
0.462052
0.38954
0.270068
0.0229573
0.0998861
0.27583
0.927215
1.61777
1.38806
1.75208
0.805641
0.564439
0.356653
-0.165272
-0.126734
0.440673
0.876928
1.58885
1.43613
1.72939
1.22572
0.836261
0.496663
-0.209556
-0.16477
0.578309
0.841641
1.58444
1.37813
1.56071
1.31399
0.991283
0.587907
-0.339859
-1.11003
0.680094
0.756917
1.60957
1.30274
1.53571
1.45999
1.21411
0.736168
-0.354625
-0.766718
0.707905
0.505889
1.50283
1.07597
0.940199
1.14523
1.15353
0.727172
-0.421513
0.233843
0.652612
0.174197
1.28032
0.831422
0.723369
1.01803
1.16512
0.864878
-0.000459088
-0.000181876
-0.000363113
-0.000282582
-0.000281007
-0.000255562
-0.000202657
-0.000193804
-3.95927e-05
-2.6396e-05
-0.00143149
-0.00100789
-0.00202555
-0.00149732
-0.00162576
-0.00150966
-0.00118841
-0.00133698
-0.000563236
-0.00067288
-0.00262522
-0.00236574
-0.00453918
-0.0030656
-0.00352102
-0.0032178
-0.00235418
-0.00291112
-0.00120958
-0.0012371
-0.0027133
-0.00296119
-0.0059693
-0.00362038
-0.00452548
-0.00421437
-0.00294272
-0.00408021
-0.00159011
-0.00128871
-0.000295412
-0.000940292
-0.00424187
-0.00186339
-0.00341845
-0.0038254
-0.00285066
-0.00503446
-0.00231163
-0.00169393
0.00441367
0.00413087
0.000783159
0.00215211
-6.17461e-05
-0.00159139
-0.00153882
-0.0050031
-0.0026893
-0.00162741
0.0098311
0.0120074
0.00757531
0.00677833
0.00332319
0.000452678
-0.000479436
-0.00498878
-0.00348179
-0.00168421
0.0211105
0.0327967
0.0224089
0.0173932
0.00899154
0.00285755
-0.000115979
-0.005882
-0.00612687
-0.0032102
0.0286707
0.066861
0.0454111
0.034978
0.0169837
0.00561206
-0.000672862
-0.00748826
-0.0103992
-0.00585032
0.0432129
0.223884
0.142764
0.115078
0.0575487
0.0236994
0.00307031
-0.00941812
-0.0171742
-0.0112384
0.0711017
0.474716
0.340706
0.280511
0.166492
0.0836355
0.0243308
-0.00734113
-0.0242968
-0.01841
0.0738716
0.525152
0.42394
0.352643
0.245276
0.14149
0.0523896
-0.00130409
-0.0305759
-0.0250034
0.0443566
0.347143
0.290561
0.300735
0.24983
0.165666
0.0694289
0.00229139
-0.038367
-0.0312816
0.0279402
0.220696
0.126934
0.204688
0.209938
0.170915
0.0764457
0.00513579
-0.0468547
-0.0363937
0.0742186
0.0754079
-0.224601
-0.176277
0.0951735
0.14901
0.0737511
0.0107433
-0.051497
-0.0389482
0.110862
-0.00656234
-0.330231
-0.467891
-0.246809
-0.00714952
0.0386777
0.0132201
-0.0489579
-0.0410636
0.110435
0.0759578
-0.240825
-0.318778
-0.388096
-0.214261
-0.059693
-0.0141764
-0.0399892
-0.0346248
0.116154
0.175803
-0.0622591
0.137896
-0.239
-0.316217
-0.15014
-0.0617517
-0.0419978
-0.0300651
0.147823
0.337653
0.0745314
0.223586
-0.251287
-0.429569
-0.228442
-0.109371
-0.0484008
-0.0246561
0.209653
0.522453
0.28706
0.234931
-0.152671
-0.511084
-0.343204
-0.17853
-0.0735935
-0.0266269
0.250232
0.603519
0.30662
0.23433
0.0865434
-0.377674
-0.396793
-0.231319
-0.101085
-0.0287577
0.288337
0.588187
0.218759
0.245972
0.182481
-0.212041
-0.386126
-0.280437
-0.135842
-0.0350951
0.306566
0.526896
0.162198
0.264188
0.231575
-0.091525
-0.339467
-0.319519
-0.174496
-0.04307
0.306863
0.433042
0.19908
0.288555
0.260942
0.0950807
-0.207947
-0.31477
-0.223783
-0.0624862
0.301924
0.328362
0.252012
0.319816
0.274902
0.143098
-0.0914841
-0.277677
-0.258533
-0.0874663
0.284746
0.24954
0.250443
0.356968
0.29058
0.183114
-0.00411183
-0.243078
-0.279094
-0.111875
0.250946
0.189814
0.263571
0.39258
0.303532
0.199895
0.036536
-0.22228
-0.293378
-0.132153
0.205741
0.137205
0.286265
0.424326
0.31312
0.206193
0.0481643
-0.222615
-0.307301
-0.145436
0.16956
0.108774
0.311986
0.449703
0.315815
0.204438
0.0236148
-0.250639
-0.327289
-0.15484
0.146534
0.100082
0.319113
0.464631
0.312012
0.213037
-0.014224
-0.288464
-0.351245
-0.162814
0.135546
0.112755
0.304566
0.464387
0.293349
0.236381
-0.0454578
-0.306861
-0.369453
-0.165633
0.132143
0.143277
0.27595
0.4426
0.244933
0.2461
-0.0698402
-0.316635
-0.386243
-0.169205
0.12756
0.165385
0.246696
0.387346
0.164383
0.235797
-0.0624738
-0.312882
-0.398069
-0.17138
0.115824
0.170208
0.223759
0.280644
0.0680538
0.206416
0.0172181
-0.283036
-0.397609
-0.179697
0.0963261
0.157786
0.206379
0.127252
-0.00663836
0.181555
0.0699268
-0.235767
-0.390397
-0.190613
0.0706951
0.134393
0.210891
0.0264412
-0.0584001
0.152202
0.11124
-0.207617
-0.386972
-0.202259
0.0394587
0.0821877
0.237226
-0.0108751
-0.0987051
0.142623
0.110788
-0.19508
-0.385343
-0.211539
0.0103211
0.0202943
0.26908
-0.0470715
-0.135425
0.151663
0.100805
-0.18363
-0.383075
-0.219328
-0.0173785
-0.0239835
0.290408
-0.0782908
-0.17035
0.148108
0.0908933
-0.171798
-0.380523
-0.227019
-0.0424209
-0.0448589
0.29932
-0.101391
-0.209565
0.123255
0.131371
-0.146649
-0.371335
-0.230465
-0.0614072
-0.0804653
0.311819
-0.117373
-0.246985
0.0549194
0.207657
-0.105794
-0.354691
-0.232313
-0.069695
-0.0867079
0.307294
-0.142625
-0.278762
-0.0290293
0.230017
-0.0628718
-0.332873
-0.234603
-0.0838034
-0.0957755
0.260973
-0.198522
-0.315587
-0.087266
0.203386
-0.0279371
-0.30976
-0.23432
-0.1295
-0.22317
0.232437
-0.287164
-0.373786
-0.102418
0.257293
-0.0238758
-0.294057
-0.230331
-0.164341
-0.252347
0.230393
-0.382605
-0.456294
-0.0919631
0.346939
0.0272266
-0.284715
-0.22542
-0.165336
-0.209044
0.183427
-0.458317
-0.554245
-0.147532
0.389602
0.0631524
-0.284608
-0.223901
-0.150784
-0.187168
0.104088
-0.525549
-0.6656
-0.294027
0.385725
0.0536798
-0.291946
-0.225041
-0.135849
-0.122707
0.0299388
-0.593563
-0.788443
-0.451406
0.308298
0.0444648
-0.302736
-0.227013
-0.127867
-0.0475531
0.103141
-0.652596
-0.925815
-0.663445
0.135124
0.0248294
-0.307176
-0.232809
-0.104079
-0.0525277
0.0694262
-0.711427
-1.05591
-0.832175
-0.40834
-0.0756897
-0.295874
-0.227271
-0.020757
0.193462
0.213637
-0.837503
-1.1995
-0.957234
-0.60938
-0.155109
-0.287865
-0.215059
0.018637
0.0631542
-0.270757
-1.00484
-1.36727
-1.04522
-0.857752
-0.208864
-0.305365
-0.217034
-0.0417831
-0.174075
-0.623398
-1.14548
-1.50379
-1.15769
-1.06927
-0.248287
-0.312685
-0.223828
-0.0914385
-0.222345
-0.490846
-1.1116
-1.59937
-1.28146
-1.45264
-0.467474
-0.390581
-0.269945
-0.0194845
-0.0960202
-0.279096
-0.932768
-1.61358
-1.3772
-1.74557
-0.806418
-0.565442
-0.357039
0.162552
0.120118
-0.441677
-0.881608
-1.58748
-1.42756
-1.72129
-1.2211
-0.836527
-0.497995
0.20937
0.14902
-0.578979
-0.848567
-1.58622
-1.37164
-1.55529
-1.30826
-0.990097
-0.589856
0.341793
1.08118
-0.692312
-0.767788
-1.61458
-1.29797
-1.53165
-1.45439
-1.21143
-0.73765
0.339313
0.74496
-0.709538
-0.515413
-1.50852
-1.07689
-0.932984
-1.14457
-1.15141
-0.728028
0.414679
-0.27637
-0.641538
-0.187111
-1.2871
-0.834161
-0.707266
-1.01329
-1.16322
-0.864052
)
;
    }
    inlet
    {
        type            calculated;
        value           nonuniform List<scalar> 
20
(
-0.00795809
-0.00795809
-0.00795809
-0.00795809
-0.00795809
-0.00795809
-0.00795809
-0.00795809
-0.00795809
-0.00795809
-0.00795809
-0.00795809
-0.00795809
-0.00795809
-0.00795809
-0.00795809
-0.00795809
-0.00795809
-0.00795809
-0.00795809
)
;
    }
    outlet
    {
        type            calculated;
        value           nonuniform List<scalar> 
20
(
0.109422
0.047948
-0.0456913
-0.100299
-0.119142
-0.0969028
-0.0297206
0.055779
0.124001
0.166093
0.114789
0.0411716
-0.0510712
-0.107579
-0.120222
-0.098199
-0.0309493
0.0547225
0.122553
0.163279
)
;
    }
    heatWall
    {
        type            calculated;
        value           nonuniform List<scalar> 
240
(
0
0
0
0
-3.46945e-18
0
-3.46945e-18
0
3.46945e-18
0
0
0
0
0
0
1.73472e-18
0
-1.73472e-18
1.73472e-18
0
0
-8.67362e-19
0
0
0
0
0
0
0
-4.33681e-19
0
4.33681e-19
0
0
0
0
-8.67362e-19
0
0
0
0
0
4.33681e-19
-4.33681e-19
4.33681e-19
0
0
0
0
0
0
0
0
0
2.1684e-19
0
0
0
0
0
0
0
0
0
0
0
0
0
0
0
0
0
0
0
0
5.42101e-20
1.0842e-19
-5.42101e-20
0
0
1.0842e-19
-5.42101e-20
-1.0842e-19
5.42101e-20
0
0
0
-5.42101e-20
0
0
1.0842e-19
5.42101e-20
1.0842e-19
0
-1.0842e-19
0
0
0
0
5.42101e-20
0
-5.42101e-20
0
5.42101e-20
-1.0842e-19
0
0
0
0
0
0
2.71051e-20
0
0
0
0
0
0
0
0
0
0
0
0
0
0
0
0
0
0
0
0
0
0
0
0
0
0
0
0
0
0
0
0
0
0
0
0
0
0
0
0
0
0
0
0
0
0
0
0
0
0
0
0
0
0
0
0
0
0
0
0
0
0
0
0
0
0
0
0
0
0
0
0
0
0
0
0
0
0
0
0
0
0
0
0
0
0
0
0
0
0
0
0
0
0
0
0
0
0
0
0
0
0
0
0
0
0
0
0
0
0
0
0
0
0
0
0
0
0
0
0
0
0
0
0
0
0
0
0
)
;
    }
}


// ************************************************************************* //
