/*--------------------------------*- C++ -*----------------------------------*\
  =========                 |
  \\      /  F ield         | OpenFOAM: The Open Source CFD Toolbox
   \\    /   O peration     | Website:  https://openfoam.org
    \\  /    A nd           | Version:  8
     \\/     M anipulation  |
\*---------------------------------------------------------------------------*/
FoamFile
{
    version     2.0;
    format      ascii;
    class       volScalarField;
    location    "400";
    object      T;
}
// * * * * * * * * * * * * * * * * * * * * * * * * * * * * * * * * * * * * * //

dimensions      [0 0 0 1 0 0 0];

internalField   nonuniform List<scalar> 
8400
(
299.904
299.907
299.91
299.913
299.915
299.917
299.918
299.919
299.92
299.921
299.922
299.923
299.924
299.925
299.927
299.928
299.93
299.931
299.933
299.934
299.936
299.939
299.943
299.948
299.954
299.96
299.967
299.974
299.98
299.985
299.989
299.992
299.994
299.995
299.994
299.991
299.986
299.98
299.973
299.964
299.955
299.946
299.938
299.931
299.925
299.92
299.916
299.911
299.907
299.903
299.947
299.942
299.94
299.939
299.94
299.942
299.945
299.949
299.953
299.956
299.959
299.963
299.966
299.97
299.974
299.978
299.982
299.985
299.986
299.987
299.989
299.988
299.986
299.983
299.98
299.978
299.995
300.009
300.015
300.019
300.022
300.025
300.027
300.028
300.026
300.022
300.016
300.009
300.002
299.993
299.984
299.975
299.966
299.959
299.954
299.95
299.946
299.942
299.937
299.933
299.998
299.993
299.989
299.987
299.988
299.989
299.99
299.991
299.992
299.993
299.993
299.992
299.992
299.991
299.992
299.992
299.993
299.995
299.997
299.999
300.001
300.003
300.004
300.004
300.003
300.001
300
300
300
300
300.002
300.005
300.011
300.017
300.022
300.027
300.029
300.03
300.027
300.02
300.01
300.002
299.993
299.985
299.978
299.973
299.967
299.961
299.955
299.95
300.004
300.004
300.005
300.005
300.006
300.007
300.008
300.008
300.008
300.008
300.009
300.008
300.008
300.008
300.009
300.009
300.009
300.01
300.011
300.012
300.013
300.014
300.014
300.015
300.015
300.015
300.015
300.015
300.014
300.014
300.015
300.018
300.021
300.026
300.03
300.034
300.037
300.038
300.038
300.037
300.033
300.029
300.023
300.018
300.013
300.002
299.993
299.984
299.977
299.972
300.007
300.008
300.009
300.01
300.012
300.014
300.016
300.018
300.019
300.021
300.022
300.023
300.025
300.026
300.027
300.028
300.029
300.029
300.03
300.03
300.03
300.029
300.028
300.027
300.026
300.025
300.025
300.025
300.027
300.029
300.032
300.036
300.041
300.046
300.051
300.055
300.058
300.059
300.059
300.058
300.055
300.05
300.045
300.04
300.034
300.027
300.02
300.014
300.008
300.002
300.002
300.002
300.002
300.002
300.001
300
299.999
299.998
299.997
299.996
299.996
299.995
299.995
299.995
299.995
299.996
299.997
299.998
299.999
300
300.001
300.002
300.004
300.005
300.006
300.008
300.009
300.011
300.013
300.016
300.019
300.023
300.027
300.031
300.035
300.04
300.044
300.047
300.05
300.051
300.05
300.049
300.046
300.042
300.037
300.032
300.026
300.02
300.014
300.007
300.001
300.002
300.002
300.002
300.002
300.002
300.002
300.001
300.001
300.001
300
300
299.999
299.999
299.998
299.998
299.999
299.999
299.999
300
300
300.001
300.001
300.002
300.003
300.004
300.005
300.006
300.008
300.01
300.012
300.015
300.018
300.022
300.026
300.03
300.034
300.037
300.04
300.042
300.043
300.043
300.041
300.039
300.036
300.031
300.027
300.021
300.015
300.008
300
300
300
300
300
300
300
300
300
300
300
300
300
299.999
299.999
299.999
299.999
299.999
299.999
300
300
300
300.001
300.001
300.002
300.002
300.003
300.004
300.005
300.006
300.008
300.01
300.013
300.016
300.02
300.023
300.027
300.031
300.034
300.036
300.037
300.037
300.037
300.035
300.033
300.029
300.025
300.02
300.014
300.008
299.999
299.999
299.999
299.999
300
300
300
300
300
300
300
300
300
300
300
300
300
300
300
300
300
300
300
300
300.001
300.001
300.002
300.003
300.003
300.005
300.006
300.008
300.01
300.013
300.016
300.02
300.023
300.026
300.029
300.031
300.033
300.033
300.033
300.031
300.029
300.026
300.022
300.018
300.012
300.006
299.999
299.999
299.999
299.999
299.999
299.999
299.999
300
300
300
300
300
300
300
300
300
300
300
300
300
300
300
300
300
300
300
300.001
300.002
300.003
300.004
300.005
300.007
300.009
300.012
300.015
300.018
300.021
300.024
300.026
300.028
300.029
300.03
300.029
300.028
300.026
300.023
300.019
300.015
300.009
300.003
299.999
299.998
299.998
299.998
299.998
299.998
299.999
299.999
299.999
299.999
300
299.999
299.999
299.999
299.999
299.999
299.999
299.999
299.999
300
300
300
300.001
300.001
300.001
300.002
300.002
300.003
300.003
300.004
300.005
300.007
300.009
300.012
300.015
300.018
300.021
300.023
300.025
300.027
300.028
300.028
300.027
300.026
300.023
300.02
300.016
300.011
300.005
299.999
300
300
300
300
300.001
300
300
299.999
299.999
299.999
299.999
299.999
299.999
299.999
300
300
300
300.001
300.001
300.002
300.002
300.002
300.003
300.003
300.003
300.004
300.004
300.005
300.005
300.006
300.008
300.009
300.011
300.014
300.016
300.019
300.021
300.023
300.025
300.026
300.026
300.026
300.025
300.023
300.02
300.017
300.012
300.007
300.001
299.994
300.003
300.002
300.002
300.003
300.002
300.002
300.001
300.001
300.001
300.002
300.002
300.002
300.003
300.003
300.003
300.004
300.004
300.004
300.005
300.005
300.005
300.006
300.006
300.006
300.007
300.007
300.008
300.009
300.01
300.011
300.012
300.013
300.014
300.016
300.017
300.019
300.02
300.02
300.021
300.021
300.021
300.02
300.019
300.017
300.015
300.011
300.007
300.001
299.994
299.987
300.005
300.004
300.004
300.004
300.003
300.003
300.003
300.003
300.003
300.003
300.004
300.004
300.005
300.006
300.006
300.007
300.007
300.008
300.008
300.009
300.009
300.01
300.01
300.011
300.011
300.011
300.012
300.012
300.012
300.012
300.012
300.012
300.011
300.01
300.008
300.007
300.005
300.003
300.002
300
300
299.999
299.999
299.999
299.997
299.995
299.992
299.988
299.983
299.977
300.005
300.004
300.003
300.003
300.003
300.003
300.003
300.003
300.003
300.004
300.004
300.005
300.006
300.007
300.007
300.008
300.009
300.01
300.01
300.011
300.011
300.012
300.012
300.012
300.011
300.01
300.009
300.007
300.005
300.001
299.997
299.991
299.984
299.976
299.967
299.958
299.949
299.942
299.936
299.933
299.932
299.933
299.936
299.939
299.942
299.945
299.948
299.949
299.949
299.948
299.998
299.997
299.997
299.996
299.996
299.996
299.996
299.996
299.997
299.998
299.998
299.999
300
300.001
300.002
300.003
300.004
300.005
300.006
300.006
300.006
300.005
300.004
300.002
299.999
299.994
299.989
299.981
299.971
299.958
299.943
299.923
299.901
299.875
299.848
299.82
299.794
299.771
299.753
299.742
299.738
299.74
299.748
299.76
299.775
299.791
299.808
299.824
299.838
299.85
299.981
299.979
299.979
299.978
299.978
299.978
299.978
299.978
299.979
299.979
299.98
299.981
299.983
299.984
299.985
299.986
299.986
299.987
299.987
299.986
299.984
299.981
299.976
299.97
299.961
299.948
299.932
299.911
299.885
299.852
299.811
299.763
299.708
299.646
299.58
299.513
299.45
299.393
299.347
299.314
299.296
299.292
299.302
299.323
299.353
299.39
299.431
299.473
299.514
299.552
299.955
299.952
299.951
299.95
299.949
299.949
299.949
299.948
299.949
299.949
299.95
299.95
299.951
299.952
299.952
299.952
299.952
299.95
299.948
299.944
299.938
299.93
299.918
299.902
299.88
299.853
299.817
299.772
299.716
299.648
299.567
299.474
299.368
299.253
299.132
299.01
298.893
298.787
298.697
298.625
298.575
298.547
298.541
298.554
298.585
298.63
298.686
298.748
298.815
298.882
299.92
299.916
299.913
299.91
299.908
299.906
299.904
299.902
299.901
299.9
299.899
299.898
299.897
299.896
299.894
299.891
299.888
299.883
299.875
299.865
299.85
299.831
299.806
299.774
299.733
299.681
299.617
299.539
299.447
299.338
299.213
299.073
298.92
298.759
298.592
298.426
298.266
298.118
297.986
297.873
297.781
297.711
297.665
297.64
297.636
297.652
297.684
297.731
297.788
297.853
299.806
299.797
299.789
299.78
299.772
299.765
299.758
299.751
299.745
299.739
299.734
299.728
299.723
299.718
299.711
299.704
299.694
299.682
299.666
299.645
299.619
299.586
299.544
299.493
299.431
299.357
299.27
299.169
299.053
298.924
298.782
298.629
298.468
298.302
298.133
297.966
297.804
297.65
297.507
297.375
297.257
297.153
297.065
296.993
296.937
296.897
296.873
296.863
296.867
296.884
303.148
303.144
303.141
303.138
303.135
303.132
303.129
303.126
303.122
303.119
303.116
303.113
303.11
303.108
303.105
303.102
303.099
303.096
303.093
303.09
303.087
303.085
303.083
303.08
303.078
303.076
303.073
303.071
303.069
303.067
303.065
303.063
303.061
303.059
303.057
303.055
303.053
303.051
303.049
303.047
303.045
303.043
303.041
303.039
303.038
303.036
303.035
303.033
303.032
303.032
303.15
303.15
303.15
303.15
303.15
303.15
303.149
303.149
303.149
303.149
303.148
303.148
303.148
303.148
303.147
303.147
303.146
303.146
303.146
303.145
303.145
303.144
303.143
303.143
303.142
303.141
303.14
303.139
303.139
303.138
303.137
303.136
303.135
303.134
303.133
303.132
303.132
303.131
303.13
303.129
303.129
303.128
303.127
303.126
303.126
303.125
303.125
303.124
303.123
303.123
303.15
303.15
303.15
303.15
303.15
303.15
303.15
303.15
303.15
303.15
303.15
303.15
303.15
303.15
303.15
303.15
303.15
303.15
303.15
303.15
303.15
303.15
303.149
303.149
303.149
303.149
303.149
303.149
303.148
303.148
303.148
303.148
303.148
303.147
303.147
303.147
303.147
303.147
303.146
303.146
303.146
303.146
303.145
303.145
303.145
303.145
303.144
303.144
303.144
303.144
303.15
303.15
303.15
303.15
303.15
303.15
303.15
303.15
303.15
303.15
303.15
303.15
303.15
303.15
303.15
303.15
303.15
303.15
303.15
303.15
303.15
303.15
303.15
303.15
303.15
303.15
303.15
303.15
303.15
303.15
303.15
303.15
303.15
303.15
303.15
303.15
303.15
303.15
303.149
303.149
303.149
303.149
303.149
303.149
303.149
303.149
303.149
303.149
303.149
303.149
303.15
303.15
303.15
303.15
303.15
303.15
303.15
303.15
303.15
303.15
303.15
303.15
303.15
303.15
303.15
303.15
303.15
303.15
303.15
303.15
303.15
303.15
303.15
303.15
303.15
303.15
303.15
303.15
303.15
303.15
303.15
303.15
303.15
303.15
303.15
303.15
303.15
303.15
303.15
303.15
303.15
303.15
303.15
303.15
303.15
303.15
303.15
303.15
303.15
303.15
303.15
303.15
303.15
303.15
303.15
303.15
303.15
303.15
303.15
303.15
303.15
303.15
303.15
303.15
303.15
303.15
303.15
303.15
303.15
303.15
303.15
303.15
303.15
303.15
303.15
303.15
303.15
303.15
303.15
303.15
303.15
303.15
303.15
303.15
303.15
303.15
303.15
303.15
303.15
303.15
303.15
303.15
303.15
303.15
303.15
303.15
303.15
303.15
303.15
303.15
303.15
303.15
303.15
303.15
303.15
303.15
303.15
303.15
303.15
303.15
303.15
303.15
303.15
303.15
303.15
303.15
303.15
303.15
303.15
303.15
303.15
303.15
303.15
303.15
303.15
303.15
303.15
303.15
303.15
303.15
303.15
303.15
303.15
303.15
303.15
303.15
303.15
303.15
303.15
303.15
303.15
303.15
303.15
303.15
303.15
303.15
303.15
303.15
303.15
303.15
303.15
303.15
303.15
303.15
303.15
303.15
303.15
303.15
303.15
303.15
303.15
303.15
303.15
303.15
303.15
303.15
303.15
303.15
303.15
303.15
303.15
303.15
303.15
303.15
303.15
303.15
303.15
303.15
303.15
303.15
303.15
303.15
303.15
303.15
303.15
303.15
303.15
303.15
303.15
303.15
303.15
303.15
303.15
303.15
303.15
303.15
303.15
303.15
303.15
303.15
303.15
303.15
303.15
303.15
303.15
303.15
303.15
303.15
303.15
303.15
303.15
303.15
303.15
303.15
303.15
303.15
303.15
303.15
303.15
303.15
303.15
303.15
303.15
303.15
303.15
303.15
303.15
303.15
303.15
303.15
303.15
303.15
303.15
303.15
303.15
303.15
303.15
303.15
303.15
303.15
303.15
303.15
303.15
303.15
303.15
303.15
303.15
303.15
303.15
303.15
303.15
303.15
303.15
303.15
303.15
303.15
303.15
303.15
303.15
303.15
303.15
303.15
303.15
303.15
303.15
303.15
303.15
303.15
303.15
303.15
303.15
303.15
303.15
303.15
303.15
303.15
303.15
303.15
303.15
303.15
303.15
303.15
303.15
303.15
303.15
303.15
303.15
303.15
303.15
303.15
303.15
303.15
303.15
303.15
303.15
303.15
303.15
303.15
303.15
303.15
303.15
303.15
303.15
303.15
303.15
303.15
303.15
303.15
303.15
303.15
303.15
303.15
303.15
303.15
303.15
303.15
303.15
303.15
303.15
303.15
303.15
303.15
303.15
303.15
303.15
303.15
303.15
303.15
303.15
303.15
303.15
303.15
303.15
303.15
303.15
303.15
303.15
303.15
303.15
303.15
303.15
303.15
303.15
303.15
303.15
303.15
303.15
303.15
303.15
303.15
303.15
303.15
303.15
303.15
303.15
303.15
303.15
303.15
303.15
303.15
303.15
303.15
303.15
303.15
303.15
303.15
303.15
303.15
303.15
303.15
303.15
303.15
303.15
303.15
303.15
303.15
303.15
303.15
303.15
303.15
303.15
303.15
303.15
303.15
303.15
303.15
303.15
303.15
303.15
303.15
303.15
303.15
303.15
303.15
303.15
303.15
303.15
303.15
303.15
303.15
303.15
303.15
303.15
303.15
303.15
303.15
303.15
303.15
303.15
303.15
303.15
303.15
303.15
303.15
303.15
303.15
303.15
303.15
303.15
303.15
303.15
303.15
303.15
303.15
303.15
303.15
303.15
303.15
303.15
303.15
303.15
303.15
303.15
303.15
303.15
303.15
303.15
303.15
303.15
303.15
303.15
303.15
303.15
303.15
303.15
303.15
303.15
303.15
303.15
303.15
303.15
303.15
303.15
303.15
303.15
303.15
303.15
303.15
303.15
303.15
303.15
303.15
303.15
303.15
303.15
303.15
303.15
303.15
303.15
303.15
303.15
303.15
303.15
303.15
303.15
303.15
303.15
303.15
303.15
303.15
303.15
303.15
303.15
303.15
303.15
303.15
303.15
303.15
303.15
303.15
303.15
303.15
303.15
303.15
303.15
303.15
303.15
303.15
303.15
303.15
303.15
303.15
303.15
303.15
303.15
303.15
303.15
303.15
303.15
303.15
303.15
303.15
303.15
303.15
303.15
303.15
303.15
303.15
303.15
303.15
303.15
303.15
303.15
303.15
303.15
303.15
303.15
303.15
303.15
303.15
303.15
303.15
303.15
303.15
303.15
303.15
303.15
303.15
303.15
303.15
303.15
303.15
303.15
303.15
303.15
303.15
303.15
303.15
303.15
303.15
303.15
303.15
303.15
303.15
303.15
303.15
303.15
303.15
303.15
303.15
303.15
303.15
303.15
303.15
303.15
303.15
303.15
303.15
303.15
303.15
303.15
303.15
303.15
303.15
303.15
303.15
303.15
303.15
303.15
303.15
303.15
303.15
303.15
303.15
303.15
303.15
303.15
303.15
303.15
303.15
303.15
303.15
303.15
303.15
303.15
303.15
303.15
303.15
303.15
303.15
303.15
303.15
303.15
303.15
303.15
303.15
303.15
303.15
303.15
303.15
303.15
303.15
303.15
303.15
303.15
303.15
303.15
303.15
303.15
303.15
303.15
303.15
303.15
303.15
303.15
303.15
303.15
303.15
303.15
303.15
303.15
303.15
303.15
303.15
303.15
303.15
303.15
303.149
303.149
303.149
303.149
303.149
303.149
303.149
303.149
303.149
303.149
303.148
303.148
303.148
303.15
303.15
303.15
303.15
303.15
303.15
303.15
303.15
303.15
303.15
303.15
303.15
303.15
303.15
303.15
303.15
303.15
303.15
303.15
303.15
303.15
303.15
303.149
303.149
303.149
303.149
303.149
303.149
303.149
303.148
303.148
303.148
303.148
303.147
303.147
303.147
303.147
303.146
303.146
303.146
303.145
303.145
303.145
303.144
303.144
303.143
303.143
303.142
303.142
303.141
303.15
303.15
303.15
303.15
303.15
303.15
303.149
303.149
303.149
303.149
303.148
303.148
303.148
303.148
303.147
303.147
303.147
303.146
303.146
303.145
303.145
303.144
303.143
303.143
303.142
303.141
303.14
303.139
303.139
303.138
303.137
303.136
303.135
303.134
303.133
303.132
303.131
303.13
303.129
303.128
303.127
303.126
303.125
303.124
303.123
303.122
303.121
303.12
303.119
303.117
303.148
303.144
303.141
303.138
303.135
303.132
303.129
303.126
303.122
303.119
303.116
303.113
303.11
303.107
303.104
303.102
303.099
303.096
303.093
303.09
303.087
303.085
303.082
303.08
303.078
303.075
303.073
303.071
303.069
303.067
303.065
303.062
303.06
303.058
303.056
303.054
303.052
303.05
303.048
303.046
303.045
303.043
303.041
303.039
303.037
303.035
303.033
303.031
303.029
303.028
298.651
295.866
294.195
293.488
293.234
293.158
293.144
293.146
293.149
293.15
293.148
293.141
293.133
293.138
293.183
293.32
293.637
294.221
295.12
296.253
298.671
295.857
294.178
293.477
293.228
293.157
293.145
293.149
293.152
293.152
293.15
293.142
293.134
293.138
293.185
293.329
293.663
294.272
295.196
296.339
298.692
295.849
294.163
293.466
293.223
293.156
293.147
293.151
293.154
293.154
293.152
293.144
293.135
293.139
293.186
293.334
293.677
294.3
295.238
296.383
298.716
295.842
294.149
293.456
293.218
293.155
293.149
293.154
293.157
293.156
293.154
293.146
293.136
293.139
293.187
293.339
293.691
294.327
295.275
296.42
298.741
295.837
294.136
293.446
293.214
293.155
293.151
293.157
293.16
293.158
293.156
293.147
293.137
293.139
293.188
293.345
293.704
294.352
295.309
296.45
298.767
295.834
294.125
293.438
293.21
293.155
293.153
293.16
293.162
293.16
293.158
293.149
293.138
293.14
293.19
293.35
293.717
294.374
295.337
296.473
298.796
295.833
294.115
293.43
293.207
293.156
293.156
293.163
293.165
293.162
293.159
293.15
293.138
293.14
293.191
293.356
293.729
294.395
295.362
296.489
298.826
295.834
294.107
293.423
293.204
293.157
293.159
293.167
293.168
293.164
293.161
293.151
293.139
293.141
293.193
293.361
293.741
294.413
295.381
296.497
298.859
295.838
294.1
293.417
293.201
293.158
293.162
293.17
293.17
293.165
293.162
293.152
293.14
293.141
293.195
293.366
293.751
294.429
295.396
296.499
298.893
295.844
294.095
293.412
293.2
293.159
293.165
293.174
293.172
293.166
293.162
293.153
293.14
293.142
293.197
293.371
293.761
294.442
295.406
296.494
298.928
295.852
294.092
293.408
293.199
293.161
293.169
293.177
293.175
293.167
293.163
293.154
293.141
293.142
293.199
293.376
293.769
294.452
295.411
296.483
298.966
295.864
294.092
293.405
293.198
293.163
293.173
293.181
293.177
293.167
293.163
293.155
293.141
293.143
293.2
293.38
293.776
294.459
295.412
296.466
299.005
295.878
294.094
293.404
293.198
293.166
293.176
293.184
293.179
293.167
293.162
293.155
293.141
293.143
293.202
293.385
293.782
294.464
295.408
296.443
299.046
295.896
294.099
293.404
293.199
293.169
293.18
293.187
293.181
293.168
293.162
293.155
293.142
293.143
293.204
293.388
293.787
294.465
295.399
296.415
299.088
295.917
294.107
293.406
293.201
293.172
293.184
293.191
293.183
293.168
293.162
293.155
293.142
293.144
293.205
293.392
293.791
294.465
295.387
296.382
299.132
295.941
294.118
293.409
293.204
293.175
293.188
293.194
293.185
293.168
293.161
293.155
293.142
293.144
293.207
293.395
293.793
294.462
295.372
296.345
299.177
295.968
294.131
293.414
293.207
293.179
293.192
293.198
293.187
293.169
293.16
293.155
293.142
293.145
293.208
293.397
293.795
294.457
295.354
296.306
299.223
295.999
294.148
293.421
293.211
293.183
293.196
293.201
293.189
293.169
293.159
293.154
293.142
293.145
293.209
293.4
293.796
294.45
295.333
296.263
299.271
296.033
294.167
293.429
293.215
293.187
293.2
293.205
293.192
293.169
293.158
293.154
293.142
293.146
293.211
293.402
293.796
294.442
295.31
296.218
299.319
296.071
294.188
293.438
293.22
293.191
293.204
293.208
293.194
293.169
293.156
293.153
293.142
293.146
293.212
293.404
293.795
294.433
295.285
296.171
299.369
296.112
294.212
293.448
293.225
293.195
293.208
293.212
293.196
293.169
293.153
293.152
293.141
293.146
293.214
293.407
293.795
294.424
295.26
296.124
299.42
296.155
294.237
293.459
293.231
293.2
293.212
293.216
293.199
293.169
293.151
293.151
293.141
293.147
293.216
293.409
293.794
294.413
295.233
296.075
299.472
296.201
294.264
293.472
293.237
293.204
293.217
293.219
293.201
293.169
293.149
293.15
293.14
293.147
293.218
293.412
293.793
294.402
295.206
296.026
299.525
296.248
294.293
293.484
293.243
293.209
293.221
293.223
293.204
293.17
293.149
293.149
293.14
293.148
293.221
293.415
293.792
294.391
295.178
295.976
299.578
296.297
294.322
293.498
293.25
293.214
293.226
293.227
293.206
293.172
293.149
293.148
293.139
293.149
293.223
293.417
293.79
294.378
295.15
295.926
299.632
296.348
294.353
293.512
293.257
293.219
293.23
293.231
293.209
293.173
293.149
293.146
293.139
293.151
293.226
293.419
293.787
294.365
295.12
295.877
299.685
296.4
294.384
293.526
293.264
293.224
293.235
293.235
293.211
293.174
293.149
293.145
293.139
293.152
293.228
293.42
293.783
294.35
295.091
295.828
299.738
296.453
294.416
293.542
293.272
293.23
293.24
293.239
293.214
293.175
293.149
293.144
293.139
293.153
293.23
293.42
293.779
294.335
295.061
295.78
299.792
296.506
294.449
293.557
293.279
293.235
293.245
293.243
293.216
293.175
293.148
293.143
293.138
293.154
293.231
293.42
293.773
294.319
295.031
295.733
299.845
296.561
294.482
293.573
293.288
293.241
293.25
293.247
293.219
293.175
293.147
293.143
293.138
293.154
293.232
293.419
293.767
294.303
295.001
295.688
299.899
296.616
294.517
293.59
293.296
293.247
293.256
293.251
293.221
293.175
293.147
293.142
293.138
293.154
293.232
293.418
293.76
294.286
294.973
295.644
299.953
296.673
294.553
293.608
293.305
293.254
293.261
293.256
293.223
293.176
293.146
293.142
293.138
293.155
293.233
293.416
293.753
294.27
294.945
295.602
300.007
296.731
294.591
293.627
293.315
293.26
293.267
293.26
293.226
293.176
293.146
293.142
293.138
293.155
293.233
293.414
293.746
294.254
294.918
295.562
300.062
296.79
294.63
293.647
293.325
293.267
293.273
293.265
293.229
293.177
293.145
293.142
293.138
293.155
293.233
293.413
293.739
294.239
294.892
295.523
300.117
296.852
294.672
293.668
293.335
293.274
293.279
293.271
293.233
293.179
293.145
293.141
293.138
293.156
293.234
293.412
293.733
294.225
294.868
295.487
300.174
296.917
294.715
293.69
293.347
293.282
293.286
293.276
293.237
293.181
293.146
293.141
293.139
293.157
293.235
293.411
293.728
294.212
294.846
295.452
300.231
296.984
294.762
293.715
293.359
293.289
293.292
293.283
293.243
293.184
293.146
293.141
293.139
293.159
293.237
293.411
293.723
294.201
294.825
295.419
300.29
297.054
294.811
293.74
293.371
293.297
293.299
293.289
293.248
293.187
293.147
293.141
293.14
293.161
293.239
293.412
293.72
294.191
294.806
295.388
300.35
297.127
294.863
293.768
293.385
293.306
293.306
293.296
293.255
293.191
293.148
293.141
293.141
293.163
293.242
293.414
293.718
294.182
294.789
295.358
300.411
297.203
294.917
293.797
293.399
293.315
293.314
293.304
293.261
293.196
293.15
293.141
293.143
293.166
293.245
293.416
293.716
294.174
294.772
295.33
300.473
297.281
294.975
293.828
293.415
293.324
293.322
293.311
293.269
293.202
293.152
293.142
293.145
293.169
293.249
293.419
293.716
294.168
294.758
295.303
300.536
297.363
295.035
293.862
293.431
293.333
293.33
293.319
293.276
293.208
293.155
293.144
293.147
293.173
293.253
293.422
293.716
294.163
294.744
295.277
300.6
297.447
295.099
293.897
293.448
293.343
293.338
293.328
293.284
293.215
293.159
293.145
293.149
293.177
293.257
293.426
293.716
294.158
294.731
295.252
300.665
297.533
295.165
293.934
293.467
293.354
293.347
293.336
293.292
293.221
293.162
293.147
293.152
293.18
293.262
293.43
293.718
294.155
294.72
295.227
300.73
297.623
295.234
293.973
293.486
293.365
293.356
293.345
293.301
293.228
293.166
293.149
293.154
293.184
293.267
293.434
293.72
294.153
294.709
295.204
300.795
297.715
295.307
294.014
293.507
293.377
293.365
293.354
293.309
293.235
293.171
293.152
293.157
293.189
293.272
293.439
293.723
294.152
294.7
295.181
300.862
297.809
295.382
294.058
293.528
293.389
293.375
293.364
293.318
293.243
293.176
293.155
293.161
293.193
293.277
293.445
293.727
294.151
294.69
295.158
300.929
297.907
295.462
294.105
293.552
293.402
293.385
293.374
293.328
293.251
293.182
293.158
293.165
293.199
293.284
293.451
293.732
294.152
294.682
295.135
300.996
298.007
295.545
294.154
293.576
293.415
293.396
293.384
293.338
293.261
293.189
293.163
293.17
293.205
293.291
293.459
293.738
294.154
294.674
295.113
301.064
298.111
295.632
294.207
293.603
293.43
293.407
293.395
293.349
293.271
293.197
293.169
293.175
293.212
293.3
293.467
293.746
294.158
294.666
295.09
301.133
298.217
295.723
294.262
293.631
293.445
293.418
293.406
293.361
293.282
293.206
293.176
293.183
293.221
293.31
293.478
293.754
294.162
294.658
295.067
301.203
298.327
295.819
294.322
293.661
293.461
293.43
293.418
293.373
293.295
293.217
293.185
293.191
293.231
293.322
293.49
293.765
294.167
294.651
295.044
301.273
298.441
295.92
294.385
293.694
293.478
293.443
293.431
293.387
293.309
293.231
293.195
293.202
293.243
293.335
293.503
293.776
294.173
294.644
295.021
301.344
298.558
296.025
294.452
293.729
293.496
293.456
293.444
293.402
293.326
293.246
293.208
293.214
293.257
293.35
293.519
293.79
294.179
294.636
294.997
301.415
298.679
296.137
294.524
293.766
293.515
293.469
293.458
293.418
293.344
293.264
293.224
293.229
293.273
293.368
293.537
293.805
294.187
294.629
294.972
301.488
298.804
296.254
294.601
293.807
293.536
293.484
293.473
293.436
293.364
293.284
293.242
293.247
293.292
293.388
293.557
293.821
294.195
294.621
294.947
301.56
298.933
296.377
294.684
293.851
293.558
293.499
293.489
293.455
293.386
293.307
293.263
293.268
293.314
293.411
293.579
293.839
294.204
294.613
294.92
301.633
299.067
296.508
294.773
293.898
293.582
293.514
293.505
293.475
293.41
293.334
293.288
293.292
293.338
293.436
293.603
293.859
294.213
294.604
294.893
301.707
299.205
296.646
294.869
293.95
293.608
293.531
293.522
293.496
293.436
293.363
293.317
293.319
293.366
293.464
293.63
293.88
294.222
294.594
294.866
301.782
299.349
296.794
294.974
294.008
293.636
293.548
293.539
293.518
293.464
293.395
293.349
293.351
293.397
293.495
293.659
293.902
294.232
294.584
294.837
301.858
299.499
296.951
295.088
294.072
293.667
293.566
293.557
293.541
293.494
293.43
293.385
293.386
293.432
293.529
293.689
293.926
294.241
294.573
294.807
301.934
299.655
297.119
295.213
294.143
293.701
293.586
293.576
293.565
293.525
293.467
293.424
293.425
293.469
293.565
293.722
293.95
294.249
294.56
294.776
302.012
299.82
297.301
295.352
294.223
293.74
293.606
293.594
293.589
293.558
293.507
293.466
293.466
293.51
293.603
293.756
293.975
294.257
294.546
294.744
302.092
299.994
297.499
295.506
294.315
293.785
293.629
293.613
293.614
293.591
293.548
293.512
293.511
293.554
293.644
293.791
294
294.264
294.531
294.711
302.173
300.178
297.715
295.681
294.421
293.837
293.654
293.632
293.638
293.624
293.59
293.559
293.558
293.599
293.686
293.827
294.024
294.27
294.514
294.676
302.255
300.373
297.953
295.879
294.546
293.898
293.682
293.651
293.661
293.656
293.632
293.607
293.607
293.646
293.729
293.862
294.047
294.274
294.496
294.641
302.339
300.582
298.216
296.107
294.694
293.974
293.715
293.67
293.683
293.688
293.674
293.656
293.656
293.693
293.772
293.897
294.069
294.275
294.476
294.605
302.426
300.802
298.509
296.372
294.872
294.067
293.755
293.69
293.703
293.717
293.714
293.704
293.705
293.741
293.815
293.931
294.088
294.275
294.454
294.568
302.513
301.035
298.835
296.679
295.089
294.185
293.806
293.712
293.722
293.743
293.751
293.749
293.752
293.786
293.855
293.962
294.104
294.271
294.43
294.53
302.6
301.28
299.197
297.038
295.356
294.338
293.874
293.739
293.738
293.765
293.783
293.79
293.797
293.829
293.893
293.99
294.117
294.265
294.404
294.491
302.684
301.535
299.596
297.457
295.685
294.538
293.967
293.773
293.754
293.783
293.81
293.825
293.837
293.868
293.926
294.013
294.126
294.255
294.376
294.451
302.764
301.796
300.03
297.943
296.092
294.801
294.099
293.822
293.77
293.796
293.83
293.854
293.871
293.9
293.953
294.031
294.13
294.242
294.346
294.41
302.838
302.054
300.495
298.5
296.592
295.151
294.288
293.899
293.792
293.804
293.843
293.875
293.898
293.926
293.974
294.043
294.129
294.225
294.314
294.369
302.903
302.302
300.976
299.128
297.202
295.613
294.563
294.021
293.829
293.811
293.848
293.887
293.916
293.943
293.987
294.048
294.122
294.204
294.28
294.326
302.957
302.53
301.457
299.814
297.929
296.218
294.961
294.223
293.9
293.822
293.846
293.889
293.924
293.952
293.992
294.045
294.11
294.179
294.244
294.283
302.997
302.725
301.914
300.534
298.772
296.993
295.53
294.551
294.039
293.856
293.841
293.88
293.921
293.951
293.988
294.035
294.091
294.15
294.205
294.239
303.025
302.882
302.318
301.244
299.702
297.95
296.322
295.077
294.307
293.947
293.848
293.864
293.906
293.94
293.975
294.018
294.066
294.117
294.165
294.194
303.04
302.995
302.646
301.889
300.661
299.067
297.376
295.886
294.803
294.174
293.908
293.854
293.881
293.92
293.953
293.992
294.036
294.08
294.122
294.147
303.046
303.066
302.883
302.415
301.554
300.265
298.682
297.058
295.665
294.679
294.124
293.901
293.862
293.89
293.924
293.96
293.999
294.039
294.076
294.099
303.045
303.104
303.029
302.788
302.277
301.398
300.129
298.597
297.033
295.691
294.731
294.172
293.925
293.865
293.887
293.922
293.959
293.997
294.033
294.056
303.04
303.12
303.104
303.006
302.765
302.288
301.485
300.326
298.908
297.43
296.118
295.116
294.447
294.065
293.914
293.941
294.003
294.084
294.189
294.296
303.033
303.123
303.133
303.106
303.022
302.832
302.464
301.842
300.93
299.778
298.535
297.362
296.355
295.522
294.902
294.643
294.896
295.327
295.913
296.759
303.026
303.122
303.142
303.139
303.12
303.069
302.959
302.748
302.394
301.874
301.229
300.569
300.007
299.581
299.217
298.874
298.803
299.635
300.966
302.314
303.018
303.119
303.143
303.147
303.145
303.136
303.116
303.074
302.997
302.871
302.689
302.475
302.279
302.169
302.174
302.275
302.441
302.652
302.798
302.823
303.011
303.116
303.142
303.148
303.149
303.148
303.145
303.139
303.128
303.112
303.088
303.055
303.014
302.966
302.917
302.879
302.876
302.923
302.934
302.891
303.003
303.112
303.14
303.148
303.149
303.149
303.149
303.147
303.144
303.139
303.133
303.123
303.111
303.095
303.076
303.053
303.028
303.003
302.964
302.904
302.997
303.109
303.139
303.148
303.149
303.15
303.149
303.149
303.147
303.145
303.141
303.136
303.128
303.117
303.102
303.083
303.058
303.023
302.975
302.909
302.99
303.105
303.138
303.147
303.149
303.15
303.15
303.149
303.149
303.147
303.145
303.141
303.135
303.127
303.114
303.095
303.069
303.033
302.982
302.912
302.985
303.102
303.136
303.147
303.149
303.15
303.15
303.15
303.149
303.149
303.147
303.145
303.14
303.133
303.122
303.105
303.079
303.041
302.988
302.915
302.979
303.099
303.135
303.146
303.149
303.15
303.15
303.15
303.15
303.149
303.148
303.147
303.144
303.138
303.129
303.113
303.088
303.05
302.995
302.918
302.975
303.097
303.133
303.146
303.149
303.15
303.15
303.15
303.15
303.15
303.149
303.148
303.146
303.141
303.133
303.119
303.096
303.058
303.001
302.92
302.971
303.094
303.132
303.146
303.149
303.15
303.15
303.15
303.15
303.15
303.149
303.149
303.147
303.144
303.137
303.124
303.102
303.065
303.006
302.921
302.967
303.092
303.131
303.145
303.149
303.15
303.15
303.15
303.15
303.15
303.15
303.149
303.148
303.145
303.14
303.128
303.107
303.071
303.011
302.923
302.964
303.09
303.13
303.145
303.149
303.15
303.15
303.15
303.15
303.15
303.15
303.149
303.149
303.146
303.142
303.132
303.112
303.076
303.015
302.924
302.961
303.089
303.129
303.144
303.149
303.15
303.15
303.15
303.15
303.15
303.15
303.15
303.149
303.147
303.143
303.134
303.116
303.081
303.019
302.925
302.959
303.087
303.128
303.144
303.149
303.15
303.15
303.15
303.15
303.15
303.15
303.15
303.149
303.148
303.144
303.136
303.119
303.085
303.023
302.926
302.958
303.086
303.128
303.144
303.149
303.15
303.15
303.15
303.15
303.15
303.15
303.15
303.149
303.148
303.145
303.138
303.122
303.088
303.026
302.927
302.956
303.085
303.127
303.144
303.149
303.15
303.15
303.15
303.15
303.15
303.15
303.15
303.15
303.149
303.146
303.139
303.124
303.091
303.029
302.928
302.955
303.085
303.127
303.144
303.148
303.15
303.15
303.15
303.15
303.15
303.15
303.15
303.15
303.149
303.146
303.14
303.126
303.094
303.032
302.929
302.955
303.084
303.127
303.143
303.148
303.15
303.15
303.15
303.15
303.15
303.15
303.15
303.15
303.149
303.147
303.141
303.127
303.096
303.035
302.929
302.955
303.084
303.126
303.143
303.148
303.15
303.15
303.15
303.15
303.15
303.15
303.15
303.15
303.149
303.147
303.142
303.129
303.098
303.037
302.93
302.955
303.084
303.126
303.143
303.148
303.15
303.15
303.15
303.15
303.15
303.15
303.15
303.15
303.149
303.147
303.143
303.13
303.1
303.04
302.931
302.955
303.083
303.126
303.143
303.148
303.15
303.15
303.15
303.15
303.15
303.15
303.15
303.15
303.149
303.148
303.143
303.131
303.102
303.042
302.931
302.955
303.084
303.126
303.143
303.148
303.15
303.15
303.15
303.15
303.15
303.15
303.15
303.15
303.149
303.148
303.144
303.132
303.104
303.045
302.932
302.956
303.084
303.126
303.143
303.148
303.15
303.15
303.15
303.15
303.15
303.15
303.15
303.15
303.149
303.148
303.144
303.133
303.105
303.047
302.932
302.957
303.084
303.126
303.143
303.148
303.15
303.15
303.15
303.15
303.15
303.15
303.15
303.15
303.149
303.148
303.144
303.133
303.107
303.049
302.933
302.957
303.084
303.126
303.143
303.148
303.15
303.15
303.15
303.15
303.15
303.15
303.15
303.15
303.15
303.148
303.144
303.134
303.108
303.051
302.934
302.958
303.085
303.127
303.143
303.148
303.15
303.15
303.15
303.15
303.15
303.15
303.15
303.15
303.15
303.148
303.145
303.134
303.109
303.053
302.934
302.959
303.085
303.127
303.144
303.148
303.15
303.15
303.15
303.15
303.15
303.15
303.15
303.15
303.15
303.148
303.145
303.135
303.11
303.055
302.935
302.96
303.086
303.127
303.144
303.148
303.15
303.15
303.15
303.15
303.15
303.15
303.15
303.15
303.15
303.149
303.145
303.135
303.111
303.058
302.935
302.962
303.086
303.127
303.144
303.149
303.15
303.15
303.15
303.15
303.15
303.15
303.15
303.15
303.15
303.149
303.145
303.136
303.112
303.06
302.935
302.963
303.087
303.128
303.144
303.149
303.15
303.15
303.15
303.15
303.15
303.15
303.15
303.15
303.15
303.149
303.145
303.136
303.112
303.062
302.936
302.964
303.088
303.128
303.144
303.149
303.15
303.15
303.15
303.15
303.15
303.15
303.15
303.15
303.15
303.149
303.146
303.136
303.113
303.065
302.936
302.965
303.088
303.128
303.144
303.149
303.15
303.15
303.15
303.15
303.15
303.15
303.15
303.15
303.15
303.149
303.146
303.137
303.114
303.067
302.937
302.966
303.089
303.129
303.144
303.149
303.15
303.15
303.15
303.15
303.15
303.15
303.15
303.15
303.15
303.149
303.146
303.137
303.114
303.068
302.939
302.968
303.09
303.129
303.144
303.149
303.15
303.15
303.15
303.15
303.15
303.15
303.15
303.15
303.15
303.149
303.146
303.137
303.115
303.069
302.94
302.969
303.09
303.129
303.144
303.149
303.15
303.15
303.15
303.15
303.15
303.15
303.15
303.15
303.15
303.149
303.146
303.137
303.115
303.07
302.942
302.97
303.091
303.13
303.145
303.149
303.15
303.15
303.15
303.15
303.15
303.15
303.15
303.15
303.15
303.149
303.146
303.138
303.116
303.071
302.944
302.971
303.092
303.13
303.145
303.149
303.15
303.15
303.15
303.15
303.15
303.15
303.15
303.15
303.15
303.149
303.146
303.138
303.117
303.071
302.945
302.973
303.092
303.13
303.145
303.149
303.15
303.15
303.15
303.15
303.15
303.15
303.15
303.15
303.15
303.149
303.146
303.138
303.117
303.072
302.947
302.974
303.093
303.131
303.145
303.149
303.15
303.15
303.15
303.15
303.15
303.15
303.15
303.15
303.15
303.149
303.146
303.138
303.118
303.073
302.949
302.976
303.094
303.131
303.145
303.149
303.15
303.15
303.15
303.15
303.15
303.15
303.15
303.15
303.15
303.149
303.147
303.139
303.118
303.074
302.95
302.977
303.095
303.132
303.145
303.149
303.15
303.15
303.15
303.15
303.15
303.15
303.15
303.15
303.15
303.149
303.147
303.139
303.119
303.075
302.952
302.978
303.095
303.132
303.145
303.149
303.15
303.15
303.15
303.15
303.15
303.15
303.15
303.15
303.15
303.149
303.147
303.139
303.119
303.076
302.954
302.98
303.096
303.132
303.146
303.149
303.15
303.15
303.15
303.15
303.15
303.15
303.15
303.15
303.15
303.149
303.147
303.14
303.12
303.077
302.956
302.981
303.097
303.133
303.146
303.149
303.15
303.15
303.15
303.15
303.15
303.15
303.15
303.15
303.15
303.149
303.147
303.14
303.12
303.078
302.957
302.983
303.098
303.133
303.146
303.149
303.15
303.15
303.15
303.15
303.15
303.15
303.15
303.15
303.15
303.149
303.147
303.14
303.121
303.079
302.959
302.984
303.099
303.134
303.146
303.149
303.15
303.15
303.15
303.15
303.15
303.15
303.15
303.15
303.15
303.149
303.147
303.14
303.122
303.08
302.961
302.985
303.1
303.134
303.146
303.149
303.15
303.15
303.15
303.15
303.15
303.15
303.15
303.15
303.15
303.149
303.147
303.141
303.122
303.081
302.963
302.987
303.1
303.134
303.146
303.149
303.15
303.15
303.15
303.15
303.15
303.15
303.15
303.15
303.15
303.149
303.147
303.141
303.123
303.082
302.964
302.988
303.101
303.135
303.146
303.149
303.15
303.15
303.15
303.15
303.15
303.15
303.15
303.15
303.15
303.149
303.147
303.141
303.123
303.083
302.966
302.99
303.102
303.135
303.146
303.149
303.15
303.15
303.15
303.15
303.15
303.15
303.15
303.15
303.15
303.149
303.147
303.141
303.124
303.084
302.968
302.991
303.103
303.135
303.147
303.149
303.15
303.15
303.15
303.15
303.15
303.15
303.15
303.15
303.15
303.149
303.148
303.141
303.124
303.084
302.97
302.993
303.104
303.136
303.147
303.149
303.15
303.15
303.15
303.15
303.15
303.15
303.15
303.15
303.15
303.149
303.148
303.142
303.125
303.085
302.972
302.994
303.104
303.136
303.147
303.149
303.15
303.15
303.15
303.15
303.15
303.15
303.15
303.15
303.15
303.149
303.148
303.142
303.125
303.086
302.974
302.995
303.105
303.137
303.147
303.149
303.15
303.15
303.15
303.15
303.15
303.15
303.15
303.15
303.15
303.149
303.148
303.142
303.126
303.087
302.976
302.997
303.106
303.137
303.147
303.149
303.15
303.15
303.15
303.15
303.15
303.15
303.15
303.15
303.15
303.149
303.148
303.142
303.126
303.088
302.978
302.998
303.107
303.137
303.147
303.149
303.15
303.15
303.15
303.15
303.15
303.15
303.15
303.15
303.15
303.149
303.148
303.142
303.127
303.089
302.98
303
303.108
303.138
303.147
303.149
303.15
303.15
303.15
303.15
303.15
303.15
303.15
303.15
303.15
303.149
303.148
303.143
303.127
303.09
302.981
303.001
303.108
303.138
303.147
303.149
303.15
303.15
303.15
303.15
303.15
303.15
303.15
303.15
303.15
303.15
303.148
303.143
303.128
303.092
302.983
303.003
303.109
303.138
303.147
303.15
303.15
303.15
303.15
303.15
303.15
303.15
303.15
303.15
303.15
303.15
303.148
303.143
303.128
303.093
302.985
303.004
303.11
303.139
303.148
303.15
303.15
303.15
303.15
303.15
303.15
303.15
303.15
303.15
303.15
303.15
303.148
303.143
303.129
303.094
302.987
303.006
303.111
303.139
303.148
303.15
303.15
303.15
303.15
303.15
303.15
303.15
303.15
303.15
303.15
303.15
303.148
303.144
303.129
303.095
302.989
303.007
303.111
303.139
303.148
303.15
303.15
303.15
303.15
303.15
303.15
303.15
303.15
303.15
303.15
303.15
303.148
303.144
303.13
303.096
302.991
303.009
303.112
303.14
303.148
303.15
303.15
303.15
303.15
303.15
303.15
303.15
303.15
303.15
303.15
303.15
303.148
303.144
303.13
303.097
302.993
303.01
303.113
303.14
303.148
303.15
303.15
303.15
303.15
303.15
303.15
303.15
303.15
303.15
303.15
303.15
303.148
303.144
303.131
303.098
302.995
303.012
303.114
303.14
303.148
303.15
303.15
303.15
303.15
303.15
303.15
303.15
303.15
303.15
303.15
303.15
303.149
303.145
303.132
303.099
302.997
303.014
303.115
303.141
303.148
303.15
303.15
303.15
303.15
303.15
303.15
303.15
303.15
303.15
303.15
303.15
303.149
303.145
303.132
303.1
302.999
303.015
303.116
303.141
303.148
303.15
303.15
303.15
303.15
303.15
303.15
303.15
303.15
303.15
303.15
303.15
303.149
303.145
303.133
303.101
303.001
303.017
303.116
303.141
303.148
303.15
303.15
303.15
303.15
303.15
303.15
303.15
303.15
303.15
303.15
303.15
303.149
303.145
303.133
303.102
303.004
303.019
303.117
303.142
303.148
303.15
303.15
303.15
303.15
303.15
303.15
303.15
303.15
303.15
303.15
303.15
303.149
303.146
303.134
303.103
303.006
303.02
303.118
303.142
303.148
303.15
303.15
303.15
303.15
303.15
303.15
303.15
303.15
303.15
303.15
303.15
303.149
303.146
303.135
303.104
303.008
303.022
303.118
303.142
303.148
303.15
303.15
303.15
303.15
303.15
303.15
303.15
303.15
303.15
303.15
303.15
303.149
303.146
303.135
303.105
303.01
303.023
303.119
303.142
303.149
303.15
303.15
303.15
303.15
303.15
303.15
303.15
303.15
303.15
303.15
303.15
303.149
303.146
303.136
303.107
303.012
303.025
303.12
303.143
303.149
303.15
303.15
303.15
303.15
303.15
303.15
303.15
303.15
303.15
303.15
303.15
303.149
303.146
303.137
303.108
303.014
303.026
303.12
303.143
303.149
303.15
303.15
303.15
303.15
303.15
303.15
303.15
303.15
303.15
303.15
303.15
303.149
303.147
303.137
303.109
303.017
303.028
303.121
303.143
303.149
303.15
303.15
303.15
303.15
303.15
303.15
303.15
303.15
303.15
303.15
303.15
303.149
303.147
303.138
303.11
303.019
303.029
303.121
303.143
303.149
303.15
303.15
303.15
303.15
303.15
303.15
303.15
303.15
303.15
303.15
303.15
303.149
303.147
303.139
303.112
303.021
303.03
303.122
303.143
303.149
303.15
303.15
303.15
303.15
303.15
303.15
303.15
303.15
303.15
303.15
303.15
303.149
303.147
303.139
303.113
303.023
303.031
303.123
303.144
303.149
303.15
303.15
303.15
303.15
303.15
303.15
303.15
303.15
303.15
303.15
303.15
303.15
303.148
303.14
303.115
303.025
296.913
297.925
298.948
299.588
299.86
299.945
299.97
299.979
299.986
299.991
299.995
299.999
300
300.001
300
299.995
299.966
299.945
299.929
299.898
296.938
297.975
298.99
299.608
299.863
299.94
299.961
299.969
299.976
299.982
299.987
299.99
299.992
299.993
299.992
299.988
299.96
299.94
299.925
299.893
296.967
298.024
299.029
299.626
299.865
299.934
299.952
299.96
299.967
299.973
299.977
299.981
299.984
299.985
299.985
299.979
299.955
299.936
299.921
299.888
297.003
298.074
299.064
299.64
299.866
299.928
299.943
299.951
299.957
299.963
299.968
299.972
299.975
299.977
299.977
299.966
299.949
299.932
299.917
299.881
297.046
298.125
299.098
299.654
299.867
299.923
299.935
299.942
299.948
299.954
299.959
299.964
299.967
299.969
299.969
299.958
299.943
299.928
299.913
299.873
297.098
298.18
299.132
299.666
299.867
299.918
299.929
299.935
299.94
299.946
299.951
299.955
299.959
299.962
299.961
299.949
299.937
299.924
299.908
299.862
297.162
298.242
299.167
299.678
299.868
299.914
299.924
299.928
299.933
299.938
299.943
299.948
299.952
299.954
299.953
299.942
299.931
299.92
299.902
299.846
297.24
298.312
299.205
299.691
299.869
299.91
299.92
299.924
299.927
299.932
299.936
299.941
299.944
299.946
299.945
299.935
299.926
299.916
299.894
299.825
297.337
298.392
299.247
299.705
299.871
299.909
299.917
299.92
299.923
299.926
299.93
299.934
299.938
299.939
299.938
299.93
299.922
299.911
299.882
299.795
297.455
298.485
299.294
299.72
299.872
299.908
299.916
299.918
299.92
299.923
299.926
299.929
299.932
299.933
299.931
299.925
299.918
299.903
299.864
299.753
297.601
298.593
299.348
299.737
299.872
299.908
299.916
299.918
299.919
299.92
299.923
299.925
299.928
299.928
299.926
299.921
299.913
299.891
299.836
299.694
297.78
298.717
299.406
299.754
299.872
299.908
299.917
299.918
299.918
299.919
299.921
299.923
299.924
299.925
299.923
299.918
299.906
299.872
299.797
299.617
297.997
298.858
299.467
299.763
299.871
299.909
299.919
299.92
299.919
299.919
299.92
299.921
299.922
299.923
299.921
299.915
299.894
299.846
299.746
299.519
298.25
299.008
299.512
299.758
299.867
299.909
299.921
299.922
299.921
299.921
299.921
299.921
299.922
299.922
299.92
299.909
299.878
299.812
299.683
299.401
298.505
299.094
299.503
299.743
299.863
299.909
299.923
299.924
299.924
299.923
299.922
299.922
299.922
299.923
299.918
299.9
299.856
299.771
299.605
299.261
298.425
299.017
299.453
299.721
299.855
299.908
299.924
299.927
299.926
299.925
299.924
299.924
299.923
299.924
299.915
299.889
299.83
299.719
299.51
299.095
298.206
298.898
299.388
299.691
299.843
299.906
299.925
299.929
299.929
299.928
299.927
299.926
299.925
299.924
299.912
299.877
299.797
299.653
299.391
298.902
297.994
298.758
299.31
299.65
299.826
299.9
299.925
299.931
299.931
299.93
299.929
299.928
299.928
299.924
299.908
299.861
299.755
299.566
299.243
298.68
297.805
298.615
299.214
299.596
299.8
299.891
299.923
299.931
299.933
299.932
299.931
299.929
299.93
299.924
299.902
299.837
299.694
299.45
299.057
298.425
297.651
298.461
299.098
299.527
299.765
299.876
299.918
299.931
299.933
299.933
299.932
299.931
299.931
299.922
299.889
299.798
299.606
299.293
298.827
298.137
297.515
298.295
298.966
299.439
299.717
299.854
299.909
299.928
299.933
299.934
299.934
299.933
299.93
299.915
299.864
299.733
299.475
299.081
298.543
297.816
297.379
298.124
298.819
299.33
299.652
299.82
299.894
299.922
299.93
299.933
299.934
299.932
299.923
299.895
299.813
299.62
299.276
298.794
298.197
297.467
297.248
297.955
298.656
299.199
299.568
299.774
299.867
299.905
299.92
299.926
299.929
299.922
299.902
299.849
299.71
299.426
298.977
298.414
297.79
297.101
297.139
297.795
298.482
299.046
299.45
299.69
299.812
299.869
299.896
299.909
299.913
299.895
299.85
299.741
299.503
299.094
298.541
297.936
297.341
296.744
297.06
297.657
298.297
298.862
299.292
299.57
299.726
299.809
299.851
299.872
299.867
299.822
299.718
299.499
299.112
298.57
297.964
297.395
296.894
296.426
297.006
297.539
298.12
298.671
299.114
299.424
299.613
299.721
299.781
299.809
299.773
299.645
299.406
299.007
298.459
297.864
297.325
296.883
296.52
296.184
296.971
297.44
297.962
298.488
298.933
299.264
299.482
299.614
299.686
299.714
299.543
299.206
298.739
298.174
297.613
297.149
296.792
296.513
296.273
296.035
296.944
297.355
297.825
298.32
298.761
299.108
299.35
299.501
299.581
299.567
298.931
298.255
297.676
297.232
296.915
296.688
296.502
296.332
296.161
295.973
296.921
297.282
297.707
298.171
298.607
298.969
299.237
299.411
299.487
299.226
297.638
297.09
296.879
296.749
296.646
296.546
296.43
296.297
296.147
295.971
296.894
297.215
297.6
298.034
298.462
298.845
299.135
299.236
298.786
297.638
296.81
296.726
296.716
296.696
296.65
296.573
296.466
296.334
296.181
296
296.858
297.142
297.488
297.893
298.298
298.657
298.88
298.689
297.788
296.925
296.723
296.772
296.797
296.787
296.739
296.654
296.538
296.396
296.233
296.043
296.811
297.057
297.355
297.696
298.027
298.276
298.309
297.896
297.15
296.774
296.843
296.911
296.932
296.912
296.851
296.754
296.625
296.468
296.292
296.089
296.758
296.954
297.18
297.42
297.619
297.709
297.599
297.252
296.908
296.892
297.026
297.078
297.083
297.048
296.973
296.861
296.716
296.545
296.353
296.136
296.703
296.842
296.985
297.116
297.201
297.206
297.116
296.978
296.947
297.088
297.208
297.242
297.233
297.184
297.096
296.971
296.811
296.623
296.415
296.182
296.657
296.748
296.827
296.893
296.935
296.95
296.953
296.99
297.113
297.287
297.377
297.397
297.375
297.316
297.217
297.08
296.906
296.702
296.478
296.228
296.63
296.697
296.75
296.8
296.852
296.914
297.002
297.134
297.307
297.467
297.53
297.538
297.508
297.44
297.334
297.187
297
296.782
296.54
296.273
296.626
296.692
296.749
296.814
296.895
297.002
297.142
297.312
297.488
297.623
297.664
297.663
297.627
297.556
297.445
297.291
297.094
296.861
296.603
296.318
296.641
296.723
296.799
296.888
296.999
297.138
297.304
297.482
297.642
297.751
297.777
297.77
297.734
297.662
297.55
297.39
297.185
296.94
296.666
296.363
296.67
296.775
296.874
296.987
297.122
297.281
297.456
297.627
297.766
297.852
297.869
297.86
297.825
297.757
297.646
297.485
297.273
297.017
296.729
296.407
296.705
296.835
296.958
297.092
297.244
297.413
297.587
297.745
297.863
297.929
297.942
297.933
297.903
297.841
297.735
297.575
297.359
297.094
296.791
296.452
296.742
296.897
297.041
297.192
297.356
297.529
297.697
297.838
297.936
297.987
297.995
297.989
297.966
297.913
297.815
297.659
297.442
297.169
296.852
296.496
296.779
296.955
297.118
297.284
297.455
297.627
297.785
297.909
297.988
298.026
298.032
298.03
298.015
297.974
297.887
297.738
297.521
297.242
296.914
296.541
296.815
297.01
297.189
297.365
297.54
297.708
297.854
297.96
298.023
298.048
298.053
298.057
298.052
298.025
297.951
297.811
297.597
297.314
296.975
296.585
296.847
297.058
297.251
297.436
297.614
297.775
297.907
297.996
298.041
298.057
298.061
298.071
298.078
298.065
298.007
297.878
297.669
297.385
297.036
296.63
296.877
297.1
297.306
297.498
297.676
297.829
297.946
298.017
298.047
298.054
298.058
298.074
298.093
298.096
298.055
297.94
297.738
297.453
297.096
296.675
296.905
297.136
297.353
297.552
297.727
297.872
297.973
298.027
298.042
298.041
298.045
298.067
298.098
298.118
298.095
297.996
297.804
297.521
297.156
296.721
296.931
297.167
297.393
297.597
297.771
297.905
297.99
298.027
298.029
298.02
298.025
298.052
298.094
298.132
298.129
298.047
297.866
297.586
297.216
296.767
296.957
297.193
297.427
297.635
297.806
297.93
298
298.02
298.009
297.993
297.998
298.03
298.083
298.138
298.155
298.092
297.925
297.65
297.276
296.814
296.982
297.215
297.454
297.667
297.835
297.948
298.002
298.007
297.984
297.962
297.967
298.003
298.066
298.137
298.175
298.132
297.98
297.713
297.336
296.861
297.009
297.233
297.476
297.693
297.858
297.96
298
297.99
297.956
297.928
297.933
297.972
298.043
298.129
298.188
298.167
298.031
297.773
297.395
296.909
297.038
297.248
297.494
297.714
297.876
297.968
297.993
297.969
297.925
297.893
297.898
297.939
298.015
298.116
298.196
298.196
298.079
297.832
297.455
296.958
297.069
297.261
297.507
297.73
297.89
297.972
297.984
297.947
297.895
297.859
297.864
297.904
297.984
298.097
298.197
298.221
298.123
297.888
297.513
297.008
297.103
297.273
297.516
297.742
297.9
297.973
297.972
297.924
297.865
297.827
297.831
297.87
297.951
298.074
298.193
298.24
298.162
297.942
297.572
297.059
297.141
297.284
297.523
297.751
297.907
297.972
297.959
297.9
297.836
297.798
297.802
297.837
297.917
298.048
298.185
298.254
298.198
297.994
297.63
297.111
297.182
297.296
297.527
297.756
297.911
297.969
297.945
297.878
297.811
297.774
297.778
297.807
297.882
298.019
298.172
298.263
298.23
298.043
297.687
297.163
297.225
297.307
297.53
297.76
297.914
297.965
297.931
297.857
297.79
297.756
297.759
297.78
297.849
297.988
298.155
298.267
298.257
298.089
297.743
297.217
297.272
297.32
297.531
297.761
297.915
297.96
297.918
297.839
297.772
297.744
297.745
297.758
297.817
297.956
298.134
298.268
298.28
298.133
297.798
297.271
297.32
297.333
297.531
297.761
297.915
297.955
297.905
297.822
297.76
297.739
297.738
297.741
297.788
297.923
298.111
298.263
298.299
298.173
297.853
297.327
297.369
297.347
297.531
297.76
297.913
297.95
297.894
297.808
297.752
297.739
297.737
297.729
297.762
297.892
298.086
298.256
298.314
298.21
297.906
297.383
297.418
297.363
297.531
297.758
297.912
297.944
297.883
297.797
297.749
297.745
297.742
297.722
297.739
297.861
298.059
298.244
298.325
298.244
297.957
297.44
297.466
297.38
297.531
297.755
297.91
297.939
297.874
297.789
297.75
297.756
297.75
297.719
297.72
297.831
298.032
298.23
298.332
298.274
298.007
297.497
297.513
297.398
297.533
297.753
297.907
297.935
297.866
297.784
297.755
297.771
297.763
297.721
297.705
297.803
298.003
298.213
298.335
298.301
298.055
297.555
297.557
297.416
297.534
297.75
297.905
297.931
297.859
297.78
297.763
297.788
297.779
297.726
297.693
297.778
297.975
298.194
298.335
298.325
298.101
297.613
297.598
297.436
297.537
297.748
297.903
297.928
297.854
297.779
297.773
297.808
297.796
297.735
297.684
297.754
297.947
298.174
298.332
298.345
298.145
297.671
297.635
297.455
297.541
297.747
297.902
297.926
297.85
297.78
297.786
297.828
297.815
297.746
297.678
297.733
297.919
298.151
298.326
298.362
298.186
297.729
297.668
297.474
297.546
297.746
297.901
297.924
297.848
297.782
297.799
297.848
297.835
297.759
297.675
297.714
297.893
298.128
298.318
298.376
298.225
297.787
297.696
297.494
297.552
297.747
297.901
297.923
297.846
297.785
297.812
297.866
297.854
297.774
297.675
297.698
297.867
298.104
298.307
298.387
298.262
297.844
297.719
297.512
297.56
297.748
297.901
297.923
297.845
297.789
297.825
297.883
297.873
297.79
297.677
297.683
297.842
298.08
298.294
298.395
298.296
297.9
297.738
297.531
297.569
297.75
297.902
297.924
297.845
297.793
297.836
297.896
297.89
297.806
297.681
297.671
297.819
298.055
298.279
298.4
298.327
297.954
297.753
297.548
297.578
297.754
297.904
297.925
297.846
297.797
297.847
297.906
297.905
297.823
297.687
297.661
297.798
298.031
298.263
298.402
298.355
298.007
297.763
297.565
297.589
297.759
297.907
297.927
297.848
297.801
297.856
297.912
297.919
297.84
297.694
297.653
297.777
298.007
298.246
298.402
298.381
298.058
297.77
297.582
297.601
297.765
297.91
297.93
297.849
297.805
297.863
297.914
297.93
297.856
297.703
297.647
297.759
297.983
298.228
298.4
298.404
298.107
297.774
297.597
297.614
297.772
297.915
297.934
297.852
297.808
297.867
297.913
297.94
297.872
297.713
297.643
297.742
297.961
298.209
298.396
298.424
298.153
297.775
297.612
297.628
297.78
297.92
297.939
297.855
297.811
297.869
297.907
297.947
297.886
297.723
297.641
297.727
297.939
298.191
298.391
298.441
298.196
297.775
297.627
297.642
297.789
297.926
297.944
297.858
297.812
297.868
297.899
297.953
297.9
297.734
297.64
297.714
297.919
298.172
298.384
298.455
298.237
297.775
297.642
297.657
297.799
297.933
297.95
297.862
297.812
297.865
297.887
297.958
297.912
297.746
297.641
297.702
297.9
298.154
298.376
298.467
298.274
297.774
297.656
297.673
297.809
297.94
297.957
297.867
297.812
297.861
297.876
297.961
297.922
297.757
297.643
297.692
297.882
298.136
298.367
298.476
298.307
297.773
297.671
297.689
297.82
297.948
297.965
297.873
297.811
297.856
297.869
297.963
297.931
297.768
297.647
297.684
297.866
298.119
298.357
298.482
298.337
297.774
297.686
297.705
297.832
297.957
297.974
297.88
297.81
297.85
297.869
297.965
297.94
297.779
297.651
297.677
297.852
298.103
298.348
298.487
298.363
297.776
297.702
297.723
297.844
297.966
297.983
297.888
297.811
297.843
297.869
297.969
297.947
297.789
297.655
297.671
297.839
298.089
298.338
298.489
298.385
297.781
297.719
297.741
297.857
297.975
297.992
297.896
297.815
297.837
297.871
297.973
297.955
297.798
297.659
297.667
297.827
298.075
298.328
298.49
298.403
297.788
297.736
297.76
297.871
297.984
298.001
297.906
297.821
297.832
297.875
297.979
297.963
297.807
297.664
297.663
297.816
298.063
298.319
298.489
298.416
297.798
297.755
297.779
297.884
297.993
298.01
297.918
297.83
297.831
297.882
297.986
297.97
297.815
297.668
297.66
297.807
298.051
298.31
298.486
298.424
297.811
297.775
297.799
297.898
298.002
298.019
297.93
297.841
297.834
297.891
297.995
297.978
297.823
297.673
297.658
297.799
298.041
298.301
298.481
298.429
297.827
297.796
297.819
297.913
298.011
298.029
297.943
297.855
297.842
297.903
298.004
297.985
297.83
297.677
297.656
297.792
298.032
298.293
298.475
298.428
297.847
297.819
297.84
297.927
298.02
298.038
297.958
297.872
297.855
297.918
298.014
297.992
297.837
297.681
297.655
297.786
298.024
298.284
298.467
298.423
297.87
297.843
297.861
297.942
298.029
298.048
297.974
297.891
297.872
297.936
298.025
297.999
297.843
297.685
297.654
297.781
298.016
298.276
298.456
298.413
297.897
297.869
297.883
297.957
298.038
298.057
297.99
297.912
297.893
297.955
298.037
298.005
297.848
297.689
297.654
297.776
298.009
298.267
298.444
298.398
297.927
297.896
297.905
297.972
298.047
298.067
298.007
297.935
297.917
297.976
298.049
298.011
297.853
297.693
297.653
297.772
298.003
298.258
298.429
298.379
297.959
297.925
297.927
297.986
298.057
298.076
298.024
297.959
297.943
297.998
298.06
298.016
297.857
297.696
297.653
297.768
297.996
298.247
298.412
298.354
297.994
297.954
297.95
298.001
298.066
298.085
298.041
297.984
297.969
298.019
298.071
298.02
297.86
297.699
297.653
297.764
297.989
298.236
298.392
298.324
298.031
297.985
297.973
298.017
298.075
298.095
298.057
298.008
297.996
298.04
298.081
298.023
297.862
297.701
297.653
297.761
297.982
298.224
298.369
298.289
298.069
298.018
297.997
298.032
298.084
298.103
298.072
298.03
298.021
298.06
298.091
298.026
297.864
297.703
297.653
297.757
297.975
298.209
298.343
298.249
298.109
298.051
298.021
298.047
298.093
298.112
298.087
298.052
298.045
298.079
298.099
298.027
297.864
297.704
297.653
297.753
297.966
298.193
298.313
298.203
298.15
298.084
298.046
298.063
298.102
298.12
298.1
298.072
298.067
298.095
298.105
298.027
297.864
297.705
297.653
297.749
297.956
298.174
298.279
298.153
298.191
298.118
298.071
298.078
298.111
298.128
298.113
298.09
298.087
298.11
298.111
298.026
297.863
297.706
297.652
297.745
297.946
298.153
298.241
298.097
298.232
298.153
298.096
298.094
298.12
298.135
298.124
298.107
298.105
298.122
298.114
298.024
297.861
297.706
297.652
297.74
297.933
298.129
298.2
298.036
298.272
298.187
298.121
298.11
298.129
298.142
298.134
298.121
298.12
298.133
298.116
298.021
297.859
297.706
297.65
297.734
297.919
298.102
298.154
297.971
298.311
298.221
298.147
298.126
298.138
298.148
298.143
298.133
298.133
298.141
298.116
298.016
297.855
297.705
297.649
297.728
297.904
298.072
298.104
297.901
298.347
298.253
298.172
298.143
298.147
298.154
298.15
298.143
298.143
298.146
298.114
298.011
297.851
297.703
297.647
297.721
297.886
298.038
298.05
297.827
298.382
298.285
298.197
298.159
298.156
298.16
298.156
298.151
298.151
298.149
298.11
298.004
297.847
297.702
297.645
297.713
297.867
298.002
297.992
297.75
298.414
298.315
298.222
298.175
298.165
298.165
298.161
298.157
298.156
298.15
298.105
297.997
297.841
297.699
297.642
297.704
297.845
297.962
297.931
297.669
298.443
298.343
298.245
298.192
298.174
298.17
298.165
298.161
298.159
298.148
298.098
297.988
297.835
297.697
297.639
297.694
297.822
297.92
297.866
297.585
298.468
298.369
298.268
298.208
298.183
298.174
298.168
298.163
298.159
298.145
298.09
297.979
297.829
297.693
297.636
297.683
297.797
297.874
297.798
297.499
298.49
298.392
298.289
298.223
298.192
298.178
298.169
298.163
298.158
298.139
298.08
297.968
297.821
297.69
297.632
297.672
297.77
297.826
297.728
297.41
298.507
298.411
298.308
298.237
298.2
298.182
298.17
298.162
298.154
298.132
298.07
297.957
297.813
297.685
297.627
297.659
297.741
297.775
297.655
297.321
298.519
298.427
298.325
298.251
298.208
298.185
298.17
298.159
298.149
298.123
298.058
297.945
297.804
297.68
297.622
297.646
297.711
297.723
297.58
297.23
298.527
298.44
298.339
298.263
298.215
298.187
298.169
298.155
298.143
298.113
298.045
297.932
297.795
297.675
297.615
297.631
297.679
297.668
297.503
297.14
298.53
298.448
298.35
298.272
298.221
298.189
298.167
298.15
298.135
298.102
298.031
297.918
297.785
297.668
297.609
297.615
297.645
297.611
297.425
297.049
298.529
298.451
298.357
298.28
298.226
298.19
298.164
298.144
298.126
298.089
298.015
297.903
297.773
297.661
297.601
297.598
297.61
297.552
297.345
296.958
298.522
298.45
298.361
298.285
298.229
298.189
298.16
298.136
298.116
298.075
297.999
297.887
297.761
297.652
297.592
297.58
297.572
297.491
297.264
296.868
298.51
298.444
298.36
298.286
298.229
298.186
298.154
298.128
298.104
298.06
297.98
297.87
297.747
297.643
297.581
297.56
297.532
297.427
297.182
296.778
298.493
298.434
298.355
298.283
298.226
298.181
298.146
298.117
298.091
298.042
297.96
297.851
297.732
297.632
297.569
297.537
297.49
297.362
297.099
296.69
298.472
298.418
298.345
298.277
298.219
298.173
298.136
298.104
298.075
298.022
297.938
297.829
297.715
297.619
297.555
297.512
297.444
297.293
297.014
296.602
298.445
298.397
298.33
298.265
298.209
298.162
298.123
298.088
298.055
297.998
297.912
297.806
297.697
297.605
297.539
297.483
297.394
297.221
296.928
296.515
298.415
298.371
298.31
298.249
298.194
298.147
298.106
298.069
298.032
297.971
297.884
297.78
297.676
297.588
297.518
297.449
297.339
297.144
296.839
296.429
298.38
298.341
298.285
298.227
298.174
298.127
298.085
298.046
298.004
297.94
297.852
297.752
297.653
297.567
297.493
297.409
297.277
297.061
296.747
296.344
298.34
298.305
298.254
298.2
298.149
298.102
298.059
298.018
297.972
297.904
297.818
297.721
297.627
297.543
297.462
297.36
297.205
296.971
296.651
296.26
298.298
298.265
298.218
298.168
298.118
298.072
298.028
297.986
297.935
297.865
297.779
297.687
297.597
297.512
297.42
297.299
297.122
296.873
296.552
296.176
298.251
298.221
298.177
298.13
298.082
298.036
297.991
297.948
297.893
297.822
297.738
297.649
297.562
297.472
297.366
297.223
297.025
296.764
296.447
296.092
298.201
298.173
298.132
298.086
298.04
297.995
297.95
297.905
297.847
297.773
297.691
297.605
297.516
297.416
297.291
297.126
296.909
296.642
296.337
296.01
298.147
298.121
298.082
298.038
297.993
297.948
297.903
297.855
297.792
297.718
297.637
297.549
297.452
297.336
297.189
297.002
296.772
296.508
296.222
295.928
298.09
298.065
298.027
297.985
297.941
297.897
297.852
297.797
297.73
297.653
297.568
297.471
297.358
297.219
297.048
296.844
296.611
296.359
296.102
295.848
298.026
298.004
297.968
297.928
297.885
297.841
297.791
297.727
297.651
297.565
297.465
297.349
297.211
297.047
296.857
296.647
296.423
296.197
295.978
295.77
297.938
297.932
297.902
297.864
297.822
297.773
297.704
297.622
297.528
297.42
297.295
297.151
296.987
296.806
296.612
296.411
296.212
296.023
295.849
295.693
297.771
297.848
297.831
297.795
297.734
297.65
297.553
297.441
297.316
297.176
297.021
296.853
296.676
296.495
296.314
296.141
295.981
295.838
295.718
295.618
297.773
297.819
297.815
297.729
297.612
297.475
297.324
297.163
296.994
296.819
296.641
296.464
296.293
296.13
295.981
295.848
295.735
295.646
295.583
295.541
297.916
298.004
297.849
297.65
297.431
297.208
296.987
296.772
296.566
296.371
296.189
296.022
295.872
295.742
295.633
295.546
295.485
295.449
295.446
295.44
298.213
298.064
297.784
297.467
297.149
296.849
296.572
296.321
296.096
295.898
295.725
295.578
295.457
295.363
295.294
295.253
295.239
295.24
295.245
295.316
298.383
298.046
297.633
297.212
296.815
296.458
296.144
295.872
295.641
295.449
295.291
295.167
295.075
295.013
294.981
294.979
294.979
295.01
295.094
295.235
298.409
297.937
297.42
296.916
296.46
296.063
295.726
295.447
295.22
295.04
294.9
294.799
294.733
294.699
294.698
294.701
294.744
294.831
294.97
295.169
298.42
297.812
297.191
296.612
296.107
295.682
295.336
295.058
294.842
294.677
294.557
294.477
294.434
294.425
294.428
294.471
294.554
294.683
294.866
295.115
298.428
297.682
296.959
296.312
295.767
295.326
294.979
294.711
294.51
294.363
294.262
294.202
294.178
294.179
294.209
294.281
294.394
294.556
294.777
295.07
298.435
297.55
296.73
296.021
295.448
295
294.66
294.408
294.225
294.097
294.014
293.97
293.961
293.975
294.029
294.122
294.258
294.446
294.7
295.036
298.442
297.42
296.506
295.745
295.152
294.707
294.382
294.149
293.985
293.876
293.81
293.779
293.78
293.809
293.877
293.986
294.141
294.351
294.635
295.01
298.448
297.293
296.292
295.487
294.884
294.449
294.143
293.931
293.788
293.696
293.644
293.624
293.629
293.671
293.75
293.871
294.04
294.269
294.58
294.992
298.454
297.17
296.088
295.248
294.644
294.225
293.941
293.752
293.629
293.553
293.512
293.5
293.513
293.561
293.646
293.774
293.953
294.199
294.533
294.982
298.459
297.052
295.896
295.03
294.433
294.034
293.774
293.608
293.503
293.441
293.409
293.403
293.421
293.473
293.56
293.691
293.878
294.138
294.496
294.979
298.464
296.94
295.717
294.834
294.248
293.873
293.638
293.493
293.405
293.354
293.33
293.328
293.349
293.401
293.489
293.622
293.815
294.086
294.466
294.984
298.469
296.834
295.552
294.658
294.089
293.739
293.528
293.403
293.33
293.289
293.271
293.27
293.293
293.344
293.431
293.564
293.761
294.043
294.444
294.995
298.474
296.735
295.401
294.502
293.952
293.628
293.441
293.333
293.273
293.24
293.226
293.227
293.25
293.299
293.383
293.515
293.715
294.007
294.429
295.014
298.479
296.643
295.263
294.364
293.837
293.537
293.372
293.28
293.231
293.205
293.194
293.196
293.217
293.263
293.344
293.474
293.676
293.978
294.421
295.039
298.483
296.558
295.138
294.244
293.739
293.464
293.318
293.24
293.2
293.179
293.171
293.173
293.192
293.235
293.312
293.44
293.644
293.955
294.419
295.071
298.488
296.48
295.024
294.138
293.657
293.404
293.275
293.21
293.177
293.162
293.156
293.158
293.174
293.213
293.286
293.412
293.617
293.939
294.425
295.11
298.493
296.408
294.922
294.046
293.587
293.356
293.243
293.188
293.162
293.149
293.145
293.147
293.161
293.196
293.265
293.388
293.596
293.928
294.436
295.156
298.497
296.342
294.83
293.966
293.529
293.317
293.218
293.172
293.151
293.141
293.138
293.139
293.151
293.182
293.248
293.369
293.579
293.922
294.453
295.207
298.502
296.282
294.748
293.897
293.481
293.286
293.198
293.16
293.143
293.136
293.133
293.134
293.144
293.172
293.234
293.353
293.566
293.921
294.476
295.264
298.507
296.227
294.674
293.837
293.44
293.26
293.183
293.151
293.138
293.133
293.131
293.131
293.139
293.164
293.222
293.341
293.557
293.925
294.505
295.326
298.512
296.178
294.607
293.784
293.405
293.24
293.172
293.145
293.135
293.131
293.13
293.13
293.136
293.158
293.213
293.33
293.551
293.932
294.538
295.393
298.518
296.133
294.548
293.739
293.376
293.223
293.163
293.141
293.134
293.131
293.129
293.129
293.133
293.153
293.206
293.322
293.548
293.944
294.576
295.463
298.525
296.092
294.495
293.699
293.352
293.21
293.157
293.138
293.133
293.131
293.13
293.129
293.132
293.149
293.2
293.316
293.548
293.959
294.617
295.537
298.532
296.055
294.448
293.664
293.331
293.199
293.152
293.137
293.133
293.132
293.131
293.129
293.131
293.146
293.195
293.311
293.55
293.977
294.662
295.612
298.54
296.022
294.405
293.634
293.313
293.19
293.148
293.136
293.134
293.133
293.132
293.13
293.13
293.144
293.191
293.308
293.554
293.998
294.71
295.689
298.548
295.993
294.367
293.607
293.297
293.182
293.145
293.136
293.135
293.135
293.134
293.131
293.13
293.142
293.188
293.306
293.56
294.021
294.76
295.767
298.558
295.967
294.334
293.584
293.284
293.176
293.143
293.136
293.136
293.136
293.135
293.132
293.13
293.141
293.186
293.305
293.568
294.047
294.812
295.844
298.569
295.943
294.303
293.563
293.273
293.171
293.142
293.137
293.138
293.138
293.137
293.133
293.13
293.14
293.184
293.306
293.577
294.074
294.864
295.92
298.581
295.922
294.276
293.544
293.263
293.167
293.142
293.138
293.14
293.14
293.139
293.134
293.131
293.139
293.183
293.307
293.587
294.102
294.917
295.994
298.594
295.903
294.251
293.527
293.254
293.164
293.141
293.14
293.142
293.142
293.141
293.136
293.131
293.139
293.182
293.309
293.598
294.132
294.97
296.065
298.609
295.887
294.229
293.512
293.246
293.161
293.142
293.141
293.144
293.145
293.143
293.137
293.132
293.138
293.182
293.312
293.61
294.161
295.021
296.132
298.625
295.872
294.208
293.498
293.239
293.159
293.142
293.143
293.146
293.147
293.146
293.139
293.133
293.138
293.182
293.316
293.623
294.191
295.071
296.194
)
;

boundaryField
{
    wall
    {
        type            zeroGradient;
    }
    inlet
    {
        type            fixedValue;
        value           uniform 303.15;
    }
    outlet
    {
        type            inletOutlet;
        inletValue      uniform 300;
        value           nonuniform List<scalar> 
20
(
299.902
299.952
300
300
300
300
300
300
300
300
300
300
300.002
300.005
300.004
299.997
299.979
299.954
299.921
299.812
)
;
    }
    heatWall
    {
        type            fixedGradient;
        gradient        uniform -1000;
    }
}


// ************************************************************************* //
