/*--------------------------------*- C++ -*----------------------------------*\
  =========                 |
  \\      /  F ield         | OpenFOAM: The Open Source CFD Toolbox
   \\    /   O peration     | Website:  https://openfoam.org
    \\  /    A nd           | Version:  8
     \\/     M anipulation  |
\*---------------------------------------------------------------------------*/
FoamFile
{
    version     2.0;
    format      ascii;
    class       volScalarField;
    location    "100";
    object      T;
}
// * * * * * * * * * * * * * * * * * * * * * * * * * * * * * * * * * * * * * //

dimensions      [0 0 0 1 0 0 0];

internalField   nonuniform List<scalar> 
8400
(
293.224
293.206
293.194
293.185
293.179
293.174
293.172
293.17
293.168
293.168
293.167
293.167
293.166
293.166
293.166
293.165
293.165
293.165
293.165
293.164
293.164
293.164
293.164
293.164
293.164
293.164
293.163
293.163
293.163
293.163
293.163
293.163
293.163
293.163
293.163
293.164
293.164
293.164
293.164
293.164
293.164
293.165
293.165
293.165
293.165
293.166
293.166
293.166
293.166
293.166
293.252
293.232
293.218
293.208
293.2
293.195
293.192
293.189
293.188
293.187
293.186
293.185
293.184
293.184
293.183
293.183
293.182
293.182
293.181
293.181
293.18
293.18
293.18
293.18
293.179
293.179
293.179
293.179
293.178
293.178
293.178
293.178
293.178
293.178
293.178
293.178
293.178
293.178
293.178
293.178
293.178
293.178
293.178
293.178
293.178
293.178
293.178
293.178
293.178
293.178
293.251
293.231
293.217
293.207
293.2
293.195
293.192
293.189
293.188
293.186
293.185
293.185
293.184
293.183
293.183
293.182
293.182
293.182
293.181
293.181
293.18
293.18
293.18
293.18
293.179
293.179
293.179
293.179
293.179
293.179
293.179
293.179
293.179
293.179
293.179
293.179
293.179
293.179
293.179
293.179
293.179
293.179
293.179
293.18
293.18
293.18
293.18
293.18
293.18
293.18
293.241
293.224
293.212
293.203
293.197
293.193
293.19
293.188
293.186
293.185
293.184
293.184
293.183
293.183
293.182
293.182
293.181
293.181
293.181
293.181
293.18
293.18
293.18
293.18
293.179
293.179
293.179
293.179
293.179
293.179
293.179
293.179
293.179
293.179
293.179
293.179
293.179
293.179
293.179
293.179
293.179
293.18
293.18
293.18
293.18
293.18
293.18
293.18
293.181
293.181
293.226
293.213
293.204
293.197
293.192
293.189
293.187
293.185
293.184
293.183
293.183
293.182
293.182
293.181
293.181
293.181
293.18
293.18
293.18
293.179
293.179
293.179
293.179
293.179
293.179
293.179
293.178
293.178
293.178
293.178
293.178
293.178
293.178
293.178
293.178
293.178
293.179
293.179
293.179
293.179
293.179
293.179
293.179
293.18
293.18
293.18
293.18
293.18
293.18
293.181
293.213
293.204
293.197
293.193
293.189
293.187
293.185
293.184
293.183
293.182
293.182
293.181
293.181
293.18
293.18
293.18
293.179
293.179
293.179
293.179
293.179
293.178
293.178
293.178
293.178
293.178
293.178
293.178
293.178
293.178
293.178
293.178
293.178
293.178
293.178
293.178
293.178
293.178
293.178
293.178
293.179
293.179
293.179
293.179
293.179
293.179
293.179
293.18
293.18
293.18
293.231
293.221
293.213
293.206
293.201
293.197
293.194
293.192
293.189
293.188
293.186
293.185
293.184
293.183
293.182
293.182
293.181
293.181
293.18
293.18
293.179
293.179
293.179
293.179
293.178
293.178
293.178
293.178
293.178
293.178
293.178
293.178
293.178
293.177
293.178
293.178
293.178
293.178
293.178
293.178
293.178
293.178
293.178
293.178
293.178
293.178
293.179
293.179
293.179
293.179
293.395
293.366
293.341
293.319
293.3
293.283
293.27
293.258
293.248
293.24
293.233
293.227
293.221
293.217
293.212
293.209
293.205
293.202
293.199
293.197
293.195
293.193
293.191
293.189
293.188
293.186
293.185
293.184
293.183
293.182
293.181
293.181
293.18
293.18
293.179
293.179
293.179
293.178
293.178
293.178
293.178
293.178
293.178
293.178
293.178
293.178
293.178
293.178
293.179
293.179
294.027
293.942
293.863
293.791
293.728
293.672
293.624
293.582
293.545
293.512
293.483
293.457
293.433
293.412
293.393
293.375
293.358
293.343
293.329
293.316
293.303
293.292
293.281
293.271
293.261
293.253
293.245
293.237
293.23
293.224
293.218
293.213
293.208
293.203
293.199
293.196
293.193
293.19
293.188
293.186
293.184
293.183
293.181
293.181
293.18
293.18
293.179
293.179
293.179
293.179
295.583
295.412
295.247
295.095
294.958
294.835
294.724
294.624
294.534
294.451
294.374
294.303
294.237
294.174
294.115
294.059
294.006
293.955
293.906
293.859
293.814
293.77
293.729
293.689
293.65
293.613
293.577
293.543
293.511
293.48
293.45
293.423
293.396
293.372
293.348
293.327
293.307
293.288
293.271
293.256
293.242
293.23
293.22
293.21
293.203
293.197
293.192
293.188
293.186
293.184
297.911
297.715
297.522
297.342
297.175
297.021
296.879
296.747
296.621
296.502
296.388
296.277
296.169
296.064
295.96
295.858
295.757
295.657
295.559
295.461
295.364
295.267
295.172
295.077
294.983
294.89
294.797
294.706
294.615
294.526
294.438
294.351
294.266
294.182
294.099
294.018
293.94
293.862
293.788
293.715
293.646
293.58
293.517
293.459
293.406
293.358
293.317
293.281
293.251
293.228
299.637
299.553
299.467
299.382
299.302
299.225
299.151
299.079
299.007
298.936
298.865
298.792
298.717
298.64
298.561
298.479
298.394
298.307
298.217
298.124
298.028
297.929
297.827
297.722
297.615
297.504
297.39
297.274
297.154
297.031
296.905
296.775
296.642
296.505
296.364
296.218
296.067
295.911
295.749
295.58
295.406
295.225
295.039
294.848
294.654
294.46
294.267
294.078
293.899
293.731
300
299.998
299.996
299.994
299.991
299.988
299.985
299.981
299.977
299.973
299.968
299.963
299.957
299.95
299.942
299.933
299.924
299.912
299.9
299.886
299.87
299.853
299.834
299.813
299.79
299.765
299.737
299.708
299.675
299.641
299.603
299.562
299.518
299.47
299.417
299.36
299.296
299.225
299.145
299.054
298.95
298.829
298.688
298.523
298.328
298.1
297.833
297.524
297.173
296.785
300.001
300.001
300.002
300.002
300.002
300.002
300.002
300.003
300.003
300.003
300.003
300.004
300.004
300.004
300.005
300.005
300.005
300.005
300.006
300.006
300.006
300.006
300.006
300.006
300.006
300.006
300.006
300.005
300.005
300.005
300.004
300.003
300.002
300.001
300
299.998
299.996
299.995
299.992
299.99
299.987
299.984
299.98
299.976
299.972
299.966
299.96
299.953
299.945
299.934
300.002
300.002
300.002
300.003
300.003
300.003
300.004
300.004
300.004
300.005
300.005
300.005
300.006
300.006
300.007
300.007
300.008
300.008
300.008
300.009
300.009
300.01
300.01
300.01
300.011
300.011
300.011
300.011
300.011
300.011
300.011
300.011
300.011
300.011
300.011
300.011
300.01
300.01
300.009
300.008
300.008
300.007
300.005
300.004
300.002
300.001
299.998
299.996
299.992
299.988
300.002
300.003
300.003
300.004
300.004
300.005
300.006
300.006
300.007
300.007
300.008
300.008
300.009
300.01
300.01
300.011
300.011
300.012
300.012
300.013
300.013
300.014
300.014
300.014
300.015
300.015
300.015
300.016
300.016
300.016
300.016
300.016
300.016
300.016
300.016
300.016
300.016
300.016
300.016
300.016
300.016
300.016
300.016
300.016
300.015
300.015
300.014
300.013
300.012
300.01
300.008
300.01
300.011
300.011
300.012
300.013
300.014
300.014
300.015
300.015
300.016
300.016
300.017
300.017
300.018
300.018
300.019
300.019
300.02
300.02
300.02
300.021
300.021
300.021
300.022
300.022
300.022
300.022
300.023
300.023
300.023
300.023
300.023
300.024
300.024
300.024
300.024
300.024
300.025
300.025
300.025
300.026
300.026
300.026
300.027
300.027
300.028
300.028
300.028
300.028
300.002
300.003
300.003
300.003
300.004
300.004
300.005
300.006
300.007
300.008
300.009
300.01
300.011
300.012
300.013
300.014
300.015
300.016
300.017
300.019
300.02
300.021
300.022
300.023
300.024
300.025
300.026
300.027
300.028
300.029
300.03
300.031
300.032
300.033
300.034
300.035
300.035
300.036
300.037
300.038
300.039
300.04
300.041
300.042
300.043
300.044
300.044
300.045
300.046
300.046
300.022
300.026
300.029
300.032
300.035
300.038
300.041
300.043
300.046
300.049
300.051
300.053
300.056
300.058
300.06
300.062
300.064
300.066
300.068
300.07
300.071
300.073
300.075
300.076
300.077
300.079
300.08
300.081
300.083
300.084
300.085
300.086
300.087
300.088
300.088
300.089
300.09
300.091
300.092
300.093
300.093
300.094
300.095
300.096
300.097
300.097
300.098
300.099
300.1
300.1
300.001
300.002
300.002
300.002
300.001
300.001
300.001
300.001
300.001
300.001
300.001
300.001
300.001
300.001
300.001
300.001
300.001
300.001
300.001
300.001
300.001
300.001
300.001
300.001
300.001
300.001
300.001
300.001
300
300
300
300
300
299.999
299.999
299.999
299.999
299.999
299.999
299.999
299.999
299.999
299.999
299.999
300
300
300.001
300.002
300.003
300.004
303.148
303.145
303.143
303.14
303.137
303.135
303.132
303.13
303.127
303.125
303.123
303.12
303.118
303.116
303.113
303.111
303.109
303.107
303.105
303.102
303.1
303.098
303.096
303.094
303.092
303.09
303.088
303.086
303.084
303.082
303.08
303.079
303.077
303.075
303.073
303.071
303.069
303.068
303.066
303.064
303.062
303.061
303.059
303.057
303.056
303.054
303.053
303.052
303.051
303.05
303.15
303.15
303.15
303.15
303.15
303.15
303.15
303.149
303.149
303.149
303.149
303.149
303.148
303.148
303.148
303.148
303.148
303.147
303.147
303.147
303.146
303.146
303.146
303.146
303.145
303.145
303.145
303.144
303.144
303.144
303.143
303.143
303.143
303.142
303.142
303.142
303.141
303.141
303.141
303.141
303.14
303.14
303.14
303.139
303.139
303.139
303.139
303.138
303.138
303.138
303.15
303.15
303.15
303.15
303.15
303.15
303.15
303.15
303.15
303.15
303.15
303.15
303.15
303.15
303.15
303.15
303.15
303.15
303.15
303.15
303.15
303.15
303.15
303.15
303.15
303.15
303.15
303.15
303.15
303.15
303.15
303.15
303.15
303.15
303.15
303.149
303.149
303.149
303.149
303.149
303.149
303.149
303.149
303.149
303.149
303.149
303.149
303.149
303.149
303.149
303.15
303.15
303.15
303.15
303.15
303.15
303.15
303.15
303.15
303.15
303.15
303.15
303.15
303.15
303.15
303.15
303.15
303.15
303.15
303.15
303.15
303.15
303.15
303.15
303.15
303.15
303.15
303.15
303.15
303.15
303.15
303.15
303.15
303.15
303.15
303.15
303.15
303.15
303.15
303.15
303.15
303.15
303.15
303.15
303.15
303.15
303.15
303.15
303.15
303.15
303.15
303.15
303.15
303.15
303.15
303.15
303.15
303.15
303.15
303.15
303.15
303.15
303.15
303.15
303.15
303.15
303.15
303.15
303.15
303.15
303.15
303.15
303.15
303.15
303.15
303.15
303.15
303.15
303.15
303.15
303.15
303.15
303.15
303.15
303.15
303.15
303.15
303.15
303.15
303.15
303.15
303.15
303.15
303.15
303.15
303.15
303.15
303.15
303.15
303.15
303.15
303.15
303.15
303.15
303.15
303.15
303.15
303.15
303.15
303.15
303.15
303.15
303.15
303.15
303.15
303.15
303.15
303.15
303.15
303.15
303.15
303.15
303.15
303.15
303.15
303.15
303.15
303.15
303.15
303.15
303.15
303.15
303.15
303.15
303.15
303.15
303.15
303.15
303.15
303.15
303.15
303.15
303.15
303.15
303.15
303.15
303.15
303.15
303.15
303.15
303.15
303.15
303.15
303.15
303.15
303.15
303.15
303.15
303.15
303.15
303.15
303.15
303.15
303.15
303.15
303.15
303.15
303.15
303.15
303.15
303.15
303.15
303.15
303.15
303.15
303.15
303.15
303.15
303.15
303.15
303.15
303.15
303.15
303.15
303.15
303.15
303.15
303.15
303.15
303.15
303.15
303.15
303.15
303.15
303.15
303.15
303.15
303.15
303.15
303.15
303.15
303.15
303.15
303.15
303.15
303.15
303.15
303.15
303.15
303.15
303.15
303.15
303.15
303.15
303.15
303.15
303.15
303.15
303.15
303.15
303.15
303.15
303.15
303.15
303.15
303.15
303.15
303.15
303.15
303.15
303.15
303.15
303.15
303.15
303.15
303.15
303.15
303.15
303.15
303.15
303.15
303.15
303.15
303.15
303.15
303.15
303.15
303.15
303.15
303.15
303.15
303.15
303.15
303.15
303.15
303.15
303.15
303.15
303.15
303.15
303.15
303.15
303.15
303.15
303.15
303.15
303.15
303.15
303.15
303.15
303.15
303.15
303.15
303.15
303.15
303.15
303.15
303.15
303.15
303.15
303.15
303.15
303.15
303.15
303.15
303.15
303.15
303.15
303.15
303.15
303.15
303.15
303.15
303.15
303.15
303.15
303.15
303.15
303.15
303.15
303.15
303.15
303.15
303.15
303.15
303.15
303.15
303.15
303.15
303.15
303.15
303.15
303.15
303.15
303.15
303.15
303.15
303.15
303.15
303.15
303.15
303.15
303.15
303.15
303.15
303.15
303.15
303.15
303.15
303.15
303.15
303.15
303.15
303.15
303.15
303.15
303.15
303.15
303.15
303.15
303.15
303.15
303.15
303.15
303.15
303.15
303.15
303.15
303.15
303.15
303.15
303.15
303.15
303.15
303.15
303.15
303.15
303.15
303.15
303.15
303.15
303.15
303.15
303.15
303.15
303.15
303.15
303.15
303.15
303.15
303.15
303.15
303.15
303.15
303.15
303.15
303.15
303.15
303.15
303.15
303.15
303.15
303.15
303.15
303.15
303.15
303.15
303.15
303.15
303.15
303.15
303.15
303.15
303.15
303.15
303.15
303.15
303.15
303.15
303.15
303.15
303.15
303.15
303.15
303.15
303.15
303.15
303.15
303.15
303.15
303.15
303.15
303.15
303.15
303.15
303.15
303.15
303.15
303.15
303.15
303.15
303.15
303.15
303.15
303.15
303.15
303.15
303.15
303.15
303.15
303.15
303.15
303.15
303.15
303.15
303.15
303.15
303.15
303.15
303.15
303.15
303.15
303.15
303.15
303.15
303.15
303.15
303.15
303.15
303.15
303.15
303.15
303.15
303.15
303.15
303.15
303.15
303.15
303.15
303.15
303.15
303.15
303.15
303.15
303.15
303.15
303.15
303.15
303.15
303.15
303.15
303.15
303.15
303.15
303.15
303.15
303.15
303.15
303.15
303.15
303.15
303.15
303.15
303.15
303.15
303.15
303.15
303.15
303.15
303.15
303.15
303.15
303.15
303.15
303.15
303.15
303.15
303.15
303.15
303.15
303.15
303.15
303.15
303.15
303.15
303.15
303.15
303.15
303.15
303.15
303.15
303.15
303.15
303.15
303.15
303.15
303.15
303.15
303.15
303.15
303.15
303.15
303.15
303.15
303.15
303.15
303.15
303.15
303.15
303.15
303.15
303.15
303.15
303.15
303.15
303.15
303.15
303.15
303.15
303.15
303.15
303.15
303.15
303.15
303.15
303.15
303.15
303.15
303.15
303.15
303.15
303.15
303.15
303.15
303.15
303.15
303.15
303.15
303.15
303.15
303.15
303.15
303.15
303.15
303.15
303.15
303.15
303.15
303.15
303.15
303.15
303.15
303.15
303.15
303.15
303.15
303.15
303.15
303.15
303.15
303.15
303.15
303.15
303.15
303.15
303.15
303.15
303.15
303.15
303.15
303.15
303.15
303.15
303.15
303.15
303.15
303.15
303.15
303.15
303.15
303.15
303.15
303.15
303.15
303.15
303.15
303.15
303.15
303.15
303.15
303.15
303.15
303.15
303.15
303.15
303.15
303.15
303.15
303.15
303.15
303.15
303.15
303.15
303.15
303.15
303.15
303.15
303.15
303.15
303.15
303.15
303.15
303.15
303.15
303.15
303.15
303.15
303.15
303.15
303.15
303.15
303.15
303.15
303.15
303.15
303.15
303.15
303.15
303.15
303.15
303.15
303.15
303.15
303.15
303.15
303.15
303.15
303.15
303.15
303.15
303.15
303.15
303.15
303.15
303.15
303.15
303.15
303.15
303.15
303.15
303.15
303.15
303.15
303.15
303.15
303.15
303.15
303.15
303.15
303.15
303.15
303.15
303.15
303.15
303.15
303.15
303.15
303.15
303.15
303.15
303.15
303.15
303.15
303.15
303.15
303.15
303.15
303.15
303.15
303.149
303.15
303.15
303.15
303.15
303.15
303.15
303.15
303.15
303.15
303.15
303.15
303.15
303.15
303.15
303.15
303.15
303.15
303.15
303.15
303.15
303.15
303.15
303.15
303.15
303.15
303.15
303.15
303.15
303.15
303.15
303.15
303.15
303.149
303.149
303.149
303.149
303.149
303.149
303.149
303.149
303.149
303.149
303.149
303.149
303.149
303.149
303.148
303.148
303.148
303.148
303.15
303.15
303.15
303.15
303.15
303.15
303.15
303.149
303.149
303.149
303.149
303.149
303.148
303.148
303.148
303.148
303.148
303.147
303.147
303.147
303.146
303.146
303.146
303.146
303.145
303.145
303.145
303.144
303.144
303.144
303.143
303.143
303.142
303.142
303.142
303.141
303.141
303.14
303.14
303.14
303.139
303.139
303.138
303.137
303.137
303.136
303.135
303.135
303.134
303.133
303.148
303.145
303.143
303.14
303.137
303.135
303.132
303.13
303.127
303.125
303.123
303.12
303.118
303.116
303.113
303.111
303.109
303.107
303.105
303.102
303.1
303.098
303.096
303.094
303.092
303.09
303.088
303.086
303.084
303.082
303.08
303.078
303.077
303.075
303.073
303.071
303.069
303.067
303.066
303.064
303.062
303.06
303.059
303.057
303.055
303.053
303.052
303.05
303.048
303.046
293.054
293.098
293.112
293.12
293.126
293.13
293.134
293.138
293.14
293.142
293.144
293.145
293.146
293.146
293.147
293.147
293.148
293.148
293.143
293.072
293.051
293.099
293.114
293.123
293.128
293.132
293.136
293.139
293.141
293.143
293.144
293.145
293.146
293.147
293.147
293.147
293.148
293.148
293.143
293.068
293.049
293.101
293.117
293.126
293.131
293.135
293.138
293.14
293.142
293.144
293.145
293.146
293.147
293.147
293.148
293.148
293.148
293.148
293.142
293.064
293.048
293.104
293.121
293.129
293.133
293.137
293.14
293.142
293.144
293.145
293.146
293.147
293.147
293.148
293.148
293.148
293.149
293.148
293.142
293.06
293.047
293.107
293.124
293.132
293.136
293.139
293.141
293.143
293.145
293.146
293.147
293.147
293.148
293.148
293.148
293.149
293.149
293.149
293.141
293.057
293.046
293.11
293.128
293.135
293.139
293.141
293.143
293.145
293.146
293.147
293.147
293.148
293.148
293.148
293.149
293.149
293.149
293.149
293.141
293.053
293.045
293.113
293.131
293.138
293.141
293.143
293.145
293.146
293.147
293.147
293.148
293.148
293.149
293.149
293.149
293.149
293.149
293.149
293.141
293.049
293.045
293.116
293.134
293.14
293.143
293.145
293.146
293.147
293.148
293.148
293.148
293.149
293.149
293.149
293.149
293.149
293.149
293.149
293.14
293.046
293.045
293.119
293.136
293.143
293.145
293.146
293.147
293.148
293.148
293.149
293.149
293.149
293.149
293.149
293.149
293.149
293.149
293.149
293.14
293.043
293.045
293.122
293.139
293.144
293.146
293.147
293.148
293.148
293.149
293.149
293.149
293.149
293.149
293.149
293.149
293.149
293.149
293.149
293.139
293.04
293.045
293.124
293.141
293.146
293.147
293.148
293.149
293.149
293.149
293.149
293.149
293.15
293.15
293.15
293.15
293.15
293.15
293.149
293.139
293.037
293.045
293.126
293.143
293.147
293.148
293.149
293.149
293.149
293.15
293.15
293.15
293.15
293.15
293.15
293.15
293.15
293.15
293.149
293.138
293.034
293.045
293.128
293.144
293.148
293.149
293.149
293.15
293.15
293.15
293.15
293.15
293.15
293.15
293.15
293.15
293.15
293.15
293.149
293.138
293.032
293.045
293.13
293.145
293.149
293.149
293.15
293.15
293.15
293.15
293.15
293.15
293.15
293.15
293.15
293.15
293.15
293.15
293.149
293.138
293.03
293.045
293.131
293.146
293.149
293.15
293.15
293.15
293.15
293.15
293.15
293.15
293.15
293.15
293.15
293.15
293.15
293.15
293.149
293.137
293.028
293.045
293.132
293.147
293.149
293.15
293.15
293.15
293.15
293.15
293.15
293.15
293.15
293.15
293.15
293.15
293.15
293.15
293.149
293.137
293.026
293.045
293.133
293.147
293.15
293.15
293.15
293.15
293.15
293.15
293.15
293.15
293.15
293.15
293.15
293.15
293.15
293.15
293.149
293.137
293.024
293.045
293.134
293.148
293.15
293.15
293.15
293.15
293.15
293.15
293.15
293.15
293.15
293.15
293.15
293.15
293.15
293.15
293.149
293.136
293.023
293.045
293.135
293.148
293.15
293.15
293.15
293.15
293.15
293.15
293.15
293.15
293.15
293.15
293.15
293.15
293.15
293.15
293.149
293.136
293.021
293.045
293.135
293.149
293.15
293.15
293.15
293.15
293.15
293.15
293.15
293.15
293.15
293.15
293.15
293.15
293.15
293.15
293.149
293.136
293.02
293.045
293.136
293.149
293.15
293.15
293.15
293.15
293.15
293.15
293.15
293.15
293.15
293.15
293.15
293.15
293.15
293.15
293.149
293.136
293.019
293.045
293.136
293.149
293.15
293.15
293.15
293.15
293.15
293.15
293.15
293.15
293.15
293.15
293.15
293.15
293.15
293.15
293.149
293.135
293.018
293.045
293.137
293.149
293.15
293.15
293.15
293.15
293.15
293.15
293.15
293.15
293.15
293.15
293.15
293.15
293.15
293.15
293.149
293.135
293.017
293.044
293.137
293.149
293.15
293.15
293.15
293.15
293.15
293.15
293.15
293.15
293.15
293.15
293.15
293.15
293.15
293.15
293.149
293.135
293.016
293.044
293.137
293.149
293.15
293.15
293.15
293.15
293.15
293.15
293.15
293.15
293.15
293.15
293.15
293.15
293.15
293.15
293.149
293.134
293.016
293.044
293.137
293.149
293.15
293.15
293.15
293.15
293.15
293.15
293.15
293.15
293.15
293.15
293.15
293.15
293.15
293.15
293.149
293.134
293.015
293.044
293.137
293.149
293.15
293.15
293.15
293.15
293.15
293.15
293.15
293.15
293.15
293.15
293.15
293.15
293.15
293.15
293.149
293.134
293.015
293.044
293.138
293.149
293.15
293.15
293.15
293.15
293.15
293.15
293.15
293.15
293.15
293.15
293.15
293.15
293.15
293.15
293.149
293.134
293.014
293.043
293.138
293.149
293.15
293.15
293.15
293.15
293.15
293.15
293.15
293.15
293.15
293.15
293.15
293.15
293.15
293.15
293.149
293.133
293.014
293.043
293.138
293.149
293.15
293.15
293.15
293.15
293.15
293.15
293.15
293.15
293.15
293.15
293.15
293.15
293.15
293.15
293.149
293.133
293.013
293.043
293.138
293.149
293.15
293.15
293.15
293.15
293.15
293.15
293.15
293.15
293.15
293.15
293.15
293.15
293.15
293.15
293.149
293.133
293.013
293.043
293.138
293.149
293.15
293.15
293.15
293.15
293.15
293.15
293.15
293.15
293.15
293.15
293.15
293.15
293.15
293.15
293.149
293.133
293.013
293.043
293.138
293.149
293.15
293.15
293.15
293.15
293.15
293.15
293.15
293.15
293.15
293.15
293.15
293.15
293.15
293.15
293.149
293.132
293.012
293.042
293.138
293.149
293.15
293.15
293.15
293.15
293.15
293.15
293.15
293.15
293.15
293.15
293.15
293.15
293.15
293.15
293.149
293.132
293.012
293.042
293.138
293.149
293.15
293.15
293.15
293.15
293.15
293.15
293.15
293.15
293.15
293.15
293.15
293.15
293.15
293.15
293.149
293.132
293.012
293.042
293.138
293.149
293.15
293.15
293.15
293.15
293.15
293.15
293.15
293.15
293.15
293.15
293.15
293.15
293.15
293.15
293.149
293.132
293.011
293.042
293.137
293.149
293.15
293.15
293.15
293.15
293.15
293.15
293.15
293.15
293.15
293.15
293.15
293.15
293.15
293.15
293.149
293.132
293.011
293.041
293.137
293.149
293.15
293.15
293.15
293.15
293.15
293.15
293.15
293.15
293.15
293.15
293.15
293.15
293.15
293.15
293.149
293.131
293.011
293.041
293.137
293.149
293.15
293.15
293.15
293.15
293.15
293.15
293.15
293.15
293.15
293.15
293.15
293.15
293.15
293.15
293.149
293.131
293.01
293.041
293.137
293.149
293.15
293.15
293.15
293.15
293.15
293.15
293.15
293.15
293.15
293.15
293.15
293.15
293.15
293.15
293.149
293.131
293.01
293.04
293.137
293.149
293.15
293.15
293.15
293.15
293.15
293.15
293.15
293.15
293.15
293.15
293.15
293.15
293.15
293.15
293.149
293.131
293.01
293.04
293.137
293.149
293.15
293.15
293.15
293.15
293.15
293.15
293.15
293.15
293.15
293.15
293.15
293.15
293.15
293.15
293.149
293.131
293.009
293.04
293.137
293.149
293.15
293.15
293.15
293.15
293.15
293.15
293.15
293.15
293.15
293.15
293.15
293.15
293.15
293.15
293.149
293.131
293.009
293.04
293.137
293.149
293.15
293.15
293.15
293.15
293.15
293.15
293.15
293.15
293.15
293.15
293.15
293.15
293.15
293.15
293.149
293.13
293.009
293.039
293.137
293.149
293.15
293.15
293.15
293.15
293.15
293.15
293.15
293.15
293.15
293.15
293.15
293.15
293.15
293.15
293.149
293.13
293.008
293.039
293.137
293.15
293.15
293.15
293.15
293.15
293.15
293.15
293.15
293.15
293.15
293.15
293.15
293.15
293.15
293.15
293.149
293.13
293.008
293.039
293.137
293.15
293.15
293.15
293.15
293.15
293.15
293.15
293.15
293.15
293.15
293.15
293.15
293.15
293.15
293.15
293.149
293.13
293.008
293.038
293.137
293.15
293.15
293.15
293.15
293.15
293.15
293.15
293.15
293.15
293.15
293.15
293.15
293.15
293.15
293.15
293.149
293.13
293.007
293.038
293.137
293.15
293.15
293.15
293.15
293.15
293.15
293.15
293.15
293.15
293.15
293.15
293.15
293.15
293.15
293.15
293.149
293.13
293.007
293.038
293.137
293.15
293.151
293.151
293.151
293.151
293.151
293.151
293.15
293.15
293.15
293.15
293.15
293.15
293.15
293.15
293.149
293.13
293.006
293.038
293.137
293.15
293.151
293.151
293.151
293.151
293.151
293.151
293.151
293.151
293.151
293.151
293.151
293.151
293.151
293.15
293.149
293.13
293.006
293.037
293.137
293.15
293.151
293.151
293.151
293.151
293.151
293.151
293.151
293.151
293.151
293.151
293.151
293.151
293.151
293.151
293.149
293.13
293.006
293.037
293.137
293.15
293.151
293.151
293.151
293.151
293.151
293.151
293.151
293.151
293.151
293.151
293.151
293.151
293.151
293.151
293.149
293.129
293.006
293.037
293.137
293.15
293.151
293.151
293.151
293.151
293.151
293.151
293.151
293.151
293.151
293.151
293.151
293.151
293.151
293.151
293.149
293.13
293.005
293.037
293.137
293.151
293.151
293.152
293.151
293.152
293.151
293.151
293.151
293.151
293.151
293.151
293.151
293.151
293.151
293.151
293.15
293.13
293.005
293.037
293.137
293.151
293.152
293.152
293.152
293.152
293.152
293.152
293.152
293.152
293.152
293.152
293.152
293.152
293.152
293.152
293.15
293.13
293.005
293.037
293.137
293.151
293.152
293.152
293.152
293.152
293.152
293.152
293.152
293.152
293.152
293.152
293.152
293.152
293.152
293.152
293.15
293.13
293.005
293.037
293.138
293.152
293.153
293.153
293.153
293.153
293.153
293.153
293.153
293.153
293.153
293.153
293.153
293.153
293.153
293.153
293.151
293.13
293.005
293.037
293.138
293.153
293.153
293.154
293.153
293.153
293.153
293.153
293.153
293.153
293.153
293.153
293.153
293.153
293.153
293.153
293.151
293.131
293.005
293.038
293.139
293.153
293.154
293.154
293.154
293.154
293.154
293.154
293.154
293.154
293.154
293.154
293.154
293.154
293.154
293.154
293.152
293.131
293.006
293.038
293.14
293.154
293.155
293.155
293.155
293.155
293.155
293.155
293.155
293.155
293.155
293.155
293.155
293.155
293.155
293.155
293.153
293.132
293.006
293.039
293.141
293.155
293.156
293.156
293.156
293.156
293.156
293.156
293.156
293.156
293.156
293.156
293.156
293.156
293.156
293.156
293.154
293.133
293.007
293.04
293.142
293.157
293.158
293.158
293.158
293.158
293.158
293.158
293.158
293.158
293.158
293.158
293.158
293.158
293.158
293.158
293.156
293.134
293.008
293.041
293.144
293.159
293.159
293.16
293.159
293.159
293.159
293.159
293.159
293.159
293.159
293.159
293.159
293.159
293.159
293.159
293.157
293.135
293.009
293.043
293.145
293.161
293.162
293.162
293.161
293.161
293.161
293.161
293.161
293.161
293.161
293.161
293.161
293.161
293.161
293.161
293.159
293.137
293.01
293.045
293.148
293.163
293.164
293.164
293.164
293.164
293.164
293.164
293.164
293.164
293.164
293.164
293.164
293.164
293.164
293.164
293.162
293.139
293.012
293.047
293.15
293.166
293.167
293.167
293.167
293.167
293.166
293.166
293.166
293.166
293.166
293.166
293.167
293.167
293.167
293.167
293.164
293.142
293.015
293.051
293.154
293.169
293.17
293.17
293.17
293.17
293.17
293.17
293.17
293.17
293.17
293.17
293.17
293.17
293.17
293.17
293.168
293.145
293.018
293.054
293.158
293.174
293.175
293.174
293.174
293.174
293.174
293.174
293.174
293.174
293.174
293.174
293.174
293.174
293.174
293.174
293.172
293.149
293.022
293.059
293.162
293.178
293.179
293.179
293.179
293.179
293.179
293.179
293.179
293.179
293.179
293.179
293.179
293.179
293.179
293.179
293.177
293.154
293.026
293.064
293.168
293.184
293.185
293.185
293.185
293.185
293.184
293.184
293.184
293.184
293.184
293.184
293.184
293.185
293.185
293.185
293.183
293.159
293.032
293.071
293.175
293.191
293.192
293.192
293.191
293.191
293.191
293.191
293.191
293.191
293.191
293.191
293.191
293.191
293.192
293.192
293.189
293.166
293.038
293.079
293.182
293.199
293.2
293.2
293.199
293.199
293.199
293.199
293.199
293.199
293.199
293.199
293.199
293.199
293.2
293.2
293.197
293.173
293.046
293.088
293.192
293.209
293.209
293.209
293.209
293.208
293.208
293.208
293.208
293.208
293.208
293.208
293.208
293.209
293.209
293.209
293.207
293.183
293.055
293.099
293.202
293.22
293.22
293.22
293.22
293.219
293.219
293.219
293.219
293.219
293.219
293.219
293.219
293.219
293.22
293.22
293.217
293.193
293.066
293.112
293.215
293.232
293.233
293.233
293.232
293.232
293.231
293.231
293.231
293.231
293.231
293.231
293.232
293.232
293.232
293.233
293.23
293.206
293.079
293.126
293.23
293.247
293.248
293.248
293.247
293.246
293.246
293.246
293.246
293.246
293.246
293.246
293.246
293.247
293.247
293.247
293.245
293.22
293.093
293.144
293.247
293.265
293.265
293.265
293.264
293.263
293.263
293.262
293.262
293.262
293.262
293.263
293.263
293.263
293.264
293.264
293.262
293.237
293.111
293.164
293.266
293.284
293.285
293.284
293.283
293.283
293.282
293.282
293.282
293.282
293.282
293.282
293.282
293.283
293.284
293.284
293.282
293.257
293.13
293.186
293.289
293.307
293.308
293.307
293.306
293.305
293.304
293.304
293.304
293.304
293.304
293.304
293.305
293.305
293.306
293.307
293.304
293.279
293.153
293.213
293.315
293.334
293.334
293.333
293.331
293.331
293.33
293.33
293.329
293.329
293.329
293.33
293.33
293.331
293.332
293.333
293.33
293.305
293.18
293.243
293.344
293.363
293.364
293.363
293.361
293.36
293.359
293.359
293.358
293.358
293.358
293.359
293.36
293.36
293.362
293.362
293.36
293.334
293.21
293.278
293.378
293.398
293.398
293.396
293.394
293.393
293.392
293.392
293.392
293.391
293.392
293.392
293.393
293.394
293.395
293.396
293.394
293.368
293.245
293.317
293.416
293.436
293.436
293.435
293.433
293.431
293.43
293.43
293.429
293.429
293.429
293.43
293.431
293.432
293.433
293.434
293.432
293.406
293.284
293.361
293.46
293.48
293.48
293.478
293.476
293.474
293.473
293.472
293.472
293.472
293.472
293.472
293.473
293.475
293.476
293.478
293.475
293.45
293.328
293.411
293.509
293.529
293.529
293.527
293.524
293.522
293.521
293.52
293.52
293.52
293.52
293.52
293.522
293.523
293.525
293.527
293.524
293.498
293.378
293.467
293.564
293.585
293.584
293.582
293.579
293.577
293.575
293.574
293.574
293.574
293.574
293.574
293.576
293.577
293.58
293.581
293.579
293.553
293.435
293.53
293.625
293.647
293.646
293.643
293.64
293.638
293.636
293.635
293.634
293.634
293.634
293.635
293.636
293.638
293.641
293.643
293.641
293.615
293.498
293.6
293.694
293.716
293.714
293.711
293.708
293.705
293.703
293.702
293.701
293.701
293.702
293.702
293.704
293.706
293.709
293.711
293.709
293.683
293.568
293.678
293.77
293.792
293.791
293.787
293.783
293.781
293.778
293.777
293.776
293.776
293.776
293.777
293.779
293.782
293.785
293.787
293.786
293.76
293.646
293.765
293.855
293.877
293.875
293.872
293.867
293.864
293.862
293.86
293.859
293.859
293.859
293.861
293.863
293.865
293.869
293.872
293.87
293.844
293.733
293.86
293.948
293.971
293.969
293.965
293.96
293.956
293.953
293.952
293.951
293.951
293.951
293.952
293.954
293.957
293.961
293.964
293.963
293.937
293.828
293.965
294.051
294.074
294.071
294.067
294.061
294.058
294.054
294.053
294.052
294.051
294.052
294.053
294.056
294.059
294.063
294.067
294.066
294.04
293.933
294.079
294.163
294.187
294.184
294.179
294.173
294.169
294.165
294.163
294.162
294.162
294.162
294.164
294.166
294.17
294.174
294.178
294.178
294.152
294.048
294.204
294.286
294.31
294.306
294.3
294.294
294.29
294.286
294.284
294.282
294.282
294.282
294.284
294.287
294.291
294.296
294.3
294.3
294.275
294.173
294.34
294.419
294.443
294.439
294.433
294.426
294.421
294.417
294.415
294.413
294.413
294.413
294.415
294.418
294.423
294.428
294.433
294.433
294.408
294.309
294.486
294.564
294.588
294.583
294.576
294.569
294.563
294.559
294.556
294.555
294.554
294.555
294.557
294.56
294.565
294.571
294.576
294.577
294.552
294.456
294.644
294.719
294.743
294.738
294.731
294.723
294.717
294.712
294.709
294.708
294.707
294.708
294.71
294.714
294.719
294.725
294.731
294.731
294.707
294.615
294.813
294.886
294.91
294.905
294.897
294.888
294.882
294.877
294.874
294.872
294.871
294.872
294.874
294.878
294.884
294.891
294.897
294.898
294.874
294.785
294.994
295.064
295.089
295.083
295.074
295.065
295.058
295.053
295.049
295.047
295.047
295.048
295.05
295.054
295.06
295.067
295.074
295.076
295.052
294.966
295.186
295.254
295.279
295.272
295.263
295.253
295.246
295.24
295.236
295.234
295.234
295.235
295.237
295.242
295.248
295.256
295.263
295.265
295.242
295.159
295.39
295.456
295.481
295.473
295.463
295.453
295.445
295.439
295.435
295.433
295.432
295.433
295.436
295.441
295.447
295.456
295.463
295.466
295.443
295.364
295.605
295.668
295.693
295.685
295.675
295.664
295.656
295.649
295.645
295.642
295.642
295.643
295.646
295.651
295.658
295.667
295.675
295.678
295.656
295.579
295.83
295.892
295.917
295.908
295.897
295.885
295.877
295.87
295.865
295.863
295.862
295.863
295.866
295.872
295.879
295.889
295.897
295.9
295.879
295.806
296.066
296.125
296.15
296.141
296.13
296.117
296.108
296.101
296.096
296.094
296.093
296.094
296.097
296.103
296.111
296.121
296.13
296.133
296.112
296.042
296.312
296.369
296.394
296.384
296.372
296.359
296.35
296.342
296.337
296.334
296.334
296.335
296.338
296.344
296.352
296.363
296.372
296.376
296.356
296.289
296.566
296.621
296.646
296.636
296.623
296.61
296.6
296.592
296.587
296.584
296.583
296.585
296.588
296.595
296.603
296.614
296.624
296.628
296.608
296.544
296.828
296.882
296.906
296.896
296.883
296.869
296.859
296.851
296.845
296.842
296.841
296.843
296.847
296.853
296.862
296.873
296.883
296.888
296.869
296.807
297.097
297.15
297.174
297.163
297.15
297.136
297.125
297.116
297.111
297.108
297.107
297.108
297.112
297.119
297.128
297.139
297.15
297.155
297.136
297.077
297.371
297.424
297.448
297.437
297.423
297.408
297.397
297.388
297.383
297.38
297.379
297.38
297.384
297.391
297.4
297.412
297.423
297.428
297.41
297.352
297.65
297.702
297.726
297.715
297.7
297.686
297.674
297.666
297.66
297.656
297.655
297.657
297.661
297.668
297.677
297.689
297.701
297.706
297.688
297.632
297.933
297.984
298.008
297.996
297.982
297.967
297.955
297.946
297.94
297.937
297.936
297.938
297.942
297.949
297.958
297.971
297.982
297.988
297.971
297.916
298.217
298.269
298.292
298.28
298.265
298.25
298.239
298.23
298.223
298.22
298.219
298.221
298.225
298.232
298.242
298.254
298.266
298.272
298.255
298.201
298.502
298.554
298.576
298.565
298.55
298.535
298.523
298.514
298.508
298.504
298.503
298.505
298.509
298.517
298.526
298.539
298.55
298.557
298.54
298.486
298.785
298.838
298.86
298.848
298.833
298.819
298.807
298.798
298.791
298.788
298.787
298.789
298.793
298.8
298.81
298.822
298.834
298.841
298.824
298.771
299.066
299.12
299.142
299.13
299.115
299.1
299.089
299.08
299.073
299.07
299.069
299.071
299.075
299.082
299.092
299.104
299.116
299.123
299.106
299.053
299.344
299.399
299.42
299.408
299.393
299.379
299.367
299.358
299.352
299.349
299.348
299.349
299.354
299.361
299.371
299.383
299.395
299.401
299.384
299.331
299.615
299.672
299.693
299.682
299.667
299.653
299.641
299.632
299.626
299.623
299.622
299.623
299.628
299.635
299.644
299.656
299.668
299.674
299.658
299.603
299.88
299.939
299.959
299.948
299.934
299.92
299.909
299.9
299.894
299.891
299.89
299.891
299.896
299.903
299.912
299.924
299.935
299.941
299.925
299.869
300.138
300.198
300.218
300.208
300.193
300.18
300.169
300.161
300.155
300.151
300.15
300.152
300.156
300.163
300.172
300.184
300.195
300.201
300.184
300.126
300.386
300.449
300.468
300.458
300.444
300.431
300.421
300.412
300.407
300.404
300.402
300.404
300.408
300.415
300.424
300.435
300.446
300.451
300.434
300.375
300.624
300.689
300.708
300.698
300.685
300.673
300.662
300.655
300.649
300.646
300.645
300.647
300.651
300.657
300.666
300.676
300.687
300.692
300.675
300.613
300.851
300.919
300.937
300.928
300.915
300.903
300.894
300.886
300.881
300.878
300.877
300.879
300.882
300.889
300.897
300.907
300.917
300.922
300.904
300.84
301.066
301.136
301.155
301.146
301.134
301.123
301.113
301.106
301.101
301.098
301.097
301.099
301.103
301.109
301.116
301.126
301.135
301.14
301.122
301.055
301.268
301.342
301.36
301.352
301.34
301.33
301.321
301.314
301.309
301.307
301.306
301.307
301.311
301.316
301.324
301.333
301.342
301.346
301.328
301.258
301.458
301.535
301.553
301.545
301.534
301.524
301.516
301.509
301.505
301.502
301.501
301.503
301.506
301.512
301.519
301.527
301.535
301.539
301.521
301.448
301.635
301.714
301.732
301.725
301.714
301.705
301.697
301.691
301.687
301.685
301.684
301.686
301.689
301.694
301.7
301.708
301.716
301.719
301.7
301.625
301.799
301.88
301.898
301.891
301.882
301.873
301.866
301.86
301.857
301.854
301.854
301.855
301.858
301.863
301.869
301.876
301.883
301.886
301.867
301.788
301.949
302.034
302.051
302.045
302.036
302.028
302.021
302.016
302.013
302.011
302.01
302.011
302.014
302.018
302.024
302.031
302.038
302.039
302.02
301.939
302.087
302.173
302.19
302.185
302.177
302.17
302.164
302.159
302.156
302.154
302.153
302.155
302.157
302.161
302.166
302.173
302.178
302.18
302.16
302.076
302.211
302.3
302.317
302.312
302.305
302.299
302.293
302.289
302.286
302.284
302.284
302.285
302.287
302.291
302.295
302.301
302.307
302.308
302.287
302.2
302.324
302.415
302.432
302.427
302.421
302.415
302.41
302.406
302.403
302.402
302.402
302.403
302.405
302.408
302.412
302.417
302.422
302.423
302.401
302.312
302.425
302.518
302.534
302.531
302.525
302.519
302.515
302.511
302.509
302.508
302.507
302.508
302.51
302.513
302.517
302.522
302.526
302.526
302.504
302.413
302.514
302.609
302.625
302.622
302.617
302.612
302.608
302.605
302.603
302.602
302.602
302.603
302.604
302.607
302.61
302.614
302.618
302.618
302.596
302.502
302.593
302.69
302.706
302.703
302.699
302.695
302.691
302.688
302.686
302.685
302.685
302.686
302.688
302.69
302.693
302.697
302.7
302.699
302.677
302.581
302.663
302.761
302.777
302.775
302.77
302.767
302.764
302.761
302.76
302.759
302.759
302.759
302.761
302.763
302.765
302.769
302.771
302.77
302.747
302.65
302.723
302.823
302.838
302.836
302.833
302.83
302.827
302.825
302.824
302.823
302.823
302.823
302.825
302.826
302.829
302.831
302.834
302.832
302.809
302.711
302.776
302.876
302.891
302.89
302.887
302.884
302.882
302.88
302.879
302.878
302.878
302.879
302.88
302.881
302.883
302.886
302.888
302.886
302.863
302.763
302.821
302.922
302.937
302.936
302.933
302.931
302.929
302.928
302.927
302.926
302.926
302.926
302.927
302.929
302.93
302.932
302.934
302.932
302.908
302.808
302.859
302.961
302.976
302.975
302.973
302.971
302.969
302.968
302.967
302.967
302.967
302.967
302.968
302.969
302.97
302.972
302.973
302.971
302.948
302.846
302.892
302.994
303.009
303.008
303.006
303.005
303.003
303.002
303.001
303.001
303.001
303.001
303.002
303.003
303.004
303.006
303.007
303.004
302.981
302.879
302.92
303.021
303.036
303.036
303.034
303.033
303.032
303.031
303.03
303.03
303.03
303.03
303.031
303.032
303.033
303.034
303.035
303.032
303.008
302.906
302.943
303.044
303.059
303.059
303.058
303.056
303.055
303.055
303.054
303.054
303.054
303.054
303.055
303.055
303.056
303.057
303.058
303.055
303.031
302.929
302.962
303.063
303.078
303.078
303.077
303.076
303.075
303.074
303.074
303.074
303.074
303.074
303.074
303.075
303.076
303.077
303.077
303.073
303.05
302.949
302.978
303.079
303.093
303.093
303.092
303.092
303.091
303.091
303.09
303.09
303.09
303.09
303.091
303.091
303.092
303.092
303.092
303.089
303.066
302.965
302.991
303.092
303.105
303.106
303.105
303.105
303.104
303.104
303.103
303.103
303.103
303.103
303.104
303.104
303.105
303.105
303.105
303.102
303.079
302.978
303.001
303.102
303.115
303.116
303.115
303.115
303.115
303.114
303.114
303.114
303.114
303.114
303.114
303.115
303.115
303.115
303.115
303.112
303.089
302.989
303.01
303.11
303.123
303.124
303.124
303.123
303.123
303.123
303.122
303.122
303.122
303.122
303.123
303.123
303.123
303.123
303.123
303.12
303.098
302.998
303.017
303.116
303.129
303.13
303.13
303.13
303.129
303.129
303.129
303.129
303.129
303.129
303.129
303.129
303.13
303.13
303.13
303.126
303.104
303.006
303.023
303.121
303.134
303.135
303.135
303.135
303.135
303.134
303.134
303.134
303.134
303.134
303.134
303.135
303.135
303.135
303.135
303.131
303.11
303.012
303.028
303.125
303.138
303.139
303.139
303.139
303.139
303.138
303.138
303.138
303.138
303.138
303.138
303.139
303.139
303.139
303.138
303.135
303.114
303.017
303.032
303.128
303.141
303.142
303.142
303.142
303.142
303.141
303.141
303.141
303.141
303.141
303.141
303.142
303.142
303.142
303.141
303.138
303.117
303.022
303.036
303.131
303.143
303.144
303.144
303.144
303.144
303.144
303.144
303.144
303.144
303.144
303.144
303.144
303.144
303.144
303.144
303.14
303.12
303.026
303.038
303.133
303.145
303.146
303.146
303.146
303.146
303.146
303.145
303.145
303.145
303.146
303.146
303.146
303.146
303.146
303.145
303.142
303.122
303.029
303.041
303.134
303.146
303.147
303.147
303.147
303.147
303.147
303.147
303.147
303.147
303.147
303.147
303.147
303.147
303.147
303.146
303.143
303.124
303.032
303.043
303.135
303.147
303.148
303.148
303.148
303.148
303.148
303.148
303.148
303.148
303.148
303.148
303.148
303.148
303.148
303.147
303.144
303.126
303.035
303.045
303.136
303.148
303.148
303.148
303.148
303.148
303.148
303.148
303.148
303.148
303.148
303.148
303.148
303.148
303.148
303.148
303.145
303.127
303.037
303.046
303.137
303.148
303.149
303.149
303.149
303.149
303.149
303.149
303.149
303.149
303.149
303.149
303.149
303.149
303.149
303.149
303.146
303.129
303.04
303.048
303.137
303.148
303.149
303.149
303.149
303.149
303.149
303.149
303.149
303.149
303.149
303.149
303.149
303.149
303.149
303.149
303.147
303.13
303.042
303.049
303.138
303.149
303.149
303.15
303.15
303.15
303.15
303.15
303.15
303.15
303.15
303.15
303.15
303.15
303.15
303.149
303.147
303.131
303.044
300.006
300.101
300.046
300.027
300.007
299.982
299.921
296.382
293.579
293.211
293.183
293.18
293.179
293.179
293.18
293.181
293.181
293.18
293.178
293.166
300.009
300.102
300.047
300.026
300.004
299.976
299.906
295.951
293.451
293.199
293.183
293.18
293.179
293.179
293.18
293.181
293.181
293.181
293.178
293.166
300.011
300.103
300.046
300.025
299.999
299.967
299.887
295.525
293.358
293.194
293.184
293.18
293.179
293.18
293.18
293.181
293.181
293.181
293.178
293.167
300.013
300.104
300.046
300.022
299.993
299.956
299.865
295.107
293.293
293.192
293.184
293.181
293.179
293.18
293.18
293.181
293.181
293.181
293.178
293.167
300.014
300.104
300.045
300.018
299.984
299.942
299.838
294.703
293.25
293.192
293.185
293.181
293.18
293.18
293.181
293.181
293.181
293.181
293.178
293.167
300.016
300.104
300.042
300.011
299.973
299.925
299.805
294.326
293.225
293.192
293.186
293.181
293.18
293.18
293.181
293.181
293.181
293.181
293.178
293.167
300.018
300.104
300.039
300.003
299.958
299.902
299.765
293.993
293.212
293.194
293.187
293.182
293.18
293.18
293.181
293.181
293.181
293.181
293.178
293.167
300.019
300.103
300.033
299.991
299.938
299.874
299.712
293.716
293.206
293.195
293.188
293.182
293.18
293.18
293.181
293.181
293.181
293.181
293.178
293.167
300.02
300.101
300.026
299.976
299.913
299.838
299.635
293.508
293.205
293.197
293.189
293.183
293.18
293.18
293.18
293.181
293.181
293.18
293.178
293.168
300.02
300.098
300.015
299.955
299.881
299.793
299.506
293.37
293.206
293.199
293.19
293.183
293.18
293.18
293.18
293.181
293.181
293.18
293.178
293.168
300.02
300.093
300.001
299.929
299.841
299.736
299.287
293.293
293.209
293.201
293.192
293.184
293.18
293.18
293.18
293.181
293.181
293.18
293.178
293.168
300.018
300.087
299.983
299.895
299.791
299.66
298.93
293.268
293.212
293.204
293.193
293.185
293.18
293.179
293.18
293.18
293.18
293.18
293.177
293.167
300.015
300.079
299.959
299.853
299.729
299.556
298.444
293.261
293.215
293.206
293.195
293.185
293.181
293.179
293.18
293.18
293.18
293.18
293.177
293.167
300.011
300.067
299.929
299.801
299.653
299.407
297.876
293.256
293.219
293.209
293.197
293.186
293.181
293.179
293.179
293.18
293.18
293.179
293.177
293.167
300.004
300.053
299.892
299.737
299.558
299.206
297.27
293.253
293.223
293.212
293.199
293.188
293.181
293.179
293.179
293.18
293.179
293.179
293.177
293.167
299.995
300.034
299.846
299.66
299.442
298.948
296.668
293.252
293.229
293.215
293.202
293.189
293.181
293.179
293.179
293.179
293.179
293.179
293.176
293.167
299.982
300.011
299.79
299.567
299.301
298.636
296.102
293.252
293.235
293.219
293.204
293.19
293.182
293.179
293.178
293.179
293.179
293.178
293.176
293.167
299.967
299.981
299.722
299.458
299.131
298.277
295.591
293.255
293.242
293.222
293.207
293.192
293.182
293.179
293.178
293.178
293.178
293.178
293.176
293.167
299.947
299.946
299.643
299.331
298.933
297.881
295.143
293.26
293.251
293.226
293.21
293.193
293.183
293.178
293.178
293.178
293.178
293.178
293.175
293.167
299.922
299.903
299.551
299.185
298.705
297.463
294.76
293.267
293.262
293.231
293.212
293.195
293.184
293.179
293.177
293.178
293.178
293.177
293.175
293.166
299.893
299.852
299.444
299.021
298.451
297.038
294.44
293.277
293.275
293.235
293.215
293.197
293.184
293.179
293.177
293.177
293.177
293.177
293.175
293.166
299.857
299.792
299.324
298.838
298.175
296.619
294.178
293.29
293.29
293.241
293.218
293.199
293.185
293.179
293.177
293.177
293.177
293.177
293.175
293.166
299.815
299.722
299.189
298.639
297.883
296.22
293.967
293.305
293.308
293.246
293.221
293.202
293.186
293.179
293.177
293.177
293.177
293.176
293.174
293.166
299.767
299.643
299.04
298.426
297.582
295.851
293.803
293.324
293.329
293.253
293.225
293.204
293.188
293.179
293.177
293.177
293.176
293.176
293.174
293.166
299.71
299.553
298.878
298.201
297.281
295.521
293.679
293.345
293.352
293.26
293.228
293.206
293.189
293.18
293.177
293.176
293.176
293.176
293.174
293.166
299.646
299.453
298.705
297.968
296.988
295.237
293.587
293.368
293.378
293.268
293.231
293.208
293.19
293.18
293.177
293.176
293.176
293.176
293.174
293.166
299.574
299.341
298.521
297.732
296.711
295.002
293.524
293.393
293.405
293.276
293.234
293.211
293.191
293.181
293.177
293.176
293.176
293.175
293.174
293.166
299.492
299.218
298.331
297.498
296.457
294.818
293.482
293.416
293.432
293.284
293.237
293.213
293.193
293.181
293.177
293.176
293.175
293.175
293.173
293.166
299.401
299.083
298.135
297.268
296.228
294.68
293.462
293.437
293.459
293.293
293.241
293.215
293.194
293.182
293.177
293.176
293.175
293.175
293.173
293.166
299.299
298.934
297.935
297.047
296.024
294.58
293.46
293.459
293.484
293.302
293.244
293.217
293.196
293.183
293.177
293.176
293.175
293.175
293.173
293.166
299.187
298.773
297.732
296.835
295.844
294.511
293.478
293.483
293.506
293.31
293.247
293.219
293.197
293.184
293.178
293.176
293.175
293.175
293.173
293.166
299.065
298.6
297.522
296.635
295.687
294.469
293.518
293.517
293.525
293.317
293.25
293.221
293.199
293.184
293.178
293.176
293.175
293.175
293.173
293.166
298.931
298.415
297.305
296.441
295.552
294.449
293.581
293.576
293.539
293.324
293.253
293.223
293.2
293.185
293.178
293.176
293.175
293.175
293.173
293.166
298.788
298.22
297.084
296.249
295.432
294.449
293.667
293.662
293.55
293.329
293.256
293.225
293.201
293.186
293.179
293.176
293.175
293.175
293.173
293.166
298.634
298.015
296.859
296.049
295.317
294.457
293.768
293.753
293.559
293.332
293.258
293.227
293.203
293.187
293.179
293.176
293.175
293.175
293.173
293.166
298.47
297.803
296.634
295.846
295.189
294.465
293.877
293.837
293.562
293.333
293.259
293.229
293.204
293.187
293.179
293.176
293.175
293.175
293.173
293.167
298.298
297.583
296.409
295.642
295.048
294.447
293.973
293.896
293.555
293.331
293.261
293.23
293.205
293.188
293.18
293.176
293.175
293.175
293.173
293.167
298.117
297.357
296.185
295.441
294.898
294.398
294.026
293.902
293.539
293.328
293.261
293.231
293.206
293.189
293.18
293.177
293.175
293.175
293.173
293.167
297.929
297.128
295.965
295.245
294.745
294.324
294.026
293.866
293.517
293.323
293.262
293.233
293.207
293.189
293.18
293.177
293.175
293.174
293.173
293.167
297.735
296.897
295.749
295.056
294.593
294.231
293.986
293.814
293.492
293.317
293.262
293.234
293.207
293.189
293.18
293.177
293.175
293.174
293.174
293.167
297.536
296.666
295.54
294.875
294.446
294.13
293.921
293.753
293.464
293.31
293.262
293.234
293.208
293.19
293.18
293.177
293.175
293.174
293.174
293.168
297.334
296.437
295.338
294.703
294.306
294.027
293.845
293.69
293.437
293.304
293.263
293.235
293.208
293.19
293.18
293.176
293.175
293.174
293.174
293.168
297.13
296.211
295.144
294.542
294.175
293.927
293.767
293.628
293.41
293.298
293.263
293.236
293.209
293.19
293.18
293.176
293.175
293.174
293.174
293.168
296.925
295.99
294.961
294.393
294.055
293.833
293.692
293.571
293.385
293.293
293.263
293.236
293.209
293.19
293.18
293.176
293.175
293.174
293.174
293.168
296.721
295.776
294.789
294.256
293.946
293.748
293.623
293.519
293.363
293.288
293.263
293.237
293.209
293.19
293.18
293.176
293.175
293.174
293.174
293.169
296.518
295.57
294.629
294.131
293.848
293.672
293.562
293.473
293.344
293.285
293.264
293.237
293.209
293.19
293.18
293.176
293.175
293.174
293.174
293.169
296.32
295.374
294.481
294.019
293.761
293.604
293.508
293.434
293.328
293.283
293.265
293.237
293.209
293.189
293.18
293.176
293.175
293.174
293.174
293.169
296.125
295.187
294.345
293.918
293.685
293.546
293.462
293.4
293.315
293.282
293.265
293.237
293.208
293.189
293.179
293.175
293.174
293.174
293.174
293.17
295.936
295.012
294.222
293.829
293.619
293.496
293.424
293.372
293.304
293.281
293.266
293.237
293.208
293.189
293.179
293.175
293.174
293.174
293.175
293.17
295.752
294.849
294.111
293.751
293.562
293.454
293.391
293.349
293.297
293.282
293.267
293.237
293.208
293.188
293.179
293.175
293.174
293.175
293.175
293.17
295.576
294.697
294.011
293.683
293.514
293.419
293.365
293.331
293.292
293.283
293.268
293.237
293.207
293.188
293.178
293.175
293.174
293.175
293.175
293.171
295.407
294.556
293.923
293.625
293.474
293.39
293.344
293.316
293.289
293.285
293.269
293.236
293.206
293.187
293.178
293.175
293.174
293.175
293.176
293.171
295.246
294.428
293.845
293.575
293.44
293.367
293.327
293.305
293.287
293.287
293.269
293.236
293.205
293.186
293.178
293.175
293.175
293.175
293.176
293.172
295.094
294.311
293.776
293.533
293.412
293.348
293.315
293.298
293.287
293.289
293.27
293.235
293.204
293.186
293.177
293.175
293.175
293.176
293.176
293.172
294.95
294.205
293.717
293.497
293.39
293.334
293.306
293.293
293.289
293.292
293.27
293.233
293.203
293.185
293.177
293.175
293.175
293.176
293.177
293.173
294.815
294.109
293.665
293.468
293.373
293.323
293.299
293.29
293.292
293.295
293.27
293.232
293.202
293.184
293.176
293.174
293.175
293.176
293.177
293.173
294.688
294.023
293.621
293.443
293.359
293.316
293.295
293.289
293.295
293.297
293.269
293.23
293.2
293.183
293.176
293.174
293.175
293.177
293.178
293.173
294.571
293.946
293.583
293.424
293.348
293.31
293.293
293.289
293.3
293.3
293.268
293.228
293.198
293.182
293.176
293.174
293.176
293.177
293.178
293.174
294.462
293.878
293.55
293.408
293.341
293.307
293.293
293.291
293.305
293.301
293.266
293.226
293.196
293.181
293.175
293.175
293.176
293.177
293.178
293.174
294.361
293.818
293.523
293.395
293.336
293.306
293.294
293.295
293.31
293.303
293.264
293.223
293.194
293.18
293.175
293.175
293.176
293.178
293.179
293.174
294.269
293.765
293.5
293.386
293.333
293.307
293.297
293.299
293.316
293.304
293.262
293.22
293.192
293.179
293.174
293.175
293.176
293.178
293.179
293.174
294.185
293.72
293.482
293.379
293.331
293.308
293.3
293.305
293.322
293.304
293.258
293.217
293.19
293.178
293.174
293.175
293.176
293.178
293.179
293.174
294.109
293.681
293.466
293.374
293.332
293.311
293.305
293.313
293.328
293.303
293.255
293.213
293.188
293.176
293.174
293.174
293.176
293.178
293.179
293.174
294.041
293.648
293.455
293.372
293.334
293.316
293.311
293.321
293.334
293.301
293.25
293.209
293.185
293.175
293.173
293.174
293.176
293.178
293.179
293.174
293.98
293.621
293.447
293.371
293.337
293.322
293.318
293.332
293.338
293.299
293.245
293.205
293.183
293.174
293.173
293.174
293.176
293.178
293.179
293.173
293.927
293.6
293.442
293.373
293.342
293.329
293.327
293.343
293.341
293.295
293.24
293.201
293.181
293.173
293.172
293.174
293.175
293.177
293.178
293.173
293.88
293.584
293.441
293.378
293.35
293.338
293.338
293.355
293.343
293.29
293.234
293.197
293.178
293.172
293.171
293.173
293.175
293.176
293.177
293.172
293.84
293.574
293.444
293.385
293.359
293.349
293.35
293.366
293.343
293.284
293.228
293.193
293.176
293.171
293.171
293.172
293.174
293.175
293.177
293.17
293.807
293.568
293.45
293.395
293.371
293.363
293.365
293.376
293.341
293.277
293.222
293.188
293.174
293.169
293.17
293.171
293.173
293.174
293.175
293.169
293.779
293.567
293.46
293.408
293.386
293.378
293.381
293.384
293.336
293.269
293.215
293.184
293.172
293.168
293.169
293.17
293.172
293.173
293.174
293.167
293.756
293.569
293.472
293.423
293.402
293.395
293.398
293.388
293.33
293.26
293.208
293.18
293.17
293.167
293.168
293.169
293.17
293.172
293.173
293.165
293.737
293.573
293.486
293.44
293.419
293.413
293.413
293.389
293.32
293.25
293.202
293.177
293.168
293.166
293.166
293.167
293.169
293.17
293.171
293.162
293.72
293.578
293.499
293.456
293.436
293.428
293.425
293.384
293.309
293.24
293.195
293.173
293.166
293.164
293.165
293.166
293.167
293.168
293.169
293.159
293.704
293.582
293.512
293.471
293.451
293.441
293.429
293.375
293.296
293.229
293.189
293.17
293.164
293.163
293.163
293.164
293.165
293.166
293.166
293.155
293.688
293.584
293.52
293.482
293.46
293.447
293.425
293.36
293.28
293.218
293.183
293.167
293.162
293.161
293.161
293.162
293.163
293.164
293.163
293.151
293.671
293.581
293.524
293.487
293.463
293.446
293.413
293.342
293.265
293.208
293.177
293.164
293.16
293.159
293.159
293.16
293.16
293.161
293.16
293.146
293.651
293.574
293.521
293.485
293.458
293.437
293.395
293.321
293.248
293.198
293.172
293.162
293.159
293.158
293.157
293.157
293.158
293.158
293.156
293.14
293.627
293.56
293.511
293.475
293.446
293.42
293.372
293.299
293.232
293.189
293.168
293.16
293.157
293.156
293.155
293.155
293.155
293.154
293.152
293.134
293.599
293.54
293.494
293.457
293.427
293.398
293.346
293.276
293.217
293.181
293.164
293.158
293.155
293.154
293.153
293.153
293.152
293.151
293.147
293.127
293.567
293.514
293.471
293.434
293.402
293.371
293.319
293.254
293.203
293.174
293.161
293.156
293.154
293.153
293.152
293.151
293.15
293.148
293.143
293.12
293.532
293.484
293.442
293.406
293.374
293.343
293.292
293.234
293.191
293.168
293.158
293.155
293.153
293.151
293.15
293.149
293.147
293.144
293.138
293.113
293.493
293.45
293.411
293.376
293.344
293.314
293.266
293.215
293.18
293.163
293.156
293.153
293.152
293.15
293.149
293.147
293.145
293.142
293.134
293.106
293.453
293.414
293.378
293.345
293.315
293.286
293.242
293.199
293.172
293.159
293.155
293.153
293.151
293.15
293.148
293.146
293.144
293.139
293.131
293.099
293.411
293.377
293.344
293.314
293.287
293.26
293.221
293.186
293.166
293.157
293.154
293.152
293.151
293.15
293.148
293.146
293.143
293.138
293.128
293.093
293.37
293.341
293.312
293.286
293.261
293.236
293.203
293.176
293.161
293.155
293.153
293.152
293.151
293.15
293.148
293.146
293.142
293.137
293.126
293.088
293.331
293.307
293.283
293.26
293.239
293.217
293.189
293.168
293.158
293.154
293.153
293.153
293.152
293.15
293.148
293.146
293.143
293.137
293.125
293.083
293.294
293.276
293.256
293.237
293.219
293.2
293.177
293.162
293.156
293.154
293.153
293.153
293.152
293.151
293.149
293.147
293.144
293.138
293.125
293.08
293.261
293.249
293.233
293.217
293.203
293.187
293.169
293.158
293.154
293.154
293.153
293.153
293.153
293.152
293.15
293.148
293.145
293.139
293.126
293.077
293.232
293.226
293.214
293.201
293.19
293.176
293.162
293.156
293.154
293.154
293.154
293.153
293.153
293.152
293.151
293.149
293.146
293.141
293.127
293.075
293.206
293.206
293.198
293.188
293.179
293.168
293.158
293.154
293.153
293.154
293.154
293.154
293.154
293.153
293.152
293.151
293.148
293.142
293.128
293.073
293.185
293.19
293.185
293.178
293.171
293.162
293.155
293.153
293.153
293.154
293.154
293.154
293.154
293.154
293.153
293.152
293.149
293.144
293.129
293.073
293.168
293.178
293.176
293.17
293.165
293.158
293.154
293.153
293.153
293.154
293.154
293.154
293.154
293.154
293.153
293.152
293.15
293.145
293.13
293.072
293.154
293.168
293.168
293.165
293.161
293.155
293.153
293.153
293.153
293.153
293.154
293.154
293.154
293.154
293.154
293.153
293.151
293.146
293.131
293.071
293.143
293.161
293.163
293.16
293.157
293.153
293.152
293.152
293.153
293.153
293.154
293.154
293.154
293.154
293.154
293.153
293.151
293.147
293.132
293.071
293.135
293.156
293.159
293.157
293.155
293.152
293.152
293.152
293.153
293.153
293.154
293.154
293.154
293.154
293.154
293.153
293.152
293.147
293.133
293.071
293.129
293.153
293.156
293.155
293.153
293.152
293.152
293.152
293.153
293.153
293.154
293.154
293.154
293.154
293.154
293.153
293.152
293.148
293.133
293.07
293.125
293.151
293.153
293.153
293.151
293.151
293.152
293.152
293.153
293.153
293.154
293.154
293.154
293.154
293.154
293.153
293.152
293.148
293.133
293.07
293.122
293.149
293.152
293.152
293.151
293.151
293.152
293.152
293.153
293.153
293.154
293.154
293.154
293.154
293.154
293.153
293.152
293.148
293.134
293.07
293.12
293.148
293.15
293.15
293.15
293.151
293.152
293.152
293.153
293.153
293.153
293.154
293.154
293.154
293.154
293.153
293.152
293.148
293.134
293.07
293.119
293.147
293.149
293.149
293.15
293.151
293.152
293.153
293.153
293.153
293.153
293.154
293.154
293.154
293.153
293.153
293.152
293.148
293.133
293.07
293.119
293.146
293.148
293.149
293.15
293.151
293.152
293.153
293.153
293.153
293.153
293.154
293.154
293.154
293.153
293.153
293.152
293.148
293.133
293.07
293.119
293.146
293.147
293.148
293.15
293.151
293.152
293.153
293.153
293.153
293.153
293.153
293.154
293.153
293.153
293.153
293.151
293.147
293.133
293.07
293.119
293.145
293.147
293.147
293.15
293.151
293.152
293.153
293.153
293.153
293.153
293.153
293.153
293.153
293.153
293.153
293.151
293.147
293.133
293.07
293.12
293.144
293.146
293.147
293.15
293.152
293.152
293.153
293.153
293.153
293.153
293.153
293.153
293.153
293.153
293.153
293.151
293.147
293.133
293.07
293.12
293.143
293.145
293.147
293.151
293.152
293.152
293.153
293.153
293.153
293.153
293.153
293.153
293.153
293.153
293.152
293.151
293.147
293.132
293.071
293.121
293.142
293.144
293.148
293.151
293.152
293.152
293.153
293.153
293.153
293.153
293.153
293.153
293.153
293.153
293.152
293.151
293.147
293.132
293.071
293.121
293.141
293.144
293.149
293.151
293.152
293.152
293.153
293.153
293.153
293.153
293.153
293.153
293.153
293.153
293.152
293.151
293.146
293.132
293.072
293.121
293.14
293.143
293.15
293.151
293.152
293.152
293.153
293.153
293.153
293.153
293.153
293.153
293.153
293.153
293.152
293.151
293.146
293.132
293.072
293.121
293.139
293.143
293.15
293.152
293.152
293.152
293.153
293.153
293.153
293.153
293.153
293.153
293.153
293.153
293.152
293.151
293.146
293.131
293.073
293.121
293.139
293.143
293.151
293.152
293.152
293.152
293.153
293.153
293.153
293.153
293.153
293.153
293.153
293.153
293.152
293.15
293.146
293.131
293.074
293.121
293.138
293.143
293.151
293.152
293.152
293.152
293.153
293.153
293.153
293.153
293.153
293.153
293.153
293.153
293.152
293.15
293.146
293.131
293.074
293.121
293.138
293.143
293.151
293.152
293.152
293.152
293.153
293.153
293.153
293.153
293.153
293.153
293.153
293.153
293.152
293.15
293.145
293.131
293.075
293.121
293.138
293.143
293.151
293.152
293.152
293.152
293.152
293.153
293.153
293.153
293.153
293.153
293.153
293.153
293.152
293.15
293.145
293.131
293.076
293.12
293.138
293.144
293.151
293.152
293.152
293.152
293.152
293.153
293.153
293.153
293.153
293.153
293.153
293.153
293.152
293.15
293.145
293.131
293.077
293.12
293.138
293.144
293.151
293.152
293.152
293.152
293.152
293.153
293.153
293.153
293.153
293.153
293.153
293.153
293.152
293.15
293.145
293.131
293.078
293.12
293.138
293.145
293.151
293.152
293.152
293.152
293.152
293.153
293.153
293.153
293.153
293.153
293.153
293.153
293.152
293.15
293.145
293.131
293.079
293.119
293.139
293.147
293.151
293.152
293.152
293.152
293.152
293.153
293.153
293.153
293.153
293.153
293.153
293.153
293.152
293.15
293.145
293.131
293.08
293.119
293.141
293.148
293.151
293.151
293.152
293.152
293.152
293.152
293.153
293.153
293.153
293.153
293.153
293.153
293.152
293.15
293.145
293.131
293.081
293.119
293.142
293.149
293.151
293.151
293.152
293.152
293.152
293.152
293.153
293.153
293.153
293.153
293.153
293.153
293.152
293.15
293.145
293.132
293.081
293.119
293.143
293.15
293.151
293.151
293.152
293.152
293.152
293.152
293.153
293.153
293.153
293.153
293.153
293.153
293.152
293.15
293.146
293.132
293.082
293.119
293.144
293.15
293.151
293.151
293.151
293.152
293.152
293.152
293.152
293.153
293.153
293.153
293.153
293.152
293.152
293.15
293.146
293.133
293.083
293.119
293.146
293.151
293.151
293.151
293.151
293.152
293.152
293.152
293.152
293.153
293.153
293.153
293.153
293.152
293.152
293.15
293.146
293.133
293.084
293.12
293.147
293.151
293.151
293.151
293.151
293.151
293.152
293.152
293.152
293.152
293.153
293.153
293.153
293.152
293.152
293.15
293.146
293.134
293.085
293.12
293.147
293.151
293.151
293.151
293.151
293.151
293.152
293.152
293.152
293.152
293.152
293.153
293.152
293.152
293.152
293.15
293.147
293.135
293.086
293.121
293.148
293.151
293.151
293.151
293.151
293.151
293.151
293.152
293.152
293.152
293.152
293.152
293.152
293.152
293.152
293.15
293.147
293.136
293.087
293.122
293.149
293.151
293.151
293.151
293.151
293.151
293.151
293.151
293.152
293.152
293.152
293.152
293.152
293.152
293.152
293.15
293.147
293.136
293.087
293.122
293.149
293.151
293.151
293.151
293.151
293.151
293.151
293.151
293.151
293.152
293.152
293.152
293.152
293.152
293.152
293.15
293.148
293.137
293.088
293.123
293.15
293.151
293.151
293.151
293.151
293.151
293.151
293.151
293.151
293.151
293.152
293.152
293.152
293.152
293.151
293.15
293.148
293.138
293.089
293.123
293.15
293.151
293.151
293.151
293.151
293.151
293.151
293.151
293.151
293.151
293.151
293.151
293.152
293.152
293.151
293.15
293.148
293.139
293.09
293.124
293.15
293.151
293.151
293.15
293.151
293.151
293.151
293.151
293.151
293.151
293.151
293.151
293.151
293.151
293.151
293.15
293.148
293.14
293.091
293.124
293.15
293.151
293.151
293.15
293.15
293.151
293.151
293.151
293.151
293.151
293.151
293.151
293.151
293.151
293.151
293.15
293.149
293.141
293.092
293.125
293.15
293.151
293.151
293.15
293.15
293.151
293.151
293.151
293.151
293.151
293.151
293.151
293.151
293.151
293.151
293.15
293.149
293.142
293.093
293.125
293.15
293.151
293.15
293.15
293.15
293.15
293.151
293.151
293.15
293.15
293.15
293.15
293.15
293.15
293.15
293.15
293.149
293.143
293.095
293.125
293.15
293.151
293.15
293.15
293.15
293.15
293.15
293.15
293.15
293.15
293.15
293.15
293.15
293.15
293.15
293.15
293.149
293.143
293.096
293.126
293.15
293.151
293.15
293.15
293.15
293.15
293.15
293.15
293.15
293.15
293.15
293.15
293.15
293.15
293.15
293.15
293.149
293.144
293.097
293.126
293.15
293.151
293.15
293.15
293.15
293.15
293.15
293.15
293.15
293.15
293.15
293.15
293.15
293.15
293.149
293.149
293.149
293.144
293.099
293.126
293.149
293.15
293.15
293.15
293.15
293.15
293.15
293.15
293.15
293.15
293.15
293.149
293.149
293.149
293.149
293.149
293.148
293.145
293.1
293.126
293.149
293.15
293.15
293.15
293.15
293.15
293.15
293.15
293.15
293.15
293.15
293.149
293.149
293.149
293.149
293.149
293.148
293.145
293.102
293.127
293.149
293.15
293.15
293.15
293.15
293.15
293.15
293.15
293.15
293.15
293.15
293.149
293.149
293.149
293.148
293.148
293.148
293.145
293.103
293.127
293.148
293.149
293.15
293.15
293.15
293.15
293.15
293.15
293.15
293.15
293.149
293.149
293.149
293.148
293.148
293.148
293.148
293.145
293.104
293.127
293.148
293.149
293.15
293.15
293.15
293.15
293.15
293.15
293.15
293.15
293.149
293.149
293.148
293.148
293.148
293.148
293.147
293.145
293.105
293.127
293.147
293.148
293.15
293.15
293.15
293.15
293.15
293.15
293.15
293.15
293.149
293.149
293.148
293.148
293.147
293.147
293.147
293.145
293.106
293.127
293.146
293.148
293.149
293.15
293.15
293.15
293.15
293.15
293.15
293.15
293.149
293.149
293.148
293.147
293.147
293.147
293.147
293.145
293.107
293.127
293.144
293.147
293.149
293.15
293.15
293.15
293.15
293.15
293.15
293.15
293.149
293.149
293.148
293.147
293.147
293.147
293.147
293.145
293.107
293.127
293.142
293.146
293.148
293.149
293.15
293.15
293.15
293.15
293.15
293.15
293.149
293.148
293.148
293.147
293.146
293.146
293.146
293.145
293.108
293.127
293.14
293.145
293.147
293.149
293.149
293.149
293.149
293.15
293.15
293.149
293.149
293.148
293.148
293.147
293.146
293.146
293.146
293.145
293.108
293.127
293.138
293.143
293.146
293.148
293.149
293.149
293.149
293.149
293.149
293.149
293.149
293.148
293.147
293.147
293.146
293.146
293.146
293.145
293.108
293.127
293.136
293.142
293.145
293.147
293.148
293.148
293.148
293.149
293.149
293.149
293.149
293.148
293.147
293.146
293.146
293.145
293.146
293.145
293.107
293.126
293.134
293.14
293.143
293.146
293.147
293.147
293.148
293.148
293.148
293.148
293.148
293.148
293.147
293.146
293.145
293.145
293.145
293.145
293.107
293.122
293.131
293.138
293.142
293.144
293.145
293.146
293.147
293.147
293.148
293.148
293.148
293.147
293.147
293.146
293.145
293.145
293.145
293.144
293.106
293.117
293.128
293.135
293.139
293.142
293.143
293.145
293.145
293.146
293.147
293.147
293.147
293.147
293.146
293.146
293.145
293.145
293.145
293.144
293.104
293.111
293.124
293.132
293.136
293.139
293.141
293.143
293.144
293.145
293.146
293.147
293.147
293.147
293.146
293.145
293.145
293.145
293.145
293.144
293.102
293.104
293.12
293.128
293.133
293.136
293.139
293.141
293.142
293.144
293.145
293.146
293.146
293.146
293.146
293.145
293.145
293.145
293.145
293.144
293.1
293.097
293.115
293.124
293.129
293.133
293.136
293.139
293.141
293.142
293.144
293.145
293.146
293.146
293.145
293.145
293.145
293.145
293.146
293.144
293.098
293.09
293.11
293.12
293.126
293.13
293.134
293.136
293.139
293.141
293.143
293.144
293.145
293.145
293.145
293.145
293.145
293.145
293.146
293.144
293.095
293.083
293.106
293.116
293.122
293.127
293.131
293.134
293.137
293.14
293.142
293.144
293.145
293.145
293.145
293.145
293.145
293.146
293.146
293.144
293.092
293.076
293.102
293.113
293.12
293.125
293.129
293.133
293.136
293.139
293.142
293.143
293.144
293.145
293.145
293.145
293.145
293.146
293.146
293.144
293.089
293.07
293.099
293.11
293.118
293.123
293.128
293.132
293.136
293.139
293.141
293.143
293.144
293.145
293.145
293.145
293.146
293.146
293.147
293.144
293.086
293.064
293.097
293.109
293.117
293.123
293.128
293.132
293.136
293.139
293.141
293.143
293.144
293.145
293.145
293.146
293.146
293.147
293.147
293.144
293.082
293.059
293.096
293.11
293.118
293.123
293.128
293.133
293.136
293.139
293.142
293.143
293.144
293.145
293.146
293.146
293.146
293.147
293.147
293.143
293.078
)
;

boundaryField
{
    wall
    {
        type            zeroGradient;
    }
    inlet
    {
        type            fixedValue;
        value           uniform 303.15;
    }
    outlet
    {
        type            inletOutlet;
        inletValue      uniform 300;
        value           nonuniform List<scalar> 
20
(
293.241
293.27
293.269
293.257
293.238
293.221
293.232
293.383
293.99
295.513
297.839
299.611
299.999
300
300
300
300
300
300
300
)
;
    }
    heatWall
    {
        type            fixedGradient;
        gradient        uniform -1000;
    }
}


// ************************************************************************* //
