/*--------------------------------*- C++ -*----------------------------------*\
  =========                 |
  \\      /  F ield         | OpenFOAM: The Open Source CFD Toolbox
   \\    /   O peration     | Website:  https://openfoam.org
    \\  /    A nd           | Version:  8
     \\/     M anipulation  |
\*---------------------------------------------------------------------------*/
FoamFile
{
    version     2.0;
    format      ascii;
    class       volScalarField;
    location    "200";
    object      alphat;
}
// * * * * * * * * * * * * * * * * * * * * * * * * * * * * * * * * * * * * * //

dimensions      [1 -1 -1 0 0 0 0];

internalField   nonuniform List<scalar> 
8400
(
0.352363
0.351715
0.351067
0.350422
0.349783
0.349149
0.34852
0.347896
0.347278
0.346665
0.346058
0.345456
0.344861
0.344271
0.343687
0.34311
0.342539
0.341974
0.341416
0.340865
0.34032
0.339783
0.339254
0.338732
0.338218
0.337713
0.337217
0.336732
0.336257
0.335793
0.335343
0.334906
0.334486
0.334083
0.333699
0.333338
0.333002
0.332695
0.332422
0.332187
0.331996
0.331858
0.331781
0.331776
0.331857
0.332044
0.332361
0.332841
0.333528
0.334481
0.144781
0.144681
0.144592
0.144513
0.144443
0.144382
0.14433
0.144287
0.144253
0.144228
0.144212
0.144204
0.144205
0.144214
0.144232
0.144258
0.144293
0.144337
0.144389
0.144449
0.144518
0.144595
0.144681
0.144775
0.144879
0.144991
0.145113
0.145243
0.145384
0.145534
0.145695
0.145867
0.14605
0.146245
0.146454
0.146677
0.146915
0.14717
0.147443
0.147737
0.148053
0.148395
0.148767
0.149172
0.149615
0.150105
0.150648
0.151257
0.151947
0.152738
0.0909982
0.0911562
0.0913161
0.0914777
0.0916411
0.0918062
0.0919729
0.0921412
0.0923112
0.0924828
0.092656
0.0928307
0.093007
0.0931848
0.0933642
0.0935452
0.0937278
0.093912
0.0940977
0.0942851
0.0944741
0.0946648
0.0948572
0.0950513
0.0952473
0.095445
0.0956446
0.0958462
0.0960498
0.0962555
0.0964633
0.0966735
0.096886
0.0971012
0.097319
0.0975398
0.0977637
0.097991
0.098222
0.0984571
0.0986967
0.0989415
0.0991919
0.0994487
0.0997129
0.0999858
0.100269
0.100564
0.100873
0.1012
0.0867252
0.0869249
0.0871238
0.0873216
0.0875186
0.0877147
0.08791
0.0881045
0.0882983
0.0884913
0.0886838
0.0888756
0.089067
0.0892578
0.0894482
0.0896382
0.0898278
0.0900172
0.0902064
0.0903953
0.0905841
0.0907728
0.0909615
0.0911502
0.0913389
0.0915277
0.0917166
0.0919058
0.0920951
0.0922846
0.0924744
0.0926646
0.0928551
0.093046
0.0932373
0.0934291
0.0936214
0.0938142
0.0940075
0.0942014
0.094396
0.0945912
0.0947872
0.0949839
0.0951815
0.0953801
0.0955797
0.0957806
0.095983
0.0961872
0.0870835
0.0872938
0.0875026
0.0877096
0.0879151
0.0881189
0.0883213
0.0885223
0.088722
0.0889204
0.0891175
0.0893135
0.0895085
0.0897025
0.0898955
0.0900877
0.0902791
0.0904698
0.0906597
0.0908491
0.0910379
0.0912262
0.0914141
0.0916015
0.0917886
0.0919754
0.0921619
0.0923482
0.0925342
0.09272
0.0929056
0.0930911
0.0932763
0.0934613
0.093646
0.0938305
0.0940146
0.0941983
0.0943814
0.0945639
0.0947455
0.0949261
0.0951055
0.0952832
0.0954591
0.0956325
0.0958031
0.0959701
0.0961328
0.0962901
0.0884427
0.0886629
0.0888815
0.0890984
0.0893137
0.0895273
0.0897395
0.0899503
0.0901597
0.0903678
0.0905747
0.0907805
0.0909853
0.091189
0.0913918
0.0915937
0.0917949
0.0919953
0.0921951
0.0923942
0.0925928
0.0927909
0.0929885
0.0931858
0.0933827
0.0935792
0.0937755
0.0939716
0.0941675
0.0943632
0.0945587
0.0947541
0.0949494
0.0951445
0.0953395
0.0955343
0.0957289
0.0959233
0.0961174
0.0963111
0.0965043
0.096697
0.096889
0.0970801
0.0972701
0.0974589
0.0976462
0.0978317
0.098015
0.098196
0.0894204
0.0896474
0.0898727
0.0900962
0.090318
0.0905382
0.0907567
0.0909737
0.0911893
0.0914035
0.0916165
0.0918282
0.0920387
0.0922482
0.0924567
0.0926642
0.0928709
0.0930767
0.0932818
0.0934861
0.0936899
0.093893
0.0940956
0.0942977
0.0944994
0.0947007
0.0949016
0.0951021
0.0953024
0.0955023
0.0957019
0.0959012
0.0961001
0.0962988
0.096497
0.0966948
0.0968921
0.0970887
0.0972846
0.0974796
0.0976736
0.0978663
0.0980574
0.0982467
0.0984338
0.0986182
0.0987995
0.098977
0.0991501
0.099318
0.0906757
0.0909098
0.0911421
0.0913727
0.0916016
0.091829
0.0920548
0.0922791
0.0925022
0.0927239
0.0929443
0.0931636
0.0933819
0.0935991
0.0938153
0.0940307
0.0942452
0.0944589
0.094672
0.0948843
0.0950961
0.0953073
0.0955181
0.0957283
0.0959382
0.0961477
0.0963568
0.0965656
0.0967742
0.0969824
0.0971904
0.0973982
0.0976057
0.0978128
0.0980197
0.0982261
0.0984322
0.0986377
0.0988426
0.0990468
0.0992501
0.0994524
0.0996534
0.0998529
0.100051
0.100246
0.100439
0.10063
0.100816
0.100999
0.091725
0.091966
0.0922055
0.0924433
0.0926795
0.092914
0.0931471
0.0933787
0.0936089
0.0938378
0.0940655
0.0942921
0.0945175
0.0947418
0.0949652
0.0951877
0.0954093
0.0956301
0.0958502
0.0960696
0.0962883
0.0965065
0.0967241
0.0969413
0.097158
0.0973742
0.0975901
0.0978056
0.0980207
0.0982355
0.09845
0.0986641
0.0988778
0.0990912
0.099304
0.0995164
0.0997282
0.0999392
0.100149
0.100359
0.100567
0.100774
0.100979
0.101182
0.101383
0.101581
0.101776
0.101967
0.102154
0.102336
0.0928759
0.0931245
0.0933714
0.0936165
0.09386
0.094102
0.0943425
0.0945816
0.0948194
0.0950559
0.0952912
0.0955253
0.0957584
0.0959904
0.0962215
0.0964517
0.0966811
0.0969097
0.0971376
0.0973648
0.0975914
0.0978174
0.0980428
0.0982678
0.0984924
0.0987165
0.0989402
0.0991635
0.0993865
0.0996092
0.0998314
0.100053
0.100275
0.100496
0.100717
0.100937
0.101156
0.101375
0.101593
0.10181
0.102025
0.10224
0.102452
0.102663
0.102871
0.103076
0.103278
0.103477
0.10367
0.103859
0.0939733
0.0942285
0.0944826
0.0947352
0.0949866
0.0952365
0.095485
0.0957322
0.095978
0.0962227
0.0964661
0.0967085
0.0969498
0.0971902
0.0974296
0.0976682
0.0979059
0.0981429
0.0983792
0.0986149
0.0988499
0.0990844
0.0993184
0.0995519
0.099785
0.100018
0.10025
0.100482
0.100713
0.100944
0.101175
0.101406
0.101636
0.101865
0.102094
0.102323
0.102551
0.102778
0.103005
0.10323
0.103455
0.103678
0.103899
0.104118
0.104336
0.10455
0.104762
0.104969
0.105173
0.105373
0.0950198
0.0952833
0.0955454
0.095806
0.096065
0.0963227
0.0965791
0.0968344
0.0970886
0.0973418
0.097594
0.097845
0.0980949
0.0983437
0.0985916
0.0988386
0.0990848
0.0993302
0.0995748
0.0998188
0.100062
0.100305
0.100547
0.100789
0.10103
0.101271
0.101511
0.101751
0.101991
0.10223
0.102468
0.102706
0.102944
0.103181
0.103418
0.103654
0.103889
0.104124
0.104357
0.104589
0.10482
0.105049
0.105276
0.1055
0.105722
0.10594
0.106154
0.106364
0.106568
0.106766
0.0961851
0.0964566
0.0967267
0.0969952
0.0972622
0.0975279
0.0977923
0.0980554
0.0983173
0.098578
0.0988377
0.0990965
0.0993547
0.0996121
0.0998689
0.100125
0.10038
0.100635
0.100889
0.101142
0.101395
0.101647
0.101899
0.10215
0.102401
0.102651
0.102902
0.103152
0.103401
0.10365
0.103899
0.104148
0.104396
0.104644
0.104891
0.105138
0.105385
0.105631
0.105876
0.10612
0.106363
0.106605
0.106845
0.107084
0.107321
0.107555
0.107787
0.108015
0.10824
0.108461
0.0970718
0.0973533
0.0976334
0.0979122
0.0981896
0.0984656
0.0987404
0.0990139
0.0992862
0.0995574
0.0998276
0.100097
0.100365
0.100632
0.100899
0.101164
0.10143
0.101694
0.101958
0.102222
0.102485
0.102747
0.103008
0.103269
0.10353
0.10379
0.104049
0.104308
0.104567
0.104825
0.105082
0.105339
0.105596
0.105852
0.106107
0.106361
0.106614
0.106866
0.107117
0.107367
0.107614
0.10786
0.108103
0.108344
0.108581
0.108814
0.109042
0.109265
0.109481
0.109689
0.09849
0.09878
0.0990686
0.0993559
0.0996419
0.0999266
0.10021
0.100493
0.100774
0.101054
0.101334
0.101612
0.10189
0.102167
0.102443
0.102719
0.102994
0.103268
0.103542
0.103815
0.104089
0.104362
0.104635
0.104908
0.10518
0.105452
0.105723
0.105994
0.106265
0.106536
0.106806
0.107075
0.107344
0.107613
0.107881
0.108148
0.108414
0.10868
0.108944
0.109207
0.109468
0.109727
0.109985
0.110239
0.110492
0.110741
0.110987
0.111229
0.111468
0.111702
0.0996008
0.0999075
0.100214
0.100519
0.100824
0.101128
0.101431
0.101734
0.102036
0.102338
0.102639
0.10294
0.10324
0.103541
0.10384
0.10414
0.104439
0.104738
0.105037
0.105336
0.105634
0.105932
0.106231
0.106529
0.106828
0.107127
0.107425
0.107721
0.108015
0.108309
0.1086
0.10889
0.109178
0.109463
0.109746
0.110025
0.110301
0.110572
0.110839
0.1111
0.111355
0.111603
0.111843
0.112073
0.112292
0.112499
0.112693
0.11287
0.113031
0.113172
0.104697
0.105045
0.105393
0.105742
0.106092
0.106442
0.106792
0.107143
0.107495
0.107847
0.1082
0.108554
0.108908
0.109263
0.109618
0.109974
0.110331
0.110689
0.111047
0.111406
0.111766
0.112126
0.112487
0.112848
0.11321
0.113572
0.113935
0.114301
0.114659
0.115012
0.115361
0.115705
0.116043
0.116373
0.116696
0.117009
0.117312
0.117603
0.117879
0.11814
0.118382
0.118603
0.118801
0.118971
0.119109
0.119212
0.119275
0.11929
0.119254
0.119157
0.122419
0.122866
0.12332
0.123781
0.124247
0.124718
0.125195
0.125677
0.126164
0.126656
0.127153
0.127655
0.128162
0.128674
0.12919
0.129711
0.130236
0.130765
0.131299
0.131836
0.132376
0.13292
0.133467
0.134017
0.134569
0.135123
0.135678
0.136233
0.136797
0.13735
0.137881
0.138396
0.138892
0.139369
0.139822
0.140249
0.140645
0.141007
0.141328
0.141603
0.141825
0.141986
0.142075
0.142082
0.141992
0.141786
0.141443
0.140932
0.140217
0.139244
0.190299
0.190809
0.191333
0.191871
0.192423
0.192988
0.193567
0.194158
0.194763
0.19538
0.19601
0.196652
0.197307
0.197974
0.198653
0.199344
0.200047
0.200761
0.201486
0.202222
0.202967
0.203722
0.204486
0.205258
0.206038
0.206824
0.207614
0.208409
0.209206
0.210014
0.210839
0.211656
0.212419
0.213155
0.213863
0.214537
0.215172
0.215761
0.216296
0.216769
0.21717
0.217484
0.217698
0.217792
0.217741
0.217513
0.217063
0.216329
0.21523
0.213649
0.378957
0.379199
0.379471
0.379763
0.380076
0.380407
0.380757
0.381124
0.38151
0.381912
0.382332
0.382769
0.383222
0.383691
0.384176
0.384675
0.385188
0.385715
0.386255
0.386805
0.387366
0.387936
0.388514
0.389097
0.389685
0.390275
0.390865
0.391454
0.392038
0.392615
0.393182
0.39375
0.394348
0.394959
0.395581
0.396211
0.39685
0.397495
0.398147
0.398803
0.399462
0.400123
0.400782
0.401437
0.402087
0.402726
0.403351
0.403957
0.404537
0.405081
1.08355
1.06874
1.05457
1.04098
1.0279
1.01527
1.00302
0.991133
0.979587
0.968366
0.957457
0.946848
0.936527
0.926484
0.916709
0.907192
0.897925
0.888899
0.880106
0.871537
0.863186
0.855045
0.847108
0.839367
0.831816
0.824451
0.817263
0.81025
0.803404
0.796721
0.790196
0.783826
0.777605
0.77153
0.765597
0.759802
0.754143
0.748616
0.743208
0.737903
0.732695
0.727577
0.722541
0.717578
0.712677
0.707823
0.702992
0.698147
0.693223
0.688086
1.07683
1.05216
1.02859
1.00602
0.984429
0.963764
0.944006
0.9251
0.906993
0.889635
0.872981
0.85699
0.841621
0.826839
0.812612
0.798907
0.785697
0.772956
0.760658
0.74878
0.737301
0.726201
0.715461
0.705063
0.694992
0.68523
0.675764
0.66658
0.657664
0.649003
0.640587
0.632403
0.62444
0.616687
0.609132
0.601765
0.594575
0.587552
0.580698
0.574021
0.567513
0.561168
0.554979
0.54894
0.543044
0.537284
0.531653
0.526142
0.52074
0.51543
1.0768
1.05207
1.02836
1.00568
0.983955
0.963152
0.943214
0.924088
0.905725
0.88808
0.871111
0.854779
0.839049
0.823888
0.809265
0.795152
0.781522
0.768352
0.755619
0.743301
0.731379
0.719833
0.708647
0.697805
0.687289
0.677088
0.667185
0.65757
0.648229
0.639151
0.630326
0.621743
0.613393
0.605267
0.597357
0.589656
0.582155
0.574848
0.567728
0.560788
0.554024
0.547429
0.540999
0.534729
0.528616
0.522654
0.516841
0.511173
0.505648
0.500263
1.0768
1.05225
1.02876
1.00628
0.984746
0.964102
0.944292
0.925267
0.906979
0.889389
0.872456
0.856145
0.840423
0.825259
0.810625
0.796494
0.782841
0.769641
0.756875
0.74452
0.732559
0.720972
0.709742
0.698854
0.688293
0.678044
0.668095
0.658432
0.649043
0.639918
0.631046
0.622417
0.614021
0.60585
0.597895
0.590148
0.582602
0.57525
0.568085
0.561101
0.554293
0.547654
0.54118
0.534867
0.52871
0.522704
0.516847
0.511135
0.505564
0.500131
1.0768
1.05225
1.02875
1.00625
0.984678
0.963996
0.944148
0.92509
0.906775
0.889164
0.872218
0.8559
0.840176
0.825016
0.810389
0.796268
0.782628
0.769444
0.756694
0.744358
0.732415
0.720847
0.709637
0.698769
0.688227
0.677997
0.668066
0.658421
0.649051
0.639943
0.631087
0.622473
0.614093
0.605936
0.597994
0.59026
0.582725
0.575384
0.568229
0.561253
0.554452
0.54782
0.541351
0.535041
0.528884
0.522878
0.517017
0.511299
0.505718
0.500271
1.0768
1.05226
1.02879
1.00633
0.984803
0.964168
0.944369
0.925358
0.907088
0.889517
0.872607
0.85632
0.840623
0.825485
0.810876
0.79677
0.783141
0.769965
0.757221
0.744888
0.732947
0.721378
0.710167
0.699295
0.688749
0.678514
0.668577
0.658925
0.649546
0.64043
0.631565
0.622942
0.614551
0.606383
0.59843
0.590684
0.583137
0.575783
0.568614
0.561625
0.554809
0.54816
0.541674
0.535345
0.529169
0.523141
0.517256
0.511511
0.505901
0.500422
1.0768
1.05227
1.0288
1.00634
0.984815
0.964177
0.944371
0.925349
0.907066
0.889482
0.872558
0.856258
0.840548
0.825399
0.81078
0.796665
0.783029
0.769847
0.757099
0.744762
0.732818
0.721249
0.710037
0.699166
0.688621
0.678388
0.668453
0.658804
0.649428
0.640315
0.631454
0.622834
0.614447
0.606283
0.598333
0.59059
0.583047
0.575695
0.568528
0.56154
0.554725
0.548077
0.541589
0.535259
0.529079
0.523046
0.517155
0.511401
0.50578
0.500287
1.0768
1.05227
1.02881
1.00635
0.984836
0.964207
0.944411
0.925401
0.907131
0.889559
0.872648
0.856361
0.840664
0.825526
0.810918
0.796814
0.783187
0.770013
0.757272
0.744942
0.733003
0.721438
0.710229
0.699361
0.688817
0.678585
0.66865
0.659
0.649623
0.640508
0.631643
0.62302
0.614628
0.606459
0.598504
0.590755
0.583204
0.575845
0.568669
0.561671
0.554845
0.548185
0.541685
0.535339
0.529144
0.523093
0.517182
0.511406
0.505761
0.500242
1.0768
1.05227
1.02881
1.00636
0.984842
0.964215
0.94442
0.925409
0.907137
0.889563
0.872648
0.856357
0.840655
0.825512
0.8109
0.79679
0.783158
0.76998
0.757234
0.744899
0.732957
0.721388
0.710176
0.699304
0.688758
0.678524
0.668587
0.658935
0.649556
0.640439
0.631574
0.622949
0.614556
0.606385
0.598428
0.590677
0.583125
0.575762
0.568584
0.561583
0.554752
0.548087
0.541581
0.535228
0.529024
0.522964
0.517042
0.511254
0.505595
0.500059
1.0768
1.05227
1.02881
1.00636
0.984846
0.96422
0.944427
0.925418
0.907148
0.889576
0.872664
0.856375
0.840676
0.825536
0.810926
0.796819
0.78319
0.770014
0.757271
0.744938
0.732998
0.72143
0.71022
0.699349
0.688804
0.678569
0.668632
0.65898
0.6496
0.640482
0.631615
0.622988
0.614593
0.606419
0.598459
0.590704
0.583146
0.575779
0.568594
0.561586
0.554748
0.548074
0.541558
0.535194
0.528977
0.522903
0.516965
0.511159
0.505481
0.499925
1.0768
1.05227
1.02881
1.00636
0.984846
0.96422
0.944426
0.925417
0.907148
0.889576
0.872664
0.856374
0.840675
0.825535
0.810925
0.796818
0.783188
0.770012
0.757268
0.744935
0.732994
0.721426
0.710215
0.699343
0.688797
0.678562
0.668623
0.65897
0.649589
0.640469
0.6316
0.622971
0.614573
0.606396
0.598433
0.590674
0.583112
0.575739
0.568549
0.561535
0.55469
0.548007
0.541482
0.535108
0.52888
0.522792
0.51684
0.511019
0.505323
0.499747
1.0768
1.05227
1.02881
1.00636
0.984842
0.964215
0.944419
0.925408
0.907136
0.889562
0.872647
0.856355
0.840653
0.82551
0.810896
0.796786
0.783153
0.769974
0.757227
0.744891
0.732947
0.721377
0.710163
0.69929
0.688741
0.678504
0.668564
0.658908
0.649525
0.640404
0.631533
0.622902
0.614502
0.606323
0.598357
0.590595
0.583031
0.575655
0.568461
0.561442
0.554591
0.547903
0.54137
0.534988
0.528751
0.522653
0.516688
0.510853
0.505142
0.49955
1.0768
1.05227
1.02881
1.00635
0.984836
0.964206
0.944411
0.9254
0.90713
0.889558
0.872646
0.856358
0.84066
0.825521
0.810913
0.796807
0.783178
0.770004
0.75726
0.744928
0.732987
0.721419
0.710207
0.699334
0.688787
0.678549
0.668609
0.658952
0.649568
0.640445
0.631571
0.622937
0.614534
0.606351
0.59838
0.590613
0.583042
0.575659
0.568458
0.56143
0.55457
0.547871
0.541327
0.534932
0.52868
0.522566
0.516585
0.51073
0.504999
0.499384
1.0768
1.05227
1.0288
1.00634
0.984815
0.964176
0.94437
0.925347
0.907065
0.88948
0.872555
0.856254
0.840544
0.825393
0.810773
0.796656
0.783018
0.769835
0.757084
0.744745
0.732798
0.721225
0.710008
0.699133
0.688582
0.678343
0.668401
0.658743
0.649358
0.640235
0.631361
0.622727
0.614324
0.606141
0.598171
0.590404
0.582833
0.57545
0.568247
0.561219
0.554357
0.547656
0.541108
0.534709
0.528452
0.522332
0.516342
0.510479
0.504736
0.499108
1.0768
1.05226
1.02879
1.00633
0.984802
0.964167
0.944368
0.925357
0.907086
0.889515
0.872603
0.856315
0.840617
0.825477
0.810867
0.796758
0.783127
0.769948
0.757201
0.744864
0.732918
0.721345
0.710127
0.699249
0.688696
0.678452
0.668506
0.658843
0.649452
0.640322
0.631441
0.622799
0.614388
0.606196
0.598217
0.59044
0.582859
0.575465
0.568251
0.56121
0.554335
0.547619
0.541057
0.534641
0.528367
0.522227
0.516217
0.510331
0.504563
0.498908
1.0768
1.05225
1.02875
1.00625
0.984678
0.963995
0.944147
0.925088
0.906773
0.889161
0.872214
0.855895
0.84017
0.825007
0.810379
0.796255
0.782612
0.769425
0.756672
0.744331
0.732384
0.720811
0.709594
0.698719
0.688169
0.67793
0.667989
0.658332
0.648947
0.639823
0.630949
0.622314
0.613909
0.605724
0.597751
0.589981
0.582406
0.575017
0.567808
0.560772
0.5539
0.547188
0.540628
0.534214
0.527939
0.521799
0.515786
0.509896
0.504123
0.498461
1.0768
1.05225
1.02876
1.00628
0.984745
0.964101
0.944291
0.925265
0.906977
0.889385
0.872451
0.856138
0.840415
0.825249
0.810613
0.796478
0.782822
0.769619
0.756848
0.744489
0.732521
0.720928
0.709691
0.698794
0.688224
0.677964
0.668002
0.658324
0.64892
0.639776
0.630883
0.62223
0.613808
0.605606
0.597616
0.58983
0.582238
0.574835
0.567612
0.560562
0.553677
0.546953
0.540381
0.533957
0.527674
0.521526
0.515508
0.509616
0.503847
0.498195
1.0768
1.05207
1.02836
1.00567
0.983955
0.963151
0.943212
0.924086
0.905722
0.888076
0.871106
0.854773
0.839041
0.823878
0.809253
0.795137
0.781505
0.768332
0.755595
0.743273
0.731346
0.719795
0.708604
0.697755
0.687233
0.677024
0.667113
0.657489
0.648139
0.639051
0.630214
0.621619
0.613256
0.605115
0.597188
0.589467
0.581945
0.574612
0.567464
0.560494
0.553696
0.547064
0.540594
0.534282
0.528124
0.522119
0.516267
0.51057
0.505036
0.499683
1.07683
1.05216
1.02859
1.00602
0.984428
0.963763
0.944005
0.925099
0.906992
0.889635
0.872982
0.856991
0.841623
0.826843
0.812616
0.798914
0.785707
0.772969
0.760675
0.748803
0.737331
0.726239
0.71551
0.705125
0.695069
0.685328
0.675886
0.66673
0.65785
0.649233
0.640868
0.632747
0.62486
0.617199
0.609756
0.602525
0.5955
0.588676
0.582047
0.575612
0.569367
0.563312
0.557447
0.551775
0.5463
0.541034
0.535992
0.531206
0.526733
0.522687
1.08355
1.06874
1.05457
1.04098
1.0279
1.01527
1.00302
0.991132
0.979584
0.968362
0.957452
0.94684
0.936517
0.926471
0.916693
0.907172
0.897901
0.888869
0.880069
0.871493
0.863134
0.854983
0.847033
0.839279
0.831713
0.824329
0.817121
0.810082
0.803208
0.796493
0.78993
0.783516
0.777245
0.771111
0.76511
0.759237
0.753487
0.747855
0.742337
0.736927
0.73162
0.726412
0.721297
0.716269
0.711323
0.706451
0.701647
0.6969
0.6922
0.68753
0.464754
0.252201
0.194926
0.187443
0.18356
0.182296
0.179551
0.177863
0.175509
0.173536
0.171511
0.169298
0.167591
0.165116
0.163736
0.160902
0.160623
0.163594
0.20859
0.389534
0.465317
0.2528
0.195612
0.18815
0.184278
0.183004
0.180261
0.178565
0.176211
0.174231
0.172204
0.169986
0.168275
0.165796
0.16441
0.161573
0.161289
0.164261
0.209258
0.390079
0.465886
0.253379
0.196299
0.188863
0.185002
0.183718
0.180978
0.179272
0.176918
0.174932
0.172903
0.170679
0.168965
0.166482
0.165091
0.162251
0.16196
0.164933
0.209918
0.390574
0.466458
0.25395
0.19699
0.189581
0.185731
0.184437
0.181699
0.179985
0.177631
0.175638
0.173607
0.171379
0.16966
0.167174
0.165778
0.162936
0.162638
0.165607
0.210533
0.391076
0.467033
0.254521
0.197684
0.190304
0.186465
0.185162
0.182426
0.180704
0.17835
0.17635
0.174317
0.172084
0.170362
0.167872
0.16647
0.163626
0.16332
0.16628
0.21113
0.391584
0.467612
0.255093
0.198383
0.191032
0.187205
0.185892
0.183158
0.181428
0.179074
0.177067
0.175033
0.172794
0.171069
0.168575
0.167168
0.164322
0.164008
0.166953
0.21172
0.392097
0.468195
0.255668
0.199087
0.191766
0.18795
0.186627
0.183897
0.182158
0.179804
0.177791
0.175754
0.173511
0.171782
0.169285
0.167872
0.165024
0.164701
0.16763
0.212307
0.392615
0.468781
0.256246
0.199796
0.192505
0.188702
0.187368
0.184641
0.182893
0.18054
0.17852
0.176482
0.174233
0.172501
0.17
0.168582
0.165732
0.1654
0.16831
0.212894
0.393139
0.469371
0.256829
0.200512
0.193251
0.189459
0.188115
0.185391
0.183634
0.181282
0.179255
0.177215
0.174962
0.173225
0.170722
0.169298
0.166446
0.166105
0.168995
0.213482
0.393668
0.469964
0.257416
0.201233
0.194002
0.190222
0.188868
0.186147
0.184382
0.182029
0.179996
0.177955
0.175696
0.173956
0.17145
0.17002
0.167166
0.166816
0.169685
0.214074
0.394202
0.470562
0.258008
0.20196
0.194759
0.190991
0.189627
0.186909
0.185135
0.182784
0.180743
0.178701
0.176437
0.174694
0.172184
0.170749
0.167892
0.167533
0.17038
0.214669
0.394742
0.471163
0.258605
0.202694
0.195522
0.191767
0.190392
0.187677
0.185895
0.183544
0.181497
0.179453
0.177184
0.175437
0.172925
0.171484
0.168625
0.168256
0.171081
0.215269
0.395288
0.471769
0.259207
0.203434
0.196291
0.192548
0.191163
0.188452
0.186661
0.184311
0.182257
0.180211
0.177938
0.176187
0.173672
0.172225
0.169364
0.168985
0.171788
0.215874
0.395839
0.472379
0.259815
0.20418
0.197067
0.193337
0.191941
0.189233
0.187433
0.185084
0.183023
0.180976
0.178698
0.176944
0.174425
0.172973
0.17011
0.169721
0.172501
0.216483
0.396396
0.472993
0.260427
0.204934
0.197849
0.194131
0.192725
0.190021
0.188212
0.185864
0.183797
0.181748
0.179465
0.177707
0.175186
0.173728
0.170862
0.170464
0.173221
0.217098
0.396959
0.473612
0.261045
0.205694
0.198637
0.194933
0.193516
0.190816
0.188998
0.18665
0.184577
0.182526
0.180239
0.178477
0.175953
0.174489
0.171622
0.171213
0.173947
0.217719
0.397528
0.474236
0.261669
0.20646
0.199433
0.195742
0.194314
0.191617
0.189791
0.187444
0.185364
0.183312
0.181019
0.179254
0.176727
0.175257
0.172388
0.171969
0.17468
0.218347
0.398103
0.474865
0.262299
0.207234
0.200235
0.196557
0.195119
0.192426
0.19059
0.188244
0.186158
0.184104
0.181807
0.180038
0.177508
0.176033
0.173161
0.172733
0.17542
0.21898
0.398685
0.475499
0.262934
0.208015
0.201044
0.197379
0.19593
0.193241
0.191397
0.189052
0.186959
0.184904
0.182602
0.18083
0.178297
0.176815
0.173942
0.173503
0.176168
0.219621
0.399273
0.476138
0.263575
0.208803
0.201861
0.198209
0.196749
0.194064
0.192211
0.189867
0.187767
0.185711
0.183405
0.181628
0.179093
0.177605
0.17473
0.174281
0.176922
0.220268
0.399868
0.476783
0.264222
0.209599
0.202684
0.199046
0.197575
0.194895
0.193032
0.19069
0.188583
0.186525
0.184215
0.182435
0.179896
0.178403
0.175526
0.175066
0.177685
0.220922
0.40047
0.477433
0.264876
0.210402
0.203515
0.199891
0.198409
0.195733
0.193861
0.19152
0.189407
0.187347
0.185032
0.183248
0.180707
0.179208
0.176329
0.175859
0.178454
0.221583
0.401079
0.47809
0.265536
0.211212
0.204354
0.200744
0.19925
0.196578
0.194698
0.192358
0.190238
0.188177
0.185858
0.18407
0.181526
0.180021
0.17714
0.17666
0.179232
0.222252
0.401696
0.478752
0.266202
0.212031
0.2052
0.201604
0.200099
0.197432
0.195542
0.193204
0.191077
0.189015
0.186691
0.1849
0.182353
0.180842
0.177959
0.177468
0.180018
0.222929
0.40232
0.47942
0.266875
0.212857
0.206054
0.202472
0.200956
0.198293
0.196395
0.194057
0.191924
0.18986
0.187533
0.185737
0.183188
0.181671
0.178787
0.178285
0.180812
0.223613
0.402952
0.480094
0.267554
0.213692
0.206916
0.203348
0.201821
0.199163
0.197255
0.194919
0.19278
0.190714
0.188382
0.186583
0.184031
0.182508
0.179622
0.17911
0.181614
0.224306
0.403591
0.480775
0.268241
0.214534
0.207786
0.204233
0.202694
0.20004
0.198124
0.195789
0.193643
0.191577
0.18924
0.187437
0.184883
0.183353
0.180466
0.179943
0.182425
0.225007
0.404239
0.481463
0.268934
0.215385
0.208664
0.205126
0.203576
0.200927
0.199001
0.196668
0.194515
0.192447
0.190107
0.1883
0.185743
0.184207
0.181319
0.180785
0.183244
0.225716
0.404895
0.482157
0.269635
0.216244
0.209551
0.206027
0.204466
0.201821
0.199887
0.197555
0.195396
0.193327
0.190982
0.189171
0.186612
0.18507
0.18218
0.181635
0.184073
0.226434
0.405559
0.482858
0.270343
0.217112
0.210446
0.206937
0.205364
0.202725
0.200782
0.198451
0.196286
0.194215
0.191866
0.190051
0.18749
0.185941
0.18305
0.182494
0.18491
0.22716
0.406233
0.483566
0.271058
0.217989
0.21135
0.207856
0.206271
0.203637
0.201685
0.199356
0.197184
0.195112
0.192759
0.19094
0.188376
0.186821
0.183929
0.183362
0.185756
0.227896
0.406914
0.484282
0.27178
0.218875
0.212263
0.208783
0.207187
0.204558
0.202597
0.20027
0.198091
0.196018
0.193661
0.191838
0.189272
0.187711
0.184817
0.18424
0.186612
0.22864
0.407605
0.485004
0.272511
0.219769
0.213184
0.20972
0.208113
0.205489
0.203518
0.201193
0.199008
0.196933
0.194572
0.192745
0.190177
0.188609
0.185715
0.185126
0.187477
0.229394
0.408305
0.485734
0.273248
0.220673
0.214115
0.210666
0.209047
0.206428
0.204449
0.202125
0.199934
0.197857
0.195493
0.193662
0.191092
0.189517
0.186622
0.186022
0.188352
0.230157
0.409015
0.486471
0.273994
0.221586
0.215054
0.211621
0.20999
0.207377
0.205389
0.203066
0.200869
0.198791
0.196423
0.194588
0.192016
0.190435
0.187539
0.186927
0.189236
0.23093
0.409733
0.487216
0.274748
0.222508
0.216003
0.212586
0.210943
0.208335
0.206338
0.204018
0.201814
0.199735
0.197363
0.195523
0.192949
0.191362
0.188465
0.187842
0.19013
0.231713
0.410462
0.487968
0.27551
0.223439
0.216962
0.21356
0.211906
0.209303
0.207297
0.204978
0.202769
0.200688
0.198312
0.196469
0.193893
0.192299
0.189402
0.188767
0.191034
0.232505
0.4112
0.488729
0.276279
0.224381
0.21793
0.214544
0.212878
0.210281
0.208266
0.205949
0.203733
0.201651
0.199272
0.197424
0.194846
0.193246
0.190348
0.189702
0.191949
0.233308
0.411948
0.489497
0.277057
0.225332
0.218908
0.215538
0.21386
0.211269
0.209245
0.206929
0.204707
0.202624
0.200241
0.198389
0.19581
0.194203
0.191304
0.190647
0.192874
0.23412
0.412706
0.490272
0.277844
0.226293
0.219895
0.216541
0.214852
0.212266
0.210233
0.20792
0.205692
0.203607
0.201221
0.199365
0.196784
0.19517
0.192271
0.191602
0.193809
0.234943
0.413475
0.491056
0.278639
0.227264
0.220893
0.217555
0.215854
0.213274
0.211232
0.208921
0.206687
0.204601
0.202211
0.200351
0.197768
0.196148
0.193248
0.192568
0.194755
0.235777
0.414253
0.491848
0.279442
0.228244
0.2219
0.218579
0.216866
0.214292
0.212241
0.209932
0.207692
0.205604
0.203211
0.201347
0.198763
0.197136
0.194236
0.193544
0.195712
0.236621
0.415043
0.492648
0.280254
0.229236
0.222918
0.219613
0.217888
0.21532
0.213261
0.210953
0.208708
0.206619
0.204223
0.202354
0.199769
0.198135
0.195235
0.194531
0.196679
0.237475
0.415843
0.493456
0.281074
0.230237
0.223946
0.220658
0.218921
0.216359
0.214291
0.211986
0.209734
0.207644
0.205244
0.203372
0.200785
0.199145
0.196245
0.195529
0.197658
0.238341
0.416653
0.494272
0.281904
0.231249
0.224984
0.221713
0.219965
0.217409
0.215332
0.213029
0.210771
0.20868
0.206277
0.204401
0.201813
0.200165
0.197265
0.196538
0.198648
0.239218
0.417475
0.495096
0.282742
0.232271
0.226033
0.222779
0.221019
0.218469
0.216384
0.214082
0.211819
0.209727
0.207321
0.20544
0.202851
0.201197
0.198297
0.197558
0.199649
0.240105
0.418307
0.495929
0.283589
0.233305
0.227093
0.223856
0.222084
0.21954
0.217446
0.215147
0.212879
0.210785
0.208376
0.206491
0.203901
0.20224
0.19934
0.198589
0.200662
0.241005
0.419151
0.49677
0.284445
0.234349
0.228164
0.224944
0.22316
0.220623
0.21852
0.216223
0.213949
0.211854
0.209443
0.207553
0.204962
0.203294
0.200395
0.199632
0.201687
0.241915
0.420006
0.497619
0.285311
0.235404
0.229245
0.226043
0.224247
0.221716
0.219605
0.21731
0.215031
0.212934
0.21052
0.208627
0.206035
0.20436
0.201462
0.200687
0.202724
0.242838
0.420873
0.498476
0.286185
0.23647
0.230338
0.227153
0.225345
0.222821
0.220702
0.218409
0.216124
0.214027
0.21161
0.209713
0.20712
0.205438
0.20254
0.201753
0.203772
0.243772
0.421751
0.499342
0.287069
0.237547
0.231442
0.228274
0.226455
0.223938
0.22181
0.21952
0.217229
0.215131
0.212711
0.21081
0.208216
0.206528
0.20363
0.202831
0.204833
0.244718
0.422641
0.500217
0.287963
0.238635
0.232557
0.229407
0.227576
0.225066
0.22293
0.220642
0.218346
0.216246
0.213825
0.211919
0.209325
0.207629
0.204733
0.203922
0.205906
0.245676
0.423542
0.5011
0.288866
0.239735
0.233684
0.230552
0.228709
0.226205
0.224061
0.221776
0.219475
0.217374
0.21495
0.21304
0.210446
0.208743
0.205848
0.205025
0.206992
0.246647
0.424456
0.501991
0.289778
0.240847
0.234822
0.231708
0.229854
0.227357
0.225205
0.222922
0.220616
0.218514
0.216088
0.214174
0.211579
0.20987
0.206975
0.20614
0.20809
0.24763
0.425382
0.502892
0.290701
0.24197
0.235972
0.232877
0.231011
0.228521
0.226361
0.22408
0.22177
0.219666
0.217238
0.21532
0.212725
0.211009
0.208116
0.207268
0.209202
0.248626
0.426321
0.5038
0.291633
0.243106
0.237134
0.234057
0.23218
0.229697
0.227529
0.225251
0.222936
0.220831
0.218401
0.216479
0.213884
0.21216
0.209269
0.208409
0.210326
0.249634
0.427272
0.504718
0.292575
0.244253
0.238309
0.23525
0.233362
0.230885
0.228709
0.226434
0.224114
0.222009
0.219577
0.217651
0.215055
0.213325
0.210435
0.209563
0.211464
0.250656
0.428235
0.505644
0.293528
0.245413
0.239495
0.236455
0.234555
0.232086
0.229903
0.22763
0.225306
0.2232
0.220765
0.218835
0.21624
0.214503
0.211615
0.21073
0.212616
0.251691
0.429212
0.506579
0.29449
0.246585
0.240694
0.237673
0.235762
0.2333
0.231109
0.228839
0.22651
0.224403
0.221967
0.220033
0.217438
0.215695
0.212808
0.211911
0.213781
0.252739
0.430201
0.507523
0.295463
0.247769
0.241906
0.238904
0.236981
0.234527
0.232328
0.230061
0.227728
0.22562
0.223183
0.221245
0.21865
0.2169
0.214015
0.213106
0.21496
0.253801
0.431204
0.508476
0.296447
0.248967
0.24313
0.240147
0.238214
0.235767
0.233561
0.231296
0.22896
0.226851
0.224412
0.22247
0.219876
0.218118
0.215235
0.214314
0.216153
0.254877
0.43222
0.509438
0.297441
0.250177
0.244368
0.241404
0.23946
0.23702
0.234807
0.232545
0.230204
0.228095
0.225655
0.223709
0.221116
0.219351
0.21647
0.215537
0.217361
0.255968
0.43325
0.51041
0.298447
0.2514
0.245619
0.242674
0.240719
0.238287
0.236067
0.233808
0.231463
0.229353
0.226912
0.224962
0.222369
0.220598
0.21772
0.216774
0.218584
0.257072
0.434294
0.51139
0.299463
0.252637
0.246883
0.243957
0.241992
0.239567
0.23734
0.235084
0.232736
0.230625
0.228183
0.22623
0.223638
0.22186
0.218984
0.218026
0.219821
0.258191
0.435352
0.51238
0.30049
0.253887
0.24816
0.245255
0.243278
0.240862
0.238628
0.236375
0.234023
0.231912
0.229469
0.227512
0.224921
0.223136
0.220263
0.219292
0.221073
0.259325
0.436424
0.513379
0.301529
0.25515
0.249452
0.246566
0.244579
0.24217
0.23993
0.23768
0.235325
0.233213
0.230769
0.228808
0.226219
0.224427
0.221557
0.220574
0.222341
0.260474
0.437511
0.514387
0.302579
0.256428
0.250757
0.247891
0.245894
0.243493
0.241247
0.239
0.236642
0.234529
0.232085
0.23012
0.227532
0.225734
0.222866
0.221871
0.223625
0.261638
0.438612
0.515405
0.303641
0.257719
0.252077
0.249231
0.247224
0.244831
0.242578
0.240334
0.237973
0.23586
0.233416
0.231447
0.228861
0.227056
0.224192
0.223184
0.224925
0.262818
0.439729
0.516433
0.304715
0.259025
0.253411
0.250585
0.248568
0.246183
0.243924
0.241684
0.23932
0.237206
0.234762
0.23279
0.230205
0.228393
0.225533
0.224512
0.22624
0.264014
0.44086
0.517471
0.3058
0.260345
0.25476
0.251954
0.249927
0.247551
0.245286
0.243049
0.240682
0.238568
0.236124
0.234148
0.231565
0.229747
0.22689
0.225857
0.227573
0.265227
0.442008
0.518518
0.306898
0.261681
0.256124
0.253338
0.251301
0.248933
0.246663
0.244429
0.24206
0.239946
0.237502
0.235523
0.232942
0.231117
0.228264
0.227219
0.228922
0.266455
0.443171
0.519576
0.308009
0.263031
0.257502
0.254738
0.252691
0.250332
0.248056
0.245826
0.243455
0.24134
0.238896
0.236914
0.234335
0.232504
0.229654
0.228597
0.230288
0.267701
0.44435
0.520644
0.309132
0.264396
0.258897
0.256152
0.254097
0.251746
0.249465
0.247238
0.244865
0.24275
0.240307
0.238321
0.235745
0.233907
0.231062
0.229992
0.231672
0.268964
0.445546
0.521722
0.310268
0.265776
0.260307
0.257583
0.255518
0.253176
0.25089
0.248667
0.246292
0.244177
0.241735
0.239746
0.237172
0.235328
0.232487
0.231405
0.233073
0.270244
0.446758
0.52281
0.311418
0.267173
0.261732
0.25903
0.256956
0.254622
0.252332
0.250112
0.247736
0.245621
0.243179
0.241188
0.238617
0.236767
0.233929
0.232836
0.234493
0.271542
0.447987
0.523909
0.31258
0.268585
0.263174
0.260493
0.258411
0.256085
0.25379
0.251575
0.249197
0.247082
0.244642
0.242647
0.240079
0.238223
0.23539
0.234284
0.235931
0.272858
0.449234
0.525018
0.313756
0.270014
0.264633
0.261972
0.259882
0.257565
0.255266
0.253055
0.250675
0.248561
0.246122
0.244124
0.241559
0.239697
0.236869
0.235752
0.237387
0.274192
0.450498
0.526139
0.314946
0.271458
0.266108
0.263469
0.26137
0.259063
0.256759
0.254552
0.252172
0.250058
0.24762
0.24562
0.243058
0.24119
0.238367
0.237237
0.238863
0.275546
0.45178
0.52727
0.31615
0.27292
0.2676
0.264982
0.262876
0.260577
0.25827
0.256067
0.253686
0.251573
0.249137
0.247134
0.244576
0.242701
0.239884
0.238742
0.240358
0.276918
0.453081
0.528412
0.317368
0.274399
0.269109
0.266513
0.264399
0.26211
0.259799
0.2576
0.255219
0.253106
0.250672
0.248667
0.246112
0.244232
0.24142
0.240267
0.241873
0.278311
0.4544
0.529566
0.318601
0.275895
0.270636
0.268062
0.26594
0.26366
0.261347
0.259152
0.256771
0.254658
0.252227
0.250219
0.247668
0.245782
0.242976
0.241811
0.243409
0.279723
0.455738
0.53073
0.319849
0.277408
0.272181
0.269628
0.2675
0.265229
0.262913
0.260722
0.258341
0.25623
0.253801
0.25179
0.249244
0.247353
0.244553
0.243376
0.244965
0.281156
0.457095
0.531907
0.321112
0.27894
0.273744
0.271213
0.269078
0.266817
0.264498
0.262312
0.259931
0.257821
0.255394
0.253382
0.25084
0.248943
0.246149
0.244961
0.246542
0.282609
0.458473
0.533095
0.32239
0.280489
0.275325
0.272817
0.270675
0.268424
0.266102
0.263921
0.261541
0.259432
0.257008
0.254994
0.252457
0.250555
0.247767
0.246567
0.24814
0.284084
0.45987
0.534295
0.323684
0.282058
0.276926
0.274439
0.272292
0.27005
0.267727
0.26555
0.263172
0.261063
0.258643
0.256627
0.254094
0.252187
0.249406
0.248195
0.249761
0.285581
0.461288
0.535507
0.324993
0.283645
0.278545
0.276081
0.273928
0.271696
0.269371
0.267199
0.264822
0.262715
0.260299
0.25828
0.255753
0.253841
0.251067
0.249844
0.251403
0.2871
0.462727
0.536731
0.326319
0.285251
0.280184
0.277743
0.275584
0.273362
0.271036
0.268869
0.266494
0.264388
0.261975
0.259956
0.257434
0.255517
0.25275
0.251516
0.253069
0.288641
0.464187
0.537968
0.327662
0.286876
0.281843
0.279424
0.277261
0.275049
0.272722
0.27056
0.268187
0.266083
0.263674
0.261653
0.259137
0.257215
0.254456
0.253211
0.254757
0.290205
0.465669
0.539217
0.329022
0.288522
0.283522
0.281126
0.278958
0.276756
0.274429
0.272272
0.269901
0.2678
0.265395
0.263373
0.260863
0.258936
0.256185
0.254929
0.25647
0.291793
0.467174
0.540478
0.330398
0.290188
0.285222
0.282849
0.280677
0.278485
0.276158
0.274006
0.271638
0.269538
0.267139
0.265115
0.262611
0.260681
0.257937
0.256671
0.258206
0.293406
0.468701
0.541753
0.331793
0.291874
0.286943
0.284592
0.282417
0.280235
0.277909
0.275763
0.273398
0.2713
0.268905
0.266881
0.264384
0.262449
0.259714
0.258437
0.259968
0.295042
0.470251
0.543041
0.333205
0.293581
0.288685
0.286357
0.284179
0.282008
0.279682
0.277542
0.27518
0.273085
0.270695
0.268671
0.26618
0.264242
0.261515
0.260228
0.261754
0.296704
0.471825
0.544342
0.334635
0.295309
0.290449
0.288144
0.285963
0.283803
0.281478
0.279344
0.276986
0.274893
0.272509
0.270485
0.268001
0.266059
0.263341
0.262044
0.263566
0.298392
0.473423
0.545656
0.336084
0.29706
0.292235
0.289954
0.28777
0.28562
0.283298
0.281169
0.278816
0.276726
0.274348
0.272323
0.269847
0.267902
0.265193
0.263886
0.265405
0.300106
0.475046
0.546985
0.337552
0.298832
0.294044
0.291786
0.289601
0.287462
0.285141
0.283019
0.28067
0.278583
0.276212
0.274187
0.271718
0.26977
0.26707
0.265754
0.26727
0.301847
0.476694
0.548327
0.339039
0.300626
0.295876
0.293641
0.291455
0.289327
0.287009
0.284893
0.282549
0.280466
0.278101
0.276076
0.273616
0.271665
0.268975
0.267649
0.269163
0.303615
0.478368
0.549683
0.340546
0.302444
0.297731
0.29552
0.293333
0.291216
0.288902
0.286792
0.284454
0.282374
0.280016
0.277992
0.27554
0.273586
0.270907
0.269572
0.271084
0.305412
0.480068
0.551054
0.342074
0.304285
0.29961
0.297422
0.295235
0.29313
0.290819
0.288716
0.286384
0.284308
0.281958
0.279935
0.277492
0.275535
0.272866
0.271522
0.273033
0.307237
0.481795
0.552439
0.343621
0.30615
0.301514
0.299349
0.297163
0.295069
0.292763
0.290667
0.288341
0.286269
0.283926
0.281905
0.279471
0.277512
0.274854
0.273502
0.275012
0.309091
0.483549
0.553839
0.34519
0.308039
0.303442
0.301302
0.299116
0.297034
0.294733
0.292644
0.290325
0.288257
0.285923
0.283903
0.281478
0.279518
0.276871
0.27551
0.277021
0.310976
0.485332
0.555253
0.34678
0.309952
0.305396
0.303279
0.301096
0.299025
0.296729
0.294648
0.292337
0.290273
0.287947
0.285929
0.283515
0.281553
0.278918
0.277549
0.27906
0.312891
0.487143
0.556684
0.348392
0.311891
0.307375
0.305283
0.303102
0.301043
0.298753
0.296679
0.294376
0.292318
0.290001
0.287985
0.285581
0.283618
0.280995
0.279618
0.28113
0.314838
0.488983
0.558129
0.350026
0.313856
0.309381
0.307313
0.305135
0.303089
0.300805
0.298739
0.296444
0.294391
0.292084
0.290071
0.287677
0.285714
0.283103
0.281719
0.283233
0.316818
0.490854
0.55959
0.351683
0.315846
0.311414
0.30937
0.307196
0.305162
0.302886
0.300828
0.298542
0.296494
0.294197
0.292187
0.289804
0.287841
0.285243
0.283852
0.285368
0.31883
0.492755
0.561068
0.353364
0.317863
0.313474
0.311454
0.309285
0.307263
0.304995
0.302946
0.300669
0.298628
0.296341
0.294334
0.291963
0.289999
0.287415
0.286017
0.287537
0.320876
0.494688
0.562561
0.355068
0.319908
0.315562
0.313567
0.311403
0.309394
0.307134
0.305094
0.302827
0.300792
0.298516
0.296513
0.294154
0.292191
0.28962
0.288216
0.28974
0.322956
0.496652
0.564071
0.356796
0.32198
0.317678
0.315708
0.31355
0.311554
0.309304
0.307272
0.305016
0.302988
0.300723
0.298725
0.296378
0.294416
0.291859
0.29045
0.291977
0.325072
0.49865
0.565598
0.358549
0.32408
0.319824
0.317878
0.315727
0.313745
0.311504
0.309482
0.307237
0.305216
0.302963
0.30097
0.298635
0.296675
0.294133
0.292718
0.294251
0.327225
0.500681
0.567142
0.360328
0.326209
0.321999
0.320078
0.317935
0.315966
0.313736
0.311724
0.309491
0.307477
0.305237
0.303248
0.300928
0.298969
0.296442
0.295023
0.296562
0.329415
0.502747
0.568703
0.362132
0.328368
0.324205
0.322309
0.320174
0.318219
0.316
0.313998
0.311778
0.309772
0.307545
0.305562
0.303255
0.301299
0.298788
0.297364
0.29891
0.331642
0.504847
0.570282
0.363963
0.330557
0.326441
0.32457
0.322445
0.320504
0.318297
0.316306
0.314099
0.312102
0.309888
0.307911
0.305619
0.303666
0.301171
0.299743
0.301296
0.333909
0.506984
0.571878
0.365821
0.332776
0.328709
0.326864
0.324749
0.322822
0.320628
0.318648
0.316454
0.314466
0.312267
0.310297
0.308019
0.30607
0.303592
0.302161
0.303722
0.336216
0.509158
0.573493
0.367707
0.335026
0.33101
0.329189
0.327086
0.325174
0.322994
0.321024
0.318845
0.316867
0.314682
0.31272
0.310458
0.308513
0.306052
0.304618
0.306188
0.338564
0.51137
0.575126
0.369621
0.337309
0.333343
0.331548
0.329457
0.32756
0.325394
0.323437
0.321273
0.319305
0.317135
0.315181
0.312935
0.310995
0.308551
0.307115
0.308696
0.340955
0.51362
0.576778
0.371564
0.339624
0.33571
0.333941
0.331863
0.329981
0.327831
0.325886
0.323738
0.32178
0.319627
0.317681
0.315452
0.313517
0.311092
0.309654
0.311246
0.343388
0.51591
0.57845
0.373537
0.341972
0.338111
0.336368
0.334304
0.332438
0.330304
0.328372
0.326241
0.324294
0.322157
0.320221
0.318009
0.31608
0.313674
0.312236
0.313839
0.345866
0.518241
0.580141
0.37554
0.344354
0.340547
0.33883
0.336782
0.334932
0.332815
0.330896
0.328782
0.326848
0.324728
0.322802
0.320608
0.318686
0.3163
0.314861
0.316477
0.34839
0.520613
0.581851
0.377574
0.346771
0.34302
0.341328
0.339297
0.337463
0.335364
0.333459
0.331364
0.329442
0.32734
0.325425
0.323249
0.321335
0.318969
0.317531
0.319161
0.35096
0.523028
0.583582
0.37964
0.349224
0.345529
0.343864
0.34185
0.340033
0.337953
0.336063
0.333986
0.332078
0.329995
0.32809
0.325934
0.324028
0.321684
0.320247
0.321891
0.353579
0.525487
0.585334
0.381739
0.351713
0.348075
0.346437
0.344442
0.342642
0.340582
0.338707
0.33665
0.334756
0.332692
0.3308
0.328664
0.326767
0.324444
0.32301
0.32467
0.356246
0.527991
0.587106
0.383871
0.354239
0.35066
0.349048
0.347073
0.345291
0.343253
0.341393
0.339357
0.337477
0.335434
0.333555
0.33144
0.329552
0.327252
0.325821
0.327497
0.358964
0.530541
0.5889
0.386038
0.356802
0.353283
0.351699
0.349745
0.347982
0.345965
0.344121
0.342108
0.340243
0.338221
0.336356
0.334262
0.332386
0.330109
0.328682
0.330376
0.361734
0.533138
0.590715
0.38824
0.359405
0.355947
0.35439
0.352459
0.350714
0.34872
0.346894
0.344903
0.343055
0.341055
0.339204
0.337133
0.335268
0.333016
0.331593
0.333306
0.364558
0.535784
0.592553
0.390478
0.362047
0.358652
0.357122
0.355215
0.35349
0.35152
0.349712
0.347744
0.345913
0.343936
0.342101
0.340053
0.338201
0.335974
0.334556
0.336289
0.367436
0.538479
0.594413
0.392752
0.364729
0.361399
0.359896
0.358015
0.356309
0.354365
0.352576
0.350633
0.34882
0.346866
0.345048
0.343024
0.341186
0.338984
0.337573
0.339327
0.370371
0.541226
0.596296
0.395065
0.367453
0.364188
0.362714
0.360859
0.359174
0.357257
0.355487
0.353569
0.351775
0.349846
0.348046
0.346047
0.344223
0.342048
0.340646
0.342422
0.373363
0.544024
0.598203
0.397418
0.37022
0.367022
0.365576
0.363749
0.362085
0.360195
0.358446
0.356555
0.354781
0.352878
0.351096
0.349123
0.347315
0.345168
0.343774
0.345573
0.376415
0.546877
0.600133
0.39981
0.37303
0.3699
0.368483
0.366685
0.365044
0.363183
0.361455
0.359592
0.357839
0.355962
0.354201
0.352254
0.350463
0.348345
0.346961
0.348784
0.379528
0.549785
0.602088
0.402244
0.375885
0.372824
0.371436
0.36967
0.368051
0.36622
0.364515
0.36268
0.36095
0.359101
0.35736
0.355441
0.353669
0.35158
0.350207
0.352056
0.382704
0.552749
0.604067
0.404721
0.378785
0.375795
0.374437
0.372703
0.371108
0.369309
0.367627
0.365822
0.364115
0.362294
0.360576
0.358686
0.356933
0.354875
0.353514
0.355391
0.385944
0.555772
0.606072
0.407241
0.381732
0.378815
0.377487
0.375787
0.374217
0.37245
0.370793
0.369018
0.367336
0.365545
0.36385
0.361991
0.360258
0.358232
0.356885
0.358789
0.38925
0.558854
0.608103
0.409807
0.384727
0.381884
0.380586
0.378922
0.377377
0.375644
0.374013
0.372271
0.370614
0.368855
0.367184
0.365356
0.363645
0.361652
0.36032
0.362254
0.392624
0.561998
0.610161
0.41242
0.387771
0.385004
0.383737
0.38211
0.380592
0.378894
0.37729
0.375581
0.373951
0.372224
0.37058
0.368784
0.367096
0.365137
0.363822
0.365786
0.396068
0.565205
0.612245
0.415082
0.390865
0.388175
0.38694
0.385352
0.383861
0.382201
0.380625
0.37895
0.377349
0.375655
0.374038
0.372276
0.370614
0.36869
0.367392
0.369388
0.399584
0.568477
0.614358
0.417793
0.394011
0.3914
0.390197
0.388649
0.387188
0.385565
0.384019
0.38238
0.380809
0.37915
0.377562
0.375835
0.374199
0.372311
0.371033
0.373061
0.403173
0.571815
0.616498
0.420557
0.397211
0.394679
0.393509
0.392004
0.390573
0.388989
0.387474
0.385873
0.384332
0.382709
0.381152
0.379461
0.377853
0.376004
0.374746
0.376808
0.406838
0.575222
0.618668
0.423375
0.400465
0.398014
0.396878
0.395417
0.394017
0.392475
0.390992
0.389429
0.387921
0.386336
0.384811
0.383158
0.381579
0.379769
0.378534
0.380631
0.41058
0.578698
0.620868
0.426249
0.403775
0.401406
0.400305
0.39889
0.397523
0.396023
0.394574
0.393052
0.391578
0.390032
0.388541
0.386926
0.385379
0.38361
0.382399
0.384531
0.414401
0.582247
0.623098
0.429182
0.407143
0.404858
0.403793
0.402425
0.401092
0.399636
0.398222
0.396742
0.395304
0.393798
0.392343
0.390768
0.389255
0.387528
0.386342
0.388511
0.418303
0.58587
0.625359
0.432176
0.41057
0.40837
0.407341
0.406023
0.404725
0.403316
0.401939
0.400501
0.399102
0.397638
0.396219
0.394687
0.393209
0.391525
0.390368
0.392573
0.422288
0.589568
0.627654
0.435235
0.414059
0.411945
0.410954
0.409686
0.408426
0.407063
0.405725
0.404333
0.402973
0.401552
0.400173
0.398684
0.397243
0.395605
0.394476
0.396719
0.426357
0.593345
0.629981
0.43836
0.417611
0.415583
0.414631
0.413417
0.412195
0.410881
0.409584
0.408238
0.406919
0.405544
0.404205
0.402762
0.40136
0.399768
0.398671
0.400951
0.430513
0.597201
0.632343
0.441557
0.421229
0.419287
0.418375
0.417216
0.416035
0.414772
0.413517
0.412219
0.410943
0.409615
0.408319
0.406923
0.405563
0.404019
0.402955
0.405272
0.434756
0.601139
0.63474
0.444829
0.424913
0.423059
0.422189
0.421086
0.419947
0.418737
0.417526
0.416278
0.415047
0.413768
0.412517
0.411169
0.409853
0.408359
0.40733
0.409684
0.439088
0.605161
0.637175
0.448183
0.428665
0.4269
0.426073
0.42503
0.423935
0.422779
0.421614
0.420418
0.419234
0.418005
0.416801
0.415504
0.414233
0.412791
0.411799
0.414188
0.44351
0.609269
0.639647
0.451624
0.432487
0.430813
0.430031
0.429048
0.428
0.4269
0.425783
0.42464
0.423505
0.422328
0.421174
0.419929
0.418707
0.417317
0.416364
0.418788
0.448023
0.613464
0.64216
0.455158
0.436381
0.434799
0.434065
0.433145
0.432145
0.431102
0.430036
0.428948
0.427864
0.426742
0.425639
0.424447
0.423276
0.421941
0.421029
0.423484
0.452626
0.617749
0.644714
0.458792
0.440349
0.438863
0.438177
0.437322
0.436372
0.435389
0.434375
0.433344
0.432313
0.431247
0.430197
0.429062
0.427944
0.426665
0.425796
0.428279
0.45732
0.622125
0.647312
0.462534
0.444393
0.443005
0.442371
0.441581
0.440684
0.439763
0.438802
0.437831
0.436855
0.435847
0.434853
0.433775
0.432713
0.431493
0.430668
0.433176
0.462104
0.626593
0.649978
0.466364
0.448518
0.447228
0.446648
0.445927
0.445084
0.444227
0.443322
0.442412
0.441493
0.440544
0.439608
0.43859
0.437586
0.436426
0.435647
0.438174
0.466975
0.631156
0.652721
0.470278
0.452725
0.451536
0.451011
0.450361
0.449575
0.448783
0.447936
0.447089
0.446229
0.445342
0.444467
0.44351
0.442567
0.441468
0.440737
0.443276
0.471931
0.635813
0.655553
0.474283
0.457018
0.455932
0.455465
0.454887
0.45416
0.453436
0.452649
0.451867
0.451068
0.450244
0.449431
0.448537
0.447658
0.446622
0.44594
0.448482
0.476968
0.640566
0.658483
0.478382
0.4614
0.460419
0.460013
0.459509
0.458843
0.458187
0.457462
0.456747
0.456011
0.455252
0.454503
0.453675
0.452862
0.451889
0.451258
0.453793
0.482078
0.645414
0.661524
0.48258
0.465876
0.465002
0.464658
0.46423
0.463626
0.463042
0.462381
0.461733
0.461062
0.46037
0.459688
0.458926
0.458181
0.457275
0.456694
0.459208
0.487252
0.650357
0.664695
0.486883
0.470451
0.469683
0.469404
0.469054
0.468515
0.468003
0.467407
0.466829
0.466225
0.465601
0.464987
0.464293
0.46362
0.462779
0.46225
0.464726
0.492477
0.655393
0.668016
0.491299
0.475127
0.474467
0.474256
0.473986
0.473512
0.473075
0.472546
0.472039
0.471502
0.470948
0.470405
0.46978
0.469181
0.468407
0.467928
0.470344
0.497733
0.660519
0.671518
0.495835
0.479913
0.479361
0.479218
0.47903
0.478623
0.478262
0.4778
0.477366
0.476899
0.476415
0.475944
0.475389
0.474865
0.474158
0.473729
0.476058
0.50299
0.665731
0.675241
0.500502
0.484812
0.484368
0.484296
0.48419
0.483851
0.483567
0.483174
0.482814
0.482417
0.482005
0.481608
0.481123
0.480677
0.480037
0.479655
0.481861
0.508204
0.671021
0.679238
0.505311
0.489832
0.489494
0.489494
0.489472
0.489202
0.488996
0.488673
0.488387
0.488062
0.487721
0.4874
0.486985
0.48662
0.486046
0.485707
0.487745
0.513315
0.676378
0.683587
0.510279
0.49498
0.494747
0.494817
0.494881
0.494679
0.494553
0.4943
0.494089
0.493838
0.493569
0.493324
0.492979
0.492696
0.492186
0.491887
0.493695
0.51823
0.68178
0.405804
0.211321
0.13792
0.118992
0.113291
0.111933
0.109887
0.108678
0.106956
0.105567
0.104042
0.102512
0.101178
0.0994797
0.0983742
0.0964409
0.0963937
0.101548
0.153665
0.335676
0.406258
0.208938
0.136604
0.118855
0.113421
0.112175
0.110095
0.108907
0.107158
0.105776
0.10424
0.102706
0.101376
0.0996605
0.0985763
0.0966122
0.0966321
0.101951
0.154766
0.33736
0.406671
0.20716
0.135617
0.118814
0.113581
0.112426
0.11031
0.109143
0.107368
0.105993
0.104446
0.102908
0.101583
0.0998503
0.0987858
0.0967937
0.0968745
0.102338
0.155706
0.338683
0.407051
0.205769
0.134872
0.118843
0.113763
0.112684
0.110533
0.109386
0.107585
0.106217
0.10466
0.103118
0.101796
0.100048
0.099002
0.0969843
0.0971199
0.102712
0.156528
0.339765
0.407407
0.204654
0.13431
0.118924
0.113963
0.112946
0.110762
0.109633
0.107809
0.106448
0.10488
0.103334
0.102016
0.100254
0.0992238
0.0971831
0.0973679
0.103075
0.15726
0.340678
0.407742
0.203753
0.13389
0.119045
0.114177
0.113213
0.110998
0.109885
0.108038
0.106683
0.105106
0.103557
0.102241
0.100467
0.0994507
0.0973891
0.0976181
0.103429
0.157921
0.341464
0.40806
0.203022
0.133583
0.119196
0.114402
0.113484
0.111239
0.11014
0.108274
0.106924
0.105338
0.103786
0.102472
0.100685
0.099682
0.0976015
0.0978702
0.103776
0.158524
0.342149
0.408364
0.202432
0.133367
0.119371
0.114637
0.113757
0.111486
0.1104
0.108514
0.10717
0.105575
0.104019
0.102707
0.100909
0.0999172
0.0978197
0.0981239
0.104117
0.159078
0.342752
0.408657
0.201959
0.133226
0.119565
0.11488
0.114033
0.111737
0.110663
0.108759
0.107419
0.105816
0.104258
0.102946
0.101138
0.100156
0.0980431
0.0983792
0.104453
0.159592
0.343287
0.40894
0.201584
0.133146
0.119775
0.11513
0.114311
0.111993
0.110929
0.109009
0.107672
0.106062
0.1045
0.103189
0.101372
0.100398
0.0982713
0.0986359
0.104784
0.160071
0.343764
0.409216
0.201293
0.133118
0.119999
0.115386
0.114592
0.112252
0.111197
0.109262
0.107929
0.106311
0.104746
0.103436
0.10161
0.100643
0.0985038
0.0988939
0.105111
0.160519
0.344192
0.409484
0.201073
0.133132
0.120233
0.115648
0.114874
0.112515
0.111468
0.109519
0.108189
0.106564
0.104996
0.103686
0.101852
0.100891
0.0987403
0.0991532
0.105434
0.160941
0.344576
0.409748
0.200915
0.133183
0.120476
0.115913
0.115159
0.112781
0.111742
0.109779
0.108452
0.10682
0.10525
0.103939
0.102097
0.101141
0.0989804
0.0994137
0.105754
0.16134
0.344924
0.410007
0.200808
0.133264
0.120727
0.116183
0.115445
0.113051
0.112017
0.110043
0.108717
0.107079
0.105506
0.104195
0.102345
0.101393
0.0992239
0.0996755
0.106071
0.161718
0.345239
0.410262
0.200747
0.133371
0.120984
0.116457
0.115732
0.113323
0.112295
0.11031
0.108985
0.107341
0.105765
0.104453
0.102597
0.101648
0.0994707
0.0999384
0.106385
0.162077
0.345526
0.410515
0.200724
0.133501
0.121248
0.116734
0.116022
0.113599
0.112575
0.110579
0.109255
0.107606
0.106027
0.104714
0.102852
0.101905
0.0997203
0.100202
0.106697
0.162421
0.345788
0.410765
0.200734
0.133649
0.121517
0.117014
0.116313
0.113876
0.112857
0.110851
0.109528
0.107873
0.106291
0.104977
0.103109
0.102164
0.0999728
0.100468
0.107006
0.16275
0.34603
0.411013
0.200774
0.133814
0.12179
0.117297
0.116605
0.114157
0.11314
0.111126
0.109803
0.108143
0.106558
0.105242
0.103369
0.102425
0.100228
0.100734
0.107313
0.163067
0.346252
0.411261
0.200838
0.133992
0.122067
0.117583
0.1169
0.11444
0.113426
0.111403
0.11008
0.108415
0.106827
0.10551
0.103631
0.102688
0.100486
0.101002
0.107618
0.163372
0.346459
0.411507
0.200924
0.134183
0.122348
0.117871
0.117195
0.114725
0.113713
0.111682
0.110359
0.108689
0.107098
0.105779
0.103895
0.102953
0.100746
0.10127
0.107921
0.163667
0.346652
0.411753
0.201029
0.134385
0.122633
0.118162
0.117493
0.115012
0.114002
0.111963
0.11064
0.108966
0.107371
0.106051
0.104162
0.103219
0.101008
0.10154
0.108222
0.163954
0.346834
0.411998
0.201151
0.134596
0.12292
0.118455
0.117791
0.115301
0.114293
0.112247
0.110923
0.109244
0.107647
0.106325
0.104431
0.103488
0.101273
0.101811
0.108521
0.164234
0.347007
0.412243
0.201288
0.134815
0.123211
0.11875
0.118092
0.115592
0.114586
0.112533
0.111208
0.109525
0.107924
0.1066
0.104702
0.103758
0.10154
0.102083
0.108819
0.164507
0.347172
0.412489
0.201437
0.135041
0.123504
0.119048
0.118394
0.115886
0.11488
0.112821
0.111495
0.109808
0.108204
0.106878
0.104976
0.10403
0.101808
0.102357
0.109114
0.164775
0.347332
0.412734
0.201598
0.135275
0.1238
0.119347
0.118697
0.116181
0.115176
0.113111
0.111784
0.110092
0.108485
0.107157
0.105251
0.104304
0.102079
0.102631
0.109409
0.165023
0.347496
0.412981
0.201768
0.135514
0.124098
0.119649
0.119003
0.116479
0.115474
0.113402
0.112074
0.110379
0.108769
0.107438
0.105528
0.10458
0.102352
0.102907
0.109703
0.165256
0.347665
0.413228
0.201948
0.135759
0.124399
0.119952
0.119309
0.116778
0.115773
0.113696
0.112366
0.110667
0.109054
0.107721
0.105807
0.104857
0.102627
0.103184
0.10999
0.165484
0.347837
0.413475
0.202136
0.136009
0.124702
0.120258
0.119618
0.11708
0.116075
0.113992
0.11266
0.110958
0.109341
0.108006
0.106089
0.105136
0.102903
0.103462
0.11027
0.165709
0.348011
0.413724
0.202331
0.136263
0.125007
0.120565
0.119928
0.117383
0.116378
0.11429
0.112956
0.11125
0.10963
0.108292
0.106372
0.105417
0.103182
0.103741
0.110546
0.16593
0.348188
0.413973
0.202533
0.136522
0.125315
0.120875
0.120239
0.117688
0.116682
0.114589
0.113254
0.111544
0.10992
0.108581
0.106657
0.1057
0.103462
0.104021
0.11082
0.166148
0.348367
0.414224
0.202741
0.136784
0.125624
0.121186
0.120553
0.117995
0.116988
0.114891
0.113553
0.11184
0.110213
0.108871
0.106943
0.105984
0.103744
0.104301
0.111093
0.166362
0.348548
0.414475
0.202955
0.137051
0.125936
0.1215
0.120868
0.118304
0.117297
0.115194
0.113854
0.112137
0.110507
0.109163
0.107232
0.10627
0.104027
0.104583
0.111363
0.166574
0.348731
0.414728
0.203173
0.137321
0.126249
0.121815
0.121184
0.118615
0.117606
0.115499
0.114157
0.112437
0.110804
0.109457
0.107522
0.106558
0.104313
0.104866
0.111633
0.166785
0.348916
0.414982
0.203396
0.137594
0.126565
0.122132
0.121502
0.118928
0.117918
0.115806
0.114462
0.112738
0.111102
0.109752
0.107815
0.106847
0.1046
0.10515
0.111902
0.166995
0.349103
0.415238
0.203624
0.137871
0.126883
0.122451
0.121822
0.119242
0.118231
0.116115
0.114768
0.113041
0.111401
0.11005
0.108109
0.107139
0.104888
0.105435
0.11217
0.167203
0.349291
0.415495
0.203856
0.138151
0.127203
0.122772
0.122144
0.119559
0.118546
0.116426
0.115077
0.113346
0.111703
0.110349
0.108404
0.107432
0.105178
0.105722
0.112438
0.167411
0.349482
0.415753
0.204092
0.138434
0.127525
0.123095
0.122468
0.119877
0.118863
0.116738
0.115387
0.113653
0.112006
0.11065
0.108702
0.107728
0.10547
0.10601
0.112706
0.167619
0.349674
0.416013
0.204331
0.13872
0.127848
0.12342
0.122793
0.120197
0.119181
0.117053
0.115699
0.113962
0.112311
0.110952
0.109002
0.108025
0.105763
0.1063
0.112975
0.167827
0.349868
0.416274
0.204574
0.139009
0.128174
0.123747
0.12312
0.120519
0.119502
0.117369
0.116012
0.114272
0.112618
0.111257
0.109303
0.108323
0.106058
0.106591
0.113244
0.168035
0.350064
0.416537
0.204821
0.1393
0.128502
0.124076
0.123448
0.120843
0.119824
0.117687
0.116328
0.114584
0.112927
0.111563
0.109606
0.108624
0.106355
0.106884
0.113513
0.168244
0.350261
0.416802
0.20507
0.139595
0.128832
0.124407
0.123779
0.121169
0.120147
0.118007
0.116645
0.114898
0.113238
0.111871
0.109911
0.108926
0.106653
0.107178
0.113784
0.168453
0.35046
0.417068
0.205322
0.139892
0.129164
0.124739
0.124111
0.121497
0.120473
0.118329
0.116964
0.115214
0.11355
0.112181
0.110218
0.109231
0.106953
0.107474
0.114055
0.168663
0.350661
0.417336
0.205578
0.140192
0.129497
0.125074
0.124445
0.121827
0.120801
0.118653
0.117285
0.115532
0.113865
0.112493
0.110526
0.109537
0.107255
0.107771
0.114327
0.168874
0.350864
0.417606
0.205836
0.140494
0.129833
0.125411
0.124781
0.122158
0.12113
0.118979
0.117608
0.115852
0.114181
0.112807
0.110836
0.109844
0.107558
0.10807
0.114601
0.169086
0.351068
0.417877
0.206097
0.140799
0.130171
0.125749
0.125119
0.122492
0.121461
0.119306
0.117932
0.116174
0.114499
0.113123
0.111148
0.110154
0.107864
0.108371
0.114875
0.169299
0.351274
0.41815
0.20636
0.141106
0.13051
0.12609
0.125458
0.122828
0.121794
0.119636
0.118259
0.116497
0.114819
0.113441
0.111462
0.110465
0.10817
0.108673
0.115151
0.169514
0.351482
0.418425
0.206626
0.141416
0.130852
0.126432
0.1258
0.123165
0.122129
0.119968
0.118587
0.116822
0.115141
0.11376
0.111778
0.110779
0.108479
0.108978
0.115428
0.169729
0.351691
0.418702
0.206895
0.141728
0.131196
0.126777
0.126143
0.123505
0.122466
0.120301
0.118917
0.11715
0.115464
0.114081
0.112095
0.111094
0.10879
0.109283
0.115707
0.169946
0.351902
0.418981
0.207166
0.142043
0.131541
0.127124
0.126488
0.123846
0.122805
0.120636
0.119249
0.117479
0.11579
0.114405
0.112414
0.111411
0.109102
0.109591
0.115987
0.170164
0.352115
0.419261
0.207439
0.14236
0.131889
0.127472
0.126836
0.124189
0.123145
0.120974
0.119583
0.11781
0.116118
0.11473
0.112736
0.111729
0.109416
0.1099
0.116269
0.170383
0.352329
0.419544
0.207715
0.14268
0.132239
0.127823
0.127185
0.124535
0.123488
0.121313
0.119919
0.118143
0.116447
0.115057
0.113059
0.11205
0.109732
0.110212
0.116553
0.170605
0.352545
0.419828
0.207993
0.143002
0.13259
0.128175
0.127536
0.124882
0.123832
0.121654
0.120257
0.118478
0.116779
0.115386
0.113384
0.112373
0.11005
0.110525
0.116838
0.170827
0.352763
0.420114
0.208273
0.143326
0.132944
0.12853
0.127889
0.125232
0.124179
0.121998
0.120597
0.118815
0.117112
0.115716
0.11371
0.112697
0.11037
0.11084
0.117125
0.171051
0.352983
0.420402
0.208555
0.143653
0.1333
0.128887
0.128244
0.125583
0.124527
0.122343
0.120939
0.119154
0.117447
0.116049
0.114039
0.113024
0.110692
0.111156
0.117413
0.171277
0.353204
0.420693
0.20884
0.143981
0.133658
0.129246
0.128601
0.125937
0.124878
0.12269
0.121283
0.119495
0.117785
0.116384
0.11437
0.113352
0.111015
0.111475
0.117704
0.171505
0.353427
0.420985
0.209127
0.144313
0.134018
0.129607
0.12896
0.126292
0.12523
0.123039
0.121628
0.119838
0.118124
0.116721
0.114703
0.113683
0.111341
0.111796
0.117996
0.171734
0.353652
0.421279
0.209416
0.144646
0.13438
0.12997
0.129321
0.12665
0.125585
0.123391
0.121976
0.120183
0.118465
0.11706
0.115038
0.114015
0.111669
0.112118
0.11829
0.171964
0.353878
0.421575
0.209707
0.144982
0.134744
0.130335
0.129684
0.12701
0.125941
0.123744
0.122326
0.12053
0.118809
0.1174
0.115374
0.114349
0.111998
0.112442
0.118586
0.172197
0.354107
0.421873
0.21
0.14532
0.13511
0.130703
0.130049
0.127372
0.1263
0.1241
0.122678
0.120879
0.119154
0.117743
0.115713
0.114685
0.112329
0.112769
0.118884
0.172431
0.354337
0.422173
0.210295
0.145661
0.135478
0.131072
0.130416
0.127736
0.12666
0.124458
0.123032
0.12123
0.119501
0.118088
0.116054
0.115024
0.112663
0.113097
0.119183
0.172667
0.354569
0.422476
0.210592
0.146003
0.135849
0.131444
0.130786
0.128102
0.127023
0.124817
0.123388
0.121583
0.119851
0.118435
0.116396
0.115364
0.112998
0.113428
0.119485
0.172905
0.354802
0.42278
0.210892
0.146348
0.136221
0.131818
0.131157
0.12847
0.127388
0.125179
0.123746
0.121939
0.120202
0.118784
0.116741
0.115707
0.113336
0.11376
0.119789
0.173144
0.355038
0.423086
0.211193
0.146695
0.136596
0.132194
0.131531
0.128841
0.127755
0.125543
0.124106
0.122296
0.120556
0.119135
0.117088
0.116051
0.113676
0.114094
0.120094
0.173386
0.355275
0.423395
0.211497
0.147045
0.136973
0.132572
0.131907
0.129214
0.128124
0.12591
0.124469
0.122656
0.120912
0.119488
0.117437
0.116398
0.114017
0.114431
0.120402
0.173629
0.355514
0.423706
0.211802
0.147397
0.137352
0.132953
0.132285
0.129589
0.128495
0.126278
0.124833
0.123018
0.12127
0.119843
0.117788
0.116746
0.114361
0.114769
0.120712
0.173874
0.355755
0.424018
0.21211
0.147751
0.137734
0.133335
0.132665
0.129966
0.128869
0.126649
0.1252
0.123382
0.12163
0.120201
0.118142
0.117097
0.114707
0.11511
0.121023
0.174121
0.355998
0.424333
0.212419
0.148108
0.138117
0.133721
0.133047
0.130345
0.129244
0.127022
0.125569
0.123748
0.121992
0.120561
0.118497
0.11745
0.115055
0.115453
0.121337
0.17437
0.356242
0.42465
0.212731
0.148466
0.138503
0.134108
0.133432
0.130727
0.129622
0.127397
0.12594
0.124117
0.122356
0.120922
0.118855
0.117805
0.115405
0.115797
0.121653
0.17462
0.356489
0.42497
0.213045
0.148827
0.138891
0.134498
0.133818
0.131111
0.130002
0.127774
0.126313
0.124487
0.122723
0.121286
0.119215
0.118162
0.115757
0.116144
0.121971
0.174873
0.356737
0.425291
0.21336
0.149191
0.139281
0.13489
0.134207
0.131497
0.130385
0.128154
0.126689
0.12486
0.123092
0.121653
0.119577
0.118522
0.116112
0.116494
0.122292
0.175128
0.356988
0.425615
0.213678
0.149557
0.139674
0.135284
0.134599
0.131886
0.130769
0.128536
0.127067
0.125235
0.123463
0.122021
0.119941
0.118883
0.116469
0.116845
0.122614
0.175384
0.35724
0.42594
0.213998
0.149925
0.140069
0.135681
0.134992
0.132277
0.131156
0.12892
0.127447
0.125613
0.123836
0.122392
0.120307
0.119247
0.116828
0.117199
0.122939
0.175643
0.357494
0.426268
0.21432
0.150296
0.140466
0.13608
0.135388
0.13267
0.131546
0.129306
0.127829
0.125993
0.124212
0.122765
0.120676
0.119613
0.117189
0.117554
0.123266
0.175903
0.35775
0.426598
0.214644
0.150668
0.140866
0.136482
0.135787
0.133066
0.131937
0.129695
0.128214
0.126375
0.12459
0.12314
0.121047
0.119982
0.117552
0.117912
0.123595
0.176166
0.358009
0.426931
0.21497
0.151044
0.141268
0.136886
0.136187
0.133464
0.132331
0.130087
0.128601
0.126759
0.12497
0.123518
0.121421
0.120353
0.117918
0.118273
0.123926
0.17643
0.358269
0.427265
0.215298
0.151422
0.141672
0.137292
0.13659
0.133864
0.132727
0.13048
0.12899
0.127146
0.125353
0.123898
0.121796
0.120726
0.118286
0.118635
0.12426
0.176697
0.358531
0.427602
0.215628
0.151802
0.142079
0.137701
0.136996
0.134267
0.133126
0.130877
0.129382
0.127536
0.125738
0.12428
0.122174
0.121101
0.118657
0.119
0.124595
0.176966
0.358795
0.427942
0.215961
0.152184
0.142488
0.138112
0.137404
0.134673
0.133527
0.131275
0.129777
0.127927
0.126125
0.124665
0.122555
0.121479
0.119029
0.119367
0.124934
0.177237
0.359061
0.428283
0.216295
0.15257
0.1429
0.138526
0.137814
0.135081
0.133931
0.131676
0.130173
0.128321
0.126515
0.125052
0.122938
0.121859
0.119405
0.119737
0.125274
0.17751
0.359329
0.428627
0.216632
0.152957
0.143314
0.138943
0.138227
0.135491
0.134337
0.13208
0.130572
0.128718
0.126907
0.125442
0.123323
0.122241
0.119782
0.120109
0.125617
0.177785
0.359599
0.428973
0.216971
0.153347
0.143731
0.139362
0.138642
0.135904
0.134745
0.132486
0.130974
0.129117
0.127302
0.125834
0.123711
0.122626
0.120162
0.120483
0.125963
0.178062
0.359871
0.429321
0.217311
0.15374
0.14415
0.139783
0.13906
0.136319
0.135156
0.132894
0.131378
0.129519
0.127699
0.126229
0.124101
0.123014
0.120545
0.12086
0.12631
0.178342
0.360145
0.429672
0.217654
0.154135
0.144572
0.140208
0.13948
0.136738
0.13557
0.133305
0.131785
0.129923
0.128099
0.126626
0.124494
0.123404
0.12093
0.121239
0.126661
0.178623
0.360422
0.430025
0.218
0.154533
0.144996
0.140634
0.139903
0.137158
0.135986
0.133719
0.132194
0.130329
0.128501
0.127025
0.124889
0.123796
0.121317
0.121621
0.127013
0.178907
0.3607
0.430381
0.218347
0.154933
0.145423
0.141064
0.140329
0.137582
0.136405
0.134135
0.132605
0.130739
0.128906
0.127427
0.125286
0.124191
0.121707
0.122005
0.127368
0.179193
0.360981
0.430738
0.218697
0.155336
0.145852
0.141496
0.140757
0.138008
0.136826
0.134554
0.13302
0.13115
0.129313
0.127832
0.125687
0.124588
0.1221
0.122392
0.127726
0.179482
0.361263
0.431098
0.219049
0.155742
0.146284
0.141931
0.141188
0.138436
0.13725
0.134976
0.133437
0.131565
0.129723
0.128239
0.12609
0.124988
0.122495
0.122781
0.128086
0.179772
0.361548
0.431461
0.219403
0.15615
0.146719
0.142369
0.141621
0.138868
0.137676
0.1354
0.133856
0.131982
0.130136
0.128649
0.126495
0.125391
0.122892
0.123173
0.128449
0.180065
0.361835
0.431826
0.219759
0.156561
0.147156
0.142809
0.142057
0.139302
0.138106
0.135827
0.134278
0.132402
0.130551
0.129062
0.126903
0.125796
0.123293
0.123567
0.128814
0.180361
0.362125
0.432193
0.220117
0.156975
0.147597
0.143252
0.142496
0.139739
0.138538
0.136257
0.134703
0.132824
0.130969
0.129477
0.127314
0.126204
0.123696
0.123964
0.129182
0.180658
0.362416
0.432563
0.220478
0.157391
0.148039
0.143698
0.142937
0.140178
0.138972
0.136689
0.135131
0.133249
0.13139
0.129895
0.127728
0.126615
0.124101
0.124364
0.129553
0.180958
0.36271
0.432935
0.220841
0.15781
0.148485
0.144147
0.143382
0.140621
0.13941
0.137125
0.135561
0.133677
0.131813
0.130315
0.128144
0.127028
0.124509
0.124766
0.129926
0.181261
0.363006
0.43331
0.221207
0.158232
0.148933
0.144598
0.143829
0.141066
0.13985
0.137563
0.135994
0.134108
0.132239
0.130739
0.128563
0.127444
0.12492
0.125171
0.130302
0.181565
0.363304
0.433687
0.221575
0.158657
0.149384
0.145053
0.144279
0.141514
0.140293
0.138003
0.13643
0.134542
0.132668
0.131165
0.128984
0.127863
0.125334
0.125579
0.130681
0.181873
0.363604
0.434067
0.221945
0.159085
0.149838
0.14551
0.144731
0.141965
0.140738
0.138447
0.136869
0.134978
0.1331
0.131594
0.129409
0.128284
0.125751
0.125989
0.131062
0.182182
0.363907
0.434449
0.222317
0.159515
0.150295
0.14597
0.145187
0.142419
0.141187
0.138894
0.137311
0.135417
0.133534
0.132026
0.129836
0.128708
0.12617
0.126403
0.131446
0.182495
0.364212
0.434834
0.222692
0.159948
0.150755
0.146434
0.145645
0.142876
0.141639
0.139343
0.137755
0.135859
0.133972
0.13246
0.130266
0.129135
0.126592
0.126819
0.131833
0.182809
0.364519
0.435221
0.223069
0.160384
0.151218
0.1469
0.146107
0.143335
0.142093
0.139796
0.138202
0.136304
0.134412
0.132898
0.130699
0.129565
0.127017
0.127237
0.132223
0.183126
0.364829
0.435611
0.223449
0.160824
0.151683
0.147369
0.146571
0.143798
0.14255
0.140251
0.138653
0.136752
0.134855
0.133338
0.131135
0.129998
0.127445
0.127659
0.132615
0.183446
0.365141
0.436003
0.223831
0.161266
0.152152
0.147842
0.147038
0.144264
0.143011
0.140709
0.139106
0.137203
0.135302
0.133782
0.131574
0.130434
0.127876
0.128084
0.133011
0.183769
0.365455
0.436398
0.224216
0.161711
0.152623
0.148317
0.147508
0.144733
0.143474
0.141171
0.139562
0.137657
0.135751
0.134228
0.132016
0.130872
0.12831
0.128511
0.133409
0.184094
0.365772
0.436796
0.224602
0.162159
0.153097
0.148795
0.147982
0.145205
0.14394
0.141635
0.140021
0.138114
0.136203
0.134677
0.132461
0.131314
0.128746
0.128941
0.133811
0.184421
0.366092
0.437196
0.224992
0.16261
0.153575
0.149277
0.148458
0.14568
0.14441
0.142102
0.140484
0.138574
0.136658
0.13513
0.132909
0.131759
0.129186
0.129375
0.134215
0.184752
0.366413
0.437598
0.225384
0.163064
0.154056
0.149762
0.148937
0.146158
0.144882
0.142573
0.140949
0.139037
0.137116
0.135585
0.13336
0.132206
0.129629
0.129811
0.134622
0.185085
0.366738
0.438004
0.225778
0.163521
0.154539
0.150249
0.14942
0.146639
0.145358
0.143047
0.141417
0.139503
0.137578
0.136043
0.133814
0.132657
0.130075
0.13025
0.135033
0.18542
0.367064
0.438411
0.226175
0.163982
0.155026
0.150741
0.149905
0.147123
0.145836
0.143524
0.141889
0.139972
0.138042
0.136505
0.134271
0.133111
0.130524
0.130693
0.135446
0.185759
0.367393
0.438822
0.226575
0.164445
0.155516
0.151235
0.150394
0.147611
0.146318
0.144004
0.142363
0.140444
0.13851
0.13697
0.134731
0.133568
0.130976
0.131138
0.135862
0.1861
0.367725
0.439235
0.226977
0.164912
0.156009
0.151733
0.150886
0.148102
0.146803
0.144487
0.142841
0.14092
0.13898
0.137438
0.135194
0.134028
0.131431
0.131587
0.136282
0.186444
0.368059
0.439651
0.227382
0.165382
0.156505
0.152234
0.151381
0.148596
0.147291
0.144974
0.143322
0.141399
0.139454
0.137909
0.135661
0.134491
0.131889
0.132039
0.136705
0.186791
0.368396
0.440069
0.227789
0.165855
0.157005
0.152738
0.15188
0.149094
0.147783
0.145463
0.143807
0.141881
0.139931
0.138383
0.136131
0.134957
0.132351
0.132494
0.137131
0.18714
0.368736
0.440491
0.228199
0.166331
0.157508
0.153245
0.152381
0.149595
0.148278
0.145957
0.144294
0.142366
0.140412
0.13886
0.136604
0.135427
0.132816
0.132952
0.13756
0.187493
0.369078
0.440915
0.228611
0.166811
0.158014
0.153756
0.152886
0.150099
0.148776
0.146453
0.144785
0.142855
0.140896
0.139341
0.13708
0.1359
0.133284
0.133413
0.137992
0.187848
0.369422
0.441341
0.229026
0.167294
0.158523
0.154271
0.153395
0.150606
0.149277
0.146953
0.145279
0.143347
0.141383
0.139825
0.13756
0.136376
0.133755
0.133878
0.138428
0.188206
0.36977
0.44177
0.229444
0.16778
0.159036
0.154789
0.153906
0.151117
0.149782
0.147456
0.145777
0.143843
0.141873
0.140313
0.138043
0.136855
0.13423
0.134346
0.138867
0.188568
0.37012
0.442202
0.229865
0.16827
0.159552
0.15531
0.154422
0.151632
0.15029
0.147963
0.146278
0.144341
0.142367
0.140804
0.138529
0.137338
0.134708
0.134817
0.139309
0.188932
0.370472
0.442637
0.230288
0.168763
0.160072
0.155835
0.15494
0.15215
0.150802
0.148473
0.146783
0.144844
0.142864
0.141298
0.139019
0.137824
0.13519
0.135291
0.139754
0.189299
0.370827
0.443074
0.230714
0.169259
0.160595
0.156363
0.155462
0.152671
0.151317
0.148987
0.14729
0.145349
0.143365
0.141796
0.139512
0.138314
0.135675
0.135769
0.140203
0.189669
0.371185
0.443515
0.231142
0.169759
0.161121
0.156895
0.155988
0.153196
0.151835
0.149504
0.147802
0.145859
0.143869
0.142297
0.140009
0.138807
0.136163
0.136251
0.140656
0.190043
0.371546
0.443957
0.231573
0.170263
0.161651
0.157431
0.156517
0.153725
0.152357
0.150025
0.148317
0.146372
0.144377
0.142802
0.140509
0.139304
0.136655
0.136736
0.141112
0.190419
0.37191
0.444403
0.232008
0.17077
0.162185
0.15797
0.157049
0.154257
0.152883
0.150549
0.148835
0.146888
0.144888
0.14331
0.141013
0.139804
0.13715
0.137224
0.141571
0.190798
0.372276
0.444851
0.232444
0.171281
0.162722
0.158513
0.157585
0.154793
0.153412
0.151077
0.149357
0.147408
0.145403
0.143822
0.14152
0.140308
0.137649
0.137716
0.142034
0.191181
0.372645
0.445302
0.232884
0.171795
0.163263
0.159059
0.158125
0.155333
0.153945
0.151608
0.149883
0.147931
0.145922
0.144338
0.142031
0.140815
0.138152
0.138211
0.1425
0.191566
0.373016
0.445756
0.233326
0.172312
0.163807
0.15961
0.158669
0.155876
0.154482
0.152144
0.150412
0.148459
0.146444
0.144857
0.142546
0.141326
0.138658
0.13871
0.14297
0.191955
0.373391
0.446213
0.233771
0.172834
0.164355
0.160164
0.159216
0.156423
0.155022
0.152683
0.150945
0.14899
0.14697
0.145379
0.143064
0.14184
0.139168
0.139213
0.143444
0.192347
0.373768
0.446672
0.234219
0.173359
0.164907
0.160722
0.159767
0.156974
0.155566
0.153225
0.151482
0.149524
0.147499
0.145906
0.143586
0.142358
0.139682
0.139719
0.143921
0.192742
0.374148
0.447134
0.23467
0.173888
0.165462
0.161283
0.160321
0.157528
0.156113
0.153772
0.152023
0.150063
0.148033
0.146436
0.144112
0.14288
0.140199
0.140229
0.144402
0.19314
0.374531
0.447598
0.235124
0.17442
0.166021
0.161849
0.160879
0.158086
0.156665
0.154322
0.152567
0.150605
0.14857
0.14697
0.144642
0.143406
0.14072
0.140743
0.144887
0.193542
0.374916
0.448065
0.23558
0.174956
0.166584
0.162418
0.161441
0.158649
0.15722
0.154876
0.153115
0.151151
0.149111
0.147508
0.145175
0.143935
0.141245
0.14126
0.145375
0.193946
0.375305
0.448535
0.236039
0.175496
0.16715
0.162991
0.162007
0.159215
0.157779
0.155434
0.153667
0.151701
0.149655
0.148049
0.145712
0.144469
0.141774
0.141781
0.145867
0.194354
0.375696
0.449008
0.236501
0.17604
0.167721
0.163568
0.162577
0.159785
0.158342
0.155996
0.154222
0.152254
0.150204
0.148595
0.146253
0.145006
0.142306
0.142306
0.146363
0.194765
0.37609
0.449483
0.236966
0.176588
0.168295
0.164149
0.163151
0.160359
0.158908
0.156562
0.154782
0.152812
0.150756
0.149144
0.146798
0.145546
0.142843
0.142835
0.146863
0.19518
0.376487
0.44996
0.237434
0.177139
0.168873
0.164735
0.163728
0.160937
0.159479
0.157132
0.155346
0.153374
0.151313
0.149697
0.147347
0.146091
0.143383
0.143367
0.147367
0.195597
0.376886
0.450441
0.237904
0.177694
0.169455
0.165324
0.16431
0.161518
0.160054
0.157705
0.155913
0.153939
0.151873
0.150255
0.1479
0.14664
0.143927
0.143904
0.147874
0.196018
0.377288
0.450923
0.238377
0.178254
0.170041
0.165917
0.164895
0.162104
0.160632
0.158283
0.156484
0.154509
0.152437
0.150816
0.148456
0.147193
0.144476
0.144444
0.148385
0.196442
0.377693
0.451408
0.238854
0.178817
0.170631
0.166514
0.165484
0.162694
0.161215
0.158865
0.15706
0.155082
0.153006
0.151381
0.149017
0.147749
0.145028
0.144989
0.148901
0.19687
0.378101
0.451896
0.239333
0.179384
0.171225
0.167115
0.166078
0.163288
0.161801
0.159451
0.157639
0.15566
0.153578
0.15195
0.149582
0.14831
0.145584
0.145537
0.14942
0.197301
0.378511
0.452386
0.239815
0.179955
0.171823
0.167721
0.166675
0.163887
0.162392
0.160041
0.158223
0.156241
0.154154
0.152523
0.150151
0.148875
0.146145
0.14609
0.149943
0.197735
0.378924
0.452878
0.2403
0.18053
0.172425
0.16833
0.167277
0.164489
0.162987
0.160635
0.158811
0.156827
0.154735
0.153101
0.150724
0.149444
0.146709
0.146646
0.15047
0.198172
0.37934
0.453373
0.240788
0.181109
0.173031
0.168944
0.167882
0.165095
0.163585
0.161233
0.159402
0.157417
0.15532
0.153682
0.151301
0.150016
0.147278
0.147207
0.151001
0.198612
0.379758
0.45387
0.241278
0.181693
0.173641
0.169562
0.168492
0.165706
0.164188
0.161835
0.159998
0.158011
0.155909
0.154268
0.151882
0.150593
0.147851
0.147771
0.151536
0.199056
0.380179
0.454369
0.241772
0.18228
0.174255
0.170184
0.169106
0.166321
0.164796
0.162442
0.160599
0.158609
0.156502
0.154858
0.152468
0.151175
0.148428
0.14834
0.152076
0.199503
0.380603
0.45487
0.242268
0.182872
0.174873
0.170811
0.169724
0.16694
0.165407
0.163053
0.161203
0.159212
0.157099
0.155452
0.153058
0.15176
0.149009
0.148913
0.152619
0.199953
0.381029
0.455374
0.242768
0.183467
0.175496
0.171442
0.170346
0.167563
0.166022
0.163668
0.161812
0.159819
0.1577
0.15605
0.153652
0.15235
0.149595
0.14949
0.153166
0.200406
0.381457
0.455879
0.24327
0.184067
0.176122
0.172077
0.170972
0.168191
0.166642
0.164287
0.162424
0.16043
0.158306
0.156653
0.15425
0.152944
0.150184
0.150072
0.153718
0.200863
0.381888
0.456387
0.243776
0.184672
0.176753
0.172716
0.171603
0.168823
0.167266
0.164911
0.163042
0.161045
0.158916
0.157259
0.154853
0.153542
0.150779
0.150657
0.154273
0.201322
0.382322
0.456896
0.244285
0.18528
0.177388
0.17336
0.172238
0.169459
0.167895
0.165539
0.163663
0.161665
0.159531
0.157871
0.15546
0.154145
0.151377
0.151247
0.154833
0.201784
0.382757
0.457408
0.244796
0.185893
0.178028
0.174008
0.172877
0.1701
0.168527
0.166171
0.164289
0.162289
0.16015
0.158486
0.156071
0.154752
0.15198
0.151841
0.155396
0.202249
0.383195
0.457921
0.245311
0.186511
0.178671
0.17466
0.173521
0.170745
0.169165
0.166808
0.16492
0.162918
0.160773
0.159106
0.156687
0.155363
0.152587
0.15244
0.155964
0.202717
0.383636
0.458436
0.245829
0.187132
0.17932
0.175318
0.174169
0.171395
0.169806
0.16745
0.165555
0.163551
0.161401
0.159731
0.157307
0.155979
0.153199
0.153043
0.156536
0.203188
0.384078
0.458953
0.246351
0.187759
0.179972
0.175979
0.174821
0.172049
0.170452
0.168096
0.166194
0.164188
0.162033
0.16036
0.157932
0.156599
0.153815
0.15365
0.157112
0.20366
0.384523
0.459472
0.246875
0.18839
0.180629
0.176645
0.175478
0.172708
0.171103
0.168746
0.166838
0.16483
0.16267
0.160994
0.158562
0.157224
0.154436
0.154262
0.157691
0.204135
0.38497
0.459992
0.247403
0.189025
0.18129
0.177316
0.176139
0.173372
0.171758
0.169401
0.167487
0.165477
0.163312
0.161632
0.159196
0.157854
0.155062
0.154878
0.158275
0.204612
0.385419
0.460514
0.247933
0.189665
0.181956
0.177992
0.176805
0.17404
0.172418
0.170061
0.16814
0.166129
0.163958
0.162275
0.159835
0.158488
0.155692
0.155499
0.158862
0.205089
0.38587
0.461038
0.248467
0.19031
0.182627
0.178672
0.177476
0.174712
0.173082
0.170726
0.168798
0.166785
0.164609
0.162923
0.160478
0.159127
0.156327
0.156125
0.159453
0.205566
0.386322
0.461563
0.249004
0.190959
0.183302
0.179356
0.178151
0.17539
0.173751
0.171395
0.169461
0.167446
0.165265
0.163575
0.161126
0.159771
0.156966
0.156754
0.160046
0.206043
0.386777
0.46209
0.249542
0.191613
0.183981
0.180046
0.178831
0.176072
0.174425
0.172069
0.170129
0.168112
0.165925
0.164233
0.16178
0.16042
0.157611
0.157389
0.160642
0.206516
0.387233
0.462619
0.250082
0.192271
0.184666
0.18074
0.179516
0.176759
0.175104
0.172748
0.170801
0.168782
0.166591
0.164895
0.162438
0.161073
0.15826
0.158028
0.16124
0.206982
0.387691
0.463148
0.250622
0.192933
0.185355
0.18144
0.180205
0.177451
0.175788
0.173433
0.171479
0.169458
0.167261
0.165562
0.163101
0.161732
0.158914
0.158671
0.161838
0.207437
0.388149
0.46368
0.251161
0.193598
0.186048
0.182144
0.180899
0.178148
0.176476
0.174122
0.172161
0.170139
0.167937
0.166235
0.163769
0.162396
0.159573
0.159319
0.162435
0.207876
0.388609
0.464212
0.251696
0.194266
0.186746
0.182853
0.181599
0.178851
0.17717
0.174816
0.172849
0.170825
0.168618
0.166913
0.164443
0.163066
0.160237
0.159972
0.163026
0.208286
0.389068
)
;

boundaryField
{
    wall
    {
        type            compressible::alphatJayatillekeWallFunction;
        Prt             0.85;
        value           uniform 0;
    }
    inlet
    {
        type            calculated;
        value           uniform 37.903;
    }
    outlet
    {
        type            calculated;
        value           nonuniform List<scalar> 
20
(
0.352362
0.14478
0.0909982
0.0867251
0.0870835
0.0884427
0.0894205
0.0906758
0.091725
0.0928759
0.0939733
0.0950198
0.0961851
0.0970718
0.09849
0.0996008
0.104697
0.122419
0.190299
0.378956
)
;
    }
    heatWall
    {
        type            compressible::alphatJayatillekeWallFunction;
        Prt             0.85;
        value           nonuniform List<scalar> 
840
(
0
0
0
0
0
0
0
0.0411616
0.0406898
0.0402311
0.0397852
0.0393515
0.0389296
0.038519
0.0381194
0.0377303
0.0373514
0.0369824
0.0366228
0.0362723
0.0359307
0.0355976
0.0352728
0.0349559
0.0346467
0.0343449
0.0340503
0.0337626
0.0334816
0.0332071
0.0329387
0.0326764
0.0324199
0.032169
0.0319234
0.031683
0.0314476
0.031217
0.0309909
0.0307691
0.0305514
0.0303377
0.0301276
0.0299209
0.0297173
0.0295165
0.0293182
0.0291218
0.0289269
0.0287324
0.0164588
0.0164822
0.0165036
0.0165254
0.0165474
0.0165697
0.0165921
0.0166148
0.0166377
0.0166608
0.0166841
0.0167077
0.0167315
0.0167555
0.0167797
0.0168042
0.0168289
0.0168539
0.0168792
0.0169047
0.0169305
0.0169565
0.0169829
0.0170095
0.0170365
0.0170638
0.0170914
0.0171193
0.0171475
0.0171761
0.017205
0.0172343
0.017264
0.017294
0.0173244
0.0173552
0.0173863
0.0174179
0.0174498
0.0174822
0.017515
0.0175482
0.0175818
0.0176158
0.0176503
0.0176852
0.0177206
0.0177564
0.0177927
0.0178294
0.0178667
0.0179044
0.0179425
0.0179812
0.0180203
0.01806
0.0181002
0.0181409
0.0181821
0.0182238
0.0182661
0.0183089
0.0183523
0.0183962
0.0184408
0.0184859
0.0185316
0.0185779
0.0186248
0.0186723
0.0187205
0.0187693
0.0188188
0.0188689
0.0189198
0.0189713
0.0190235
0.0190765
0.0191302
0.0191846
0.0192398
0.0192958
0.0193526
0.0194101
0.0194685
0.0195278
0.0195879
0.0196489
0.0197108
0.0197736
0.0198373
0.019902
0.0199676
0.0200343
0.0201019
0.0201706
0.0202404
0.0203112
0.0203832
0.0204563
0.0205305
0.0206059
0.0206825
0.0207604
0.0208395
0.0209199
0.0210016
0.0210847
0.0211692
0.0212551
0.0213424
0.0214313
0.0215216
0.0216136
0.0217071
0.0218022
0.0218991
0.0219976
0.022098
0.0222001
0.0223041
0.02241
0.0225178
0.0226277
0.0227396
0.0228536
0.0229698
0.0230883
0.023209
0.023332
0.0234575
0.0235855
0.0237159
0.0238491
0.0239849
0.0241234
0.0242648
0.0244091
0.0245564
0.0247068
0.0248603
0.0250171
0.0251771
0.0253406
0.0255076
0.0256781
0.0258523
0.0260302
0.0262119
0.0263975
0.026587
0.0267804
0.0269778
0.0271793
0.0273847
0.027594
0.0278071
0.0280239
0.0282443
0.0284679
0.0142362
0.0143034
0.0143564
0.0144
0.014437
0.0144691
0.0144973
0.0145225
0.014545
0.0145654
0.014584
0.0146009
0.0146164
0.0146307
0.014644
0.0146562
0.0146676
0.0146783
0.0146883
0.0146976
0.0147065
0.0147149
0.0147229
0.0147305
0.014738
0.0147455
0.0147532
0.014761
0.0147689
0.0147768
0.0147848
0.0147929
0.0148011
0.0148094
0.0148177
0.0148261
0.0148346
0.0148431
0.0148517
0.0148604
0.0148691
0.0148779
0.0148868
0.0148957
0.0149047
0.0149137
0.0149228
0.014932
0.0149412
0.0149505
0.0149598
0.0149692
0.0149787
0.0149882
0.0149978
0.0150075
0.0150172
0.0150269
0.0150368
0.0150467
0.0150566
0.0150667
0.0150767
0.0150869
0.0150971
0.0151074
0.0151177
0.0151281
0.0151386
0.0151491
0.0151597
0.0151704
0.0151811
0.0151919
0.0152028
0.0152138
0.0152248
0.0152358
0.015247
0.0152582
0.0152695
0.0152809
0.0152923
0.0153039
0.0153154
0.0153271
0.0153389
0.0153507
0.0153626
0.0153745
0.0153866
0.0153987
0.0154109
0.0154232
0.0154356
0.015448
0.0154606
0.0154732
0.0154859
0.0154987
0.0155116
0.0155245
0.0155376
0.0155507
0.0155639
0.0155772
0.0155906
0.0156041
0.0156177
0.0156314
0.0156452
0.015659
0.015673
0.0156871
0.0157012
0.0157155
0.0157298
0.0157443
0.0157588
0.0157735
0.0157882
0.0158031
0.015818
0.0158331
0.0158482
0.0158635
0.0158788
0.0158943
0.0159098
0.0159255
0.0159413
0.0159572
0.0159731
0.0159892
0.0160054
0.0160217
0.016038
0.0160545
0.0160711
0.0160878
0.0161045
0.0161214
0.0161383
0.0161554
0.0161725
0.0161898
0.0162071
0.0162245
0.016242
0.0162596
0.0162772
0.016295
0.0163128
0.0163307
0.0163486
0.0163666
0.0163847
0.0164029
0.0164211
0.0164394
0.0150616
0.0150333
0.0150049
0.0149765
0.0149481
0.0149199
0.0148918
0.0148639
0.0148361
0.0148084
0.0147809
0.0147536
0.0147265
0.0146996
0.0146729
0.0146464
0.0146202
0.0145942
0.0145684
0.014543
0.0145178
0.0144928
0.0144682
0.014444
0.01442
0.0143965
0.0143733
0.0143506
0.0143283
0.0143066
0.0142854
0.0142648
0.0142448
0.0142257
0.0142074
0.01419
0.0141737
0.0141586
0.014145
0.0141329
0.0141227
0.0141147
0.0141092
0.0141066
0.0141077
0.014113
0.0141236
0.0141409
0.0141665
0.0142026
0.0196383
0.0196629
0.0196878
0.0197128
0.019738
0.0197633
0.0197887
0.0198143
0.01984
0.0198659
0.0198919
0.0199181
0.0199445
0.019971
0.0199976
0.0200245
0.0200515
0.0200788
0.0201062
0.0201338
0.0201617
0.0201898
0.020218
0.0202466
0.0202753
0.0203043
0.0203335
0.020363
0.0203928
0.0204228
0.0204531
0.0204837
0.0205145
0.0205457
0.0205771
0.0206088
0.0206408
0.0206732
0.0207058
0.0207387
0.020772
0.0208055
0.0208394
0.0208736
0.0209082
0.020943
0.0209782
0.0210137
0.0210495
0.0210857
0.0211222
0.021159
0.0211962
0.0212337
0.0212715
0.0213097
0.0213482
0.0213871
0.0214264
0.0214659
0.0215059
0.0215462
0.0215869
0.0216279
0.0216693
0.021711
0.0217532
0.0217957
0.0218386
0.0218819
0.0219256
0.0219697
0.0220142
0.022059
0.0221043
0.0221501
0.0221962
0.0222428
0.0222898
0.0223372
0.0223851
0.0224334
0.0224822
0.0225315
0.0225812
0.0226314
0.0226821
0.0227333
0.022785
0.0228371
0.0228898
0.022943
0.0229968
0.0230511
0.0231059
0.0231613
0.0232172
0.0232737
0.0233308
0.0233885
0.0234467
0.0235056
0.0235651
0.0236252
0.023686
0.0237473
0.0238094
0.0238721
0.0239355
0.0239996
0.0240644
0.0241299
0.0241962
0.0242631
0.0243309
0.0243993
0.0244686
0.0245387
0.0246095
0.0246812
0.0247537
0.0248271
0.0249013
0.0249765
0.0250525
0.0251294
0.0252073
0.0252861
0.0253659
0.0254467
0.0255285
0.0256113
0.0256952
0.0257802
0.0258662
0.0259534
0.0260418
0.0261313
0.026222
0.026314
0.0264072
0.0265018
0.0265977
0.026695
0.0267937
0.0268939
0.0269956
0.027099
0.027204
0.0273116
0.0274223
0.0275363
0.0276541
0.0277763
0.0279034
0.0280363
0.028176
0.0283242
0.0284825
0.0286537
0
0
0
0
0
0
0
0.0411617
0.0406899
0.0402313
0.0397855
0.0393519
0.0389301
0.0385197
0.0381202
0.0377314
0.0373527
0.0369839
0.0366246
0.0362746
0.0359334
0.0356008
0.0352765
0.0349603
0.0346519
0.034351
0.0340574
0.0337709
0.0334913
0.0332184
0.0329519
0.0326918
0.0324378
0.0321898
0.0319476
0.0317111
0.0314802
0.0312547
0.0310342
0.030818
0.0306058
0.0303974
0.0301926
0.0299909
0.029792
0.0295952
0.0293998
0.0292044
0.0290065
0.0288013
0.0161079
0.0161158
0.0161248
0.0161346
0.0161451
0.0161563
0.0161682
0.0161809
0.0161942
0.0162083
0.0162231
0.0162386
0.0162547
0.0162716
0.0162891
0.0163073
0.0163261
0.0163455
0.0163656
0.0163862
0.0164073
0.016429
0.016451
0.0164735
0.0164963
0.0165193
0.0165426
0.0165659
0.0165892
0.0166125
0.0166355
0.0166583
0.0166815
0.0167053
0.0167296
0.0167543
0.0167796
0.0168052
0.0168312
0.0168575
0.0168841
0.016911
0.0169379
0.0169649
0.0169919
0.0170187
0.0170452
0.0170713
0.0170969
0.0171219
0.0171731
0.0171953
0.0172152
0.0172335
0.0172505
0.0172664
0.0172815
0.0172958
0.0173096
0.0173228
0.0173357
0.0173482
0.0173604
0.0173724
0.0173842
0.0173959
0.0174074
0.0174188
0.0174302
0.0174414
0.0174526
0.0174638
0.017475
0.0174861
0.0174973
0.0175084
0.0175196
0.0175307
0.0175419
0.0175531
0.0175644
0.0175757
0.017587
0.0175983
0.0176097
0.0176211
0.0176326
0.0176441
0.0176557
0.0176673
0.0176789
0.0176906
0.0177024
0.0177142
0.0177261
0.017738
0.01775
0.017762
0.0177741
0.0177863
0.0177985
0.0178108
0.0178232
0.0178356
0.0178481
0.0178607
0.0178733
0.017886
0.0178987
0.0179115
0.0179244
0.0179374
0.0179504
0.0179635
0.0179767
0.0179899
0.0180033
0.0180167
0.0180301
0.0180437
0.0180573
0.018071
0.0180848
0.0180986
0.0181125
0.0181265
0.0181406
0.0181548
0.018169
0.0181833
0.0181977
0.0182122
0.0182268
0.0182414
0.0182561
0.0182709
0.0182858
0.0183008
0.0183158
0.018331
0.0183462
0.0183615
0.0183769
0.0183924
0.018408
0.0184236
0.0184394
0.0184552
0.0184711
0.0184871
0.0185032
0.0185194
0.0185357
0.0185521
0.0185686
0.0185851
0.0186018
0.0186185
0.0186354
0.0186523
0.0186694
0.0186865
0.0187037
0.0187211
0.0187385
0.018756
0.0187736
0.0187913
0.0188091
0.018827
0.018845
0.0188631
0.0188813
0.0188996
0.018918
0.0189365
0.0189551
0.0189738
0.0189926
0.0190115
0.0190305
0.0190495
0.0190687
0.0190879
0.0191073
0.0191267
0.0191462
0.0191658
0.0191855
0.0192053
0.0192251
0.0192451
0.0192651
0.0192852
0.0193053
0.0193255
0.0193459
0.0193662
0.0193867
0.0194072
0.0194277
0.0194484
0.0194691
0.0194898
0.0195106
0.0195315
0.0195524
0.0195734
0.0195945
0.0196156
)
;
    }
}


// ************************************************************************* //
