/*--------------------------------*- C++ -*----------------------------------*\
  =========                 |
  \\      /  F ield         | OpenFOAM: The Open Source CFD Toolbox
   \\    /   O peration     | Website:  https://openfoam.org
    \\  /    A nd           | Version:  8
     \\/     M anipulation  |
\*---------------------------------------------------------------------------*/
FoamFile
{
    version     2.0;
    format      ascii;
    class       volScalarField;
    location    "1000";
    object      T;
}
// * * * * * * * * * * * * * * * * * * * * * * * * * * * * * * * * * * * * * //

dimensions      [0 0 0 1 0 0 0];

internalField   nonuniform List<scalar> 
8400
(
301.331
301.411
301.496
301.571
301.64
301.703
301.759
301.809
301.852
301.889
301.92
301.945
301.966
301.982
301.995
302.005
302.012
302.018
302.023
302.029
302.036
302.045
302.056
302.07
302.086
302.105
302.126
302.149
302.172
302.196
302.221
302.247
302.275
302.304
302.329
302.324
302.301
302.278
302.251
302.221
302.185
302.143
302.092
302.034
301.967
301.892
301.809
301.72
301.626
301.527
301.554
301.647
301.742
301.827
301.903
301.97
302.028
302.077
302.119
302.152
302.18
302.201
302.216
302.227
302.234
302.237
302.238
302.237
302.235
302.233
302.232
302.233
302.237
302.244
302.253
302.266
302.279
302.294
302.31
302.325
302.339
302.353
302.366
302.378
302.389
302.395
302.387
302.364
302.338
302.31
302.28
302.246
302.209
302.168
302.122
302.073
302.02
301.962
301.901
301.836
301.623
301.726
301.832
301.924
302.006
302.077
302.137
302.186
302.226
302.256
302.278
302.292
302.3
302.303
302.3
302.295
302.286
302.277
302.268
302.261
302.256
302.256
302.261
302.27
302.285
302.304
302.326
302.35
302.374
302.397
302.418
302.435
302.449
302.456
302.456
302.448
302.439
302.423
302.399
302.372
302.344
302.314
302.282
302.248
302.212
302.174
302.134
302.091
302.047
302
301.528
301.638
301.75
301.848
301.934
302.007
302.066
302.113
302.147
302.17
302.183
302.187
302.184
302.175
302.161
302.145
302.129
302.114
302.102
302.095
302.094
302.101
302.116
302.139
302.169
302.206
302.249
302.295
302.342
302.39
302.435
302.475
302.508
302.528
302.528
302.507
302.486
302.468
302.447
302.422
302.395
302.367
302.338
302.308
302.276
302.243
302.209
302.173
302.136
302.097
301.246
301.354
301.464
301.561
301.644
301.713
301.767
301.807
301.833
301.847
301.85
301.845
301.833
301.816
301.797
301.778
301.762
301.751
301.748
301.754
301.769
301.795
301.83
301.875
301.929
301.99
302.058
302.131
302.209
302.288
302.368
302.446
302.519
302.578
302.6
302.57
302.538
302.509
302.484
302.461
302.436
302.41
302.383
302.355
302.326
302.295
302.264
302.232
302.197
302.16
300.824
300.915
301.009
301.093
301.164
301.223
301.267
301.298
301.317
301.325
301.324
301.316
301.304
301.291
301.279
301.271
301.269
301.277
301.296
301.326
301.369
301.423
301.487
301.559
301.637
301.721
301.812
301.908
302.01
302.116
302.225
302.34
302.461
302.584
302.662
302.632
302.592
302.555
302.523
302.494
302.468
302.444
302.42
302.392
302.364
302.335
302.306
302.275
302.24
302.204
300.39
300.451
300.517
300.577
300.629
300.672
300.705
300.729
300.744
300.752
300.754
300.754
300.752
300.752
300.756
300.767
300.788
300.821
300.867
300.928
301.002
301.088
301.181
301.278
301.379
301.482
301.589
301.699
301.813
301.932
302.056
302.187
302.334
302.525
302.709
302.689
302.645
302.605
302.569
302.536
302.505
302.476
302.448
302.421
302.394
302.367
302.339
302.307
302.272
302.235
300.097
300.126
300.161
300.194
300.224
300.25
300.272
300.29
300.303
300.313
300.322
300.329
300.338
300.35
300.368
300.394
300.431
300.483
300.552
300.637
300.737
300.849
300.967
301.085
301.203
301.321
301.439
301.556
301.676
301.8
301.925
302.053
302.188
302.391
302.733
302.738
302.696
302.657
302.62
302.585
302.552
302.521
302.49
302.459
302.429
302.398
302.366
302.333
302.299
302.262
299.997
300.006
300.019
300.032
300.045
300.057
300.069
300.08
300.09
300.099
300.108
300.117
300.128
300.142
300.162
300.192
300.234
300.293
300.372
300.47
300.588
300.718
300.853
300.985
301.112
301.232
301.348
301.461
301.574
301.691
301.812
301.935
302.063
302.222
302.722
302.78
302.744
302.708
302.674
302.641
302.609
302.577
302.545
302.514
302.481
302.448
302.414
302.379
302.341
302.302
299.999
300.002
300.006
300.009
300.014
300.018
300.023
300.029
300.035
300.041
300.047
300.053
300.062
300.073
300.09
300.116
300.158
300.218
300.301
300.405
300.527
300.661
300.797
300.93
301.056
301.172
301.281
301.385
301.489
301.595
301.706
301.822
301.943
302.077
302.677
302.813
302.788
302.76
302.731
302.702
302.673
302.643
302.612
302.581
302.55
302.516
302.482
302.446
302.408
302.369
300.011
300.014
300.013
300.013
300.014
300.015
300.017
300.021
300.025
300.029
300.034
300.039
300.046
300.056
300.071
300.096
300.136
300.196
300.279
300.383
300.506
300.64
300.776
300.908
301.03
301.14
301.239
301.331
301.421
301.513
301.611
301.715
301.826
301.944
302.694
302.841
302.829
302.811
302.79
302.766
302.741
302.715
302.688
302.659
302.63
302.599
302.566
302.532
302.496
302.458
300.016
300.019
300.019
300.018
300.017
300.017
300.018
300.02
300.023
300.026
300.03
300.034
300.04
300.049
300.065
300.091
300.135
300.198
300.285
300.394
300.52
300.655
300.792
300.921
301.038
301.139
301.227
301.304
301.377
301.451
301.53
301.617
301.717
301.988
302.784
302.878
302.871
302.862
302.848
302.831
302.811
302.79
302.767
302.743
302.717
302.689
302.66
302.63
302.598
302.563
300.019
300.022
300.023
300.023
300.024
300.024
300.025
300.027
300.028
300.029
300.031
300.032
300.036
300.045
300.063
300.097
300.149
300.225
300.322
300.44
300.572
300.711
300.848
300.974
301.085
301.175
301.248
301.307
301.359
301.411
301.471
301.556
301.684
302.155
302.827
302.916
302.916
302.911
302.904
302.893
302.88
302.864
302.846
302.826
302.805
302.783
302.759
302.733
302.706
302.677
300.021
300.025
300.027
300.029
300.032
300.034
300.035
300.036
300.035
300.034
300.031
300.03
300.032
300.043
300.071
300.119
300.192
300.287
300.402
300.532
300.672
300.814
300.95
301.072
301.175
301.253
301.308
301.344
301.372
301.406
301.459
301.549
301.787
302.312
302.867
302.953
302.96
302.96
302.957
302.951
302.942
302.931
302.919
302.905
302.889
302.872
302.854
302.834
302.813
302.791
300.019
300.024
300.029
300.034
300.039
300.041
300.042
300.04
300.037
300.033
300.027
300.023
300.027
300.05
300.1
300.18
300.286
300.41
300.545
300.686
300.83
300.973
301.103
301.219
301.314
301.375
301.406
301.415
301.42
301.433
301.493
301.651
301.951
302.458
302.909
302.988
302.999
303.002
303.002
303
302.995
302.989
302.981
302.972
302.962
302.951
302.939
302.925
302.911
302.895
300.017
300.025
300.035
300.045
300.052
300.055
300.054
300.05
300.044
300.033
300.021
300.018
300.039
300.097
300.196
300.329
300.479
300.631
300.777
300.916
301.054
301.192
301.313
301.414
301.5
301.531
301.523
301.508
301.494
301.528
301.621
301.808
302.133
302.595
302.948
303.018
303.029
303.034
303.036
303.036
303.035
303.032
303.029
303.025
303.02
303.014
303.007
302.999
302.991
302.982
300.008
300.023
300.041
300.049
300.045
300.033
300.018
300.003
299.994
299.999
300.025
300.082
300.176
300.309
300.472
300.655
300.83
300.984
301.116
301.229
301.341
301.483
301.582
301.639
301.695
301.675
301.638
301.628
301.633
301.683
301.796
302.001
302.324
302.715
302.98
303.038
303.048
303.053
303.056
303.057
303.058
303.058
303.058
303.058
303.057
303.055
303.053
303.051
303.048
303.044
300.002
300.021
300.067
300.154
300.246
300.322
300.381
300.432
300.489
300.559
300.634
300.711
300.795
300.894
301.013
301.189
301.335
301.457
301.553
301.623
301.669
301.893
301.933
301.904
301.868
301.831
301.809
301.809
301.831
301.894
302.018
302.222
302.509
302.814
303.001
303.046
303.053
303.057
303.06
303.062
303.064
303.066
303.068
303.07
303.072
303.073
303.075
303.076
303.076
303.077
300.104
300.397
300.729
300.824
300.752
300.67
300.616
300.594
300.59
300.585
300.595
300.608
300.64
300.696
300.759
301.534
301.95
302.212
302.382
302.434
302.381
302.281
302.202
302.155
302.124
302.099
302.086
302.089
302.114
302.174
302.286
302.458
302.679
302.889
303.009
303.039
303.042
303.043
303.045
303.048
303.05
303.053
303.057
303.06
303.063
303.067
303.07
303.072
303.075
303.078
302.259
302.102
301.903
301.693
301.493
301.336
301.244
301.234
301.358
301.634
302.013
302.38
302.57
302.691
302.731
302.734
302.75
302.777
302.785
302.77
302.728
302.667
302.609
302.566
302.533
302.505
302.483
302.472
302.478
302.511
302.58
302.687
302.816
302.93
302.99
303.002
302.999
302.997
302.999
303.003
303.009
303.014
303.019
303.022
303.026
303.029
303.031
303.034
303.036
303.038
303.148
303.145
303.143
303.14
303.137
303.135
303.132
303.13
303.127
303.125
303.123
303.12
303.118
303.116
303.113
303.111
303.109
303.107
303.105
303.102
303.1
303.098
303.096
303.094
303.092
303.09
303.088
303.086
303.084
303.082
303.08
303.079
303.077
303.075
303.073
303.071
303.069
303.068
303.066
303.064
303.062
303.061
303.059
303.058
303.056
303.055
303.053
303.052
303.051
303.05
303.15
303.15
303.15
303.15
303.15
303.15
303.15
303.149
303.149
303.149
303.149
303.149
303.148
303.148
303.148
303.148
303.148
303.147
303.147
303.147
303.146
303.146
303.146
303.146
303.145
303.145
303.145
303.144
303.144
303.144
303.143
303.143
303.143
303.142
303.142
303.142
303.141
303.141
303.141
303.141
303.14
303.14
303.14
303.14
303.139
303.139
303.139
303.139
303.138
303.138
303.15
303.15
303.15
303.15
303.15
303.15
303.15
303.15
303.15
303.15
303.15
303.15
303.15
303.15
303.15
303.15
303.15
303.15
303.15
303.15
303.15
303.15
303.15
303.15
303.15
303.15
303.15
303.15
303.15
303.15
303.15
303.15
303.15
303.15
303.15
303.149
303.149
303.149
303.149
303.149
303.149
303.149
303.149
303.149
303.149
303.149
303.149
303.149
303.149
303.149
303.15
303.15
303.15
303.15
303.15
303.15
303.15
303.15
303.15
303.15
303.15
303.15
303.15
303.15
303.15
303.15
303.15
303.15
303.15
303.15
303.15
303.15
303.15
303.15
303.15
303.15
303.15
303.15
303.15
303.15
303.15
303.15
303.15
303.15
303.15
303.15
303.15
303.15
303.15
303.15
303.15
303.15
303.15
303.15
303.15
303.15
303.15
303.15
303.15
303.15
303.15
303.15
303.15
303.15
303.15
303.15
303.15
303.15
303.15
303.15
303.15
303.15
303.15
303.15
303.15
303.15
303.15
303.15
303.15
303.15
303.15
303.15
303.15
303.15
303.15
303.15
303.15
303.15
303.15
303.15
303.15
303.15
303.15
303.15
303.15
303.15
303.15
303.15
303.15
303.15
303.15
303.15
303.15
303.15
303.15
303.15
303.15
303.15
303.15
303.15
303.15
303.15
303.15
303.15
303.15
303.15
303.15
303.15
303.15
303.15
303.15
303.15
303.15
303.15
303.15
303.15
303.15
303.15
303.15
303.15
303.15
303.15
303.15
303.15
303.15
303.15
303.15
303.15
303.15
303.15
303.15
303.15
303.15
303.15
303.15
303.15
303.15
303.15
303.15
303.15
303.15
303.15
303.15
303.15
303.15
303.15
303.15
303.15
303.15
303.15
303.15
303.15
303.15
303.15
303.15
303.15
303.15
303.15
303.15
303.15
303.15
303.15
303.15
303.15
303.15
303.15
303.15
303.15
303.15
303.15
303.15
303.15
303.15
303.15
303.15
303.15
303.15
303.15
303.15
303.15
303.15
303.15
303.15
303.15
303.15
303.15
303.15
303.15
303.15
303.15
303.15
303.15
303.15
303.15
303.15
303.15
303.15
303.15
303.15
303.15
303.15
303.15
303.15
303.15
303.15
303.15
303.15
303.15
303.15
303.15
303.15
303.15
303.15
303.15
303.15
303.15
303.15
303.15
303.15
303.15
303.15
303.15
303.15
303.15
303.15
303.15
303.15
303.15
303.15
303.15
303.15
303.15
303.15
303.15
303.15
303.15
303.15
303.15
303.15
303.15
303.15
303.15
303.15
303.15
303.15
303.15
303.15
303.15
303.15
303.15
303.15
303.15
303.15
303.15
303.15
303.15
303.15
303.15
303.15
303.15
303.15
303.15
303.15
303.15
303.15
303.15
303.15
303.15
303.15
303.15
303.15
303.15
303.15
303.15
303.15
303.15
303.15
303.15
303.15
303.15
303.15
303.15
303.15
303.15
303.15
303.15
303.15
303.15
303.15
303.15
303.15
303.15
303.15
303.15
303.15
303.15
303.15
303.15
303.15
303.15
303.15
303.15
303.15
303.15
303.15
303.15
303.15
303.15
303.15
303.15
303.15
303.15
303.15
303.15
303.15
303.15
303.15
303.15
303.15
303.15
303.15
303.15
303.15
303.15
303.15
303.15
303.15
303.15
303.15
303.15
303.15
303.15
303.15
303.15
303.15
303.15
303.15
303.15
303.15
303.15
303.15
303.15
303.15
303.15
303.15
303.15
303.15
303.15
303.15
303.15
303.15
303.15
303.15
303.15
303.15
303.15
303.15
303.15
303.15
303.15
303.15
303.15
303.15
303.15
303.15
303.15
303.15
303.15
303.15
303.15
303.15
303.15
303.15
303.15
303.15
303.15
303.15
303.15
303.15
303.15
303.15
303.15
303.15
303.15
303.15
303.15
303.15
303.15
303.15
303.15
303.15
303.15
303.15
303.15
303.15
303.15
303.15
303.15
303.15
303.15
303.15
303.15
303.15
303.15
303.15
303.15
303.15
303.15
303.15
303.15
303.15
303.15
303.15
303.15
303.15
303.15
303.15
303.15
303.15
303.15
303.15
303.15
303.15
303.15
303.15
303.15
303.15
303.15
303.15
303.15
303.15
303.15
303.15
303.15
303.15
303.15
303.15
303.15
303.15
303.15
303.15
303.15
303.15
303.15
303.15
303.15
303.15
303.15
303.15
303.15
303.15
303.15
303.15
303.15
303.15
303.15
303.15
303.15
303.15
303.15
303.15
303.15
303.15
303.15
303.15
303.15
303.15
303.15
303.15
303.15
303.15
303.15
303.15
303.15
303.15
303.15
303.15
303.15
303.15
303.15
303.15
303.15
303.15
303.15
303.15
303.15
303.15
303.15
303.15
303.15
303.15
303.15
303.15
303.15
303.15
303.15
303.15
303.15
303.15
303.15
303.15
303.15
303.15
303.15
303.15
303.15
303.15
303.15
303.15
303.15
303.15
303.15
303.15
303.15
303.15
303.15
303.15
303.15
303.15
303.15
303.15
303.15
303.15
303.15
303.15
303.15
303.15
303.15
303.15
303.15
303.15
303.15
303.15
303.15
303.15
303.15
303.15
303.15
303.15
303.15
303.15
303.15
303.15
303.15
303.15
303.15
303.15
303.15
303.15
303.15
303.15
303.15
303.15
303.15
303.15
303.15
303.15
303.15
303.15
303.15
303.15
303.15
303.15
303.15
303.15
303.15
303.15
303.15
303.15
303.15
303.15
303.15
303.15
303.15
303.15
303.15
303.15
303.15
303.15
303.15
303.15
303.15
303.15
303.15
303.15
303.15
303.15
303.15
303.15
303.15
303.15
303.15
303.15
303.15
303.15
303.15
303.15
303.15
303.15
303.15
303.15
303.15
303.15
303.15
303.15
303.15
303.15
303.15
303.15
303.15
303.15
303.15
303.15
303.15
303.15
303.15
303.15
303.15
303.15
303.15
303.15
303.15
303.15
303.15
303.15
303.15
303.15
303.15
303.15
303.15
303.15
303.15
303.15
303.15
303.15
303.15
303.15
303.15
303.15
303.15
303.15
303.15
303.15
303.15
303.15
303.15
303.15
303.15
303.15
303.15
303.15
303.15
303.15
303.15
303.15
303.15
303.15
303.15
303.15
303.15
303.15
303.15
303.15
303.15
303.15
303.15
303.15
303.15
303.15
303.15
303.15
303.15
303.15
303.15
303.15
303.15
303.15
303.15
303.15
303.15
303.15
303.15
303.15
303.15
303.15
303.15
303.15
303.15
303.15
303.15
303.15
303.15
303.15
303.15
303.15
303.15
303.15
303.15
303.15
303.15
303.15
303.15
303.15
303.15
303.15
303.15
303.15
303.15
303.15
303.15
303.15
303.15
303.15
303.15
303.15
303.15
303.15
303.15
303.15
303.15
303.15
303.15
303.15
303.15
303.15
303.15
303.15
303.15
303.15
303.15
303.15
303.15
303.149
303.149
303.149
303.149
303.149
303.149
303.149
303.149
303.149
303.149
303.149
303.149
303.149
303.149
303.148
303.148
303.148
303.148
303.15
303.15
303.15
303.15
303.15
303.15
303.15
303.149
303.149
303.149
303.149
303.149
303.148
303.148
303.148
303.148
303.148
303.147
303.147
303.147
303.146
303.146
303.146
303.146
303.145
303.145
303.145
303.144
303.144
303.144
303.143
303.143
303.142
303.142
303.142
303.141
303.141
303.14
303.14
303.14
303.139
303.139
303.138
303.138
303.137
303.136
303.136
303.135
303.134
303.133
303.148
303.145
303.143
303.14
303.137
303.135
303.132
303.13
303.127
303.125
303.123
303.12
303.118
303.116
303.113
303.111
303.109
303.107
303.105
303.102
303.1
303.098
303.096
303.094
303.092
303.09
303.088
303.086
303.084
303.082
303.08
303.078
303.077
303.075
303.073
303.071
303.069
303.067
303.066
303.064
303.062
303.06
303.059
303.057
303.055
303.053
303.052
303.05
303.048
303.047
303.073
303.139
303.112
302.994
302.741
302.312
301.748
301.175
300.769
300.632
300.681
300.704
300.65
300.669
300.798
300.794
300.655
300.508
300.396
300.32
303.073
303.139
303.113
302.996
302.745
302.318
301.754
301.181
300.773
300.634
300.682
300.705
300.657
300.661
300.784
300.788
300.654
300.508
300.395
300.32
303.074
303.14
303.114
302.998
302.749
302.324
301.76
301.185
300.775
300.635
300.683
300.706
300.664
300.658
300.772
300.782
300.652
300.506
300.394
300.319
303.074
303.14
303.114
303
302.752
302.328
301.765
301.189
300.778
300.636
300.683
300.708
300.67
300.656
300.761
300.773
300.649
300.505
300.393
300.318
303.075
303.14
303.115
303.001
302.754
302.332
301.768
301.192
300.779
300.637
300.684
300.709
300.676
300.655
300.75
300.764
300.644
300.502
300.391
300.318
303.075
303.141
303.116
303.002
302.756
302.335
301.772
301.194
300.78
300.637
300.685
300.71
300.683
300.654
300.739
300.753
300.639
300.499
300.39
300.317
303.076
303.141
303.116
303.003
302.758
302.337
301.774
301.196
300.781
300.637
300.685
300.711
300.689
300.655
300.728
300.742
300.632
300.496
300.388
300.316
303.076
303.141
303.116
303.004
302.759
302.338
301.775
301.197
300.781
300.637
300.685
300.712
300.695
300.656
300.718
300.73
300.625
300.492
300.386
300.316
303.077
303.142
303.117
303.004
302.759
302.339
301.776
301.197
300.781
300.637
300.686
300.713
300.7
300.658
300.708
300.717
300.616
300.487
300.383
300.315
303.077
303.142
303.117
303.004
302.759
302.339
301.776
301.196
300.78
300.636
300.686
300.714
300.706
300.66
300.698
300.704
300.607
300.482
300.381
300.314
303.078
303.142
303.117
303.004
302.759
302.338
301.775
301.195
300.778
300.635
300.686
300.715
300.711
300.662
300.689
300.691
300.598
300.477
300.378
300.313
303.078
303.143
303.117
303.004
302.758
302.337
301.773
301.193
300.777
300.634
300.686
300.716
300.716
300.665
300.68
300.678
300.588
300.471
300.375
300.312
303.079
303.143
303.117
303.003
302.757
302.335
301.77
301.19
300.774
300.632
300.686
300.717
300.72
300.668
300.672
300.664
300.577
300.465
300.372
300.311
303.08
303.143
303.116
303.002
302.756
302.333
301.767
301.187
300.771
300.631
300.686
300.718
300.725
300.67
300.664
300.651
300.567
300.459
300.369
300.31
303.08
303.143
303.116
303.002
302.754
302.329
301.763
301.182
300.768
300.629
300.686
300.719
300.729
300.673
300.656
300.638
300.556
300.452
300.366
300.309
303.081
303.143
303.116
303
302.751
302.326
301.758
301.178
300.764
300.627
300.686
300.721
300.733
300.675
300.649
300.625
300.545
300.446
300.363
300.308
303.082
303.144
303.116
302.999
302.748
302.321
301.753
301.172
300.76
300.625
300.686
300.722
300.736
300.677
300.642
300.613
300.534
300.439
300.36
300.307
303.082
303.144
303.115
302.997
302.745
302.316
301.746
301.166
300.756
300.623
300.686
300.723
300.74
300.679
300.636
300.601
300.524
300.433
300.357
300.306
303.083
303.144
303.114
302.995
302.741
302.31
301.739
301.159
300.751
300.621
300.686
300.724
300.743
300.68
300.629
300.589
300.514
300.427
300.354
300.305
303.084
303.144
303.114
302.993
302.737
302.303
301.731
301.152
300.746
300.618
300.686
300.725
300.746
300.681
300.623
300.578
300.504
300.42
300.35
300.304
303.084
303.144
303.113
302.991
302.732
302.296
301.723
301.144
300.741
300.616
300.686
300.726
300.749
300.682
300.617
300.568
300.494
300.414
300.347
300.302
303.085
303.144
303.112
302.988
302.726
302.288
301.713
301.136
300.735
300.613
300.686
300.727
300.752
300.682
300.611
300.558
300.485
300.409
300.344
300.301
303.086
303.144
303.111
302.985
302.721
302.279
301.703
301.127
300.73
300.611
300.685
300.728
300.754
300.682
300.606
300.549
300.477
300.403
300.341
300.299
303.086
303.144
303.11
302.982
302.714
302.27
301.692
301.118
300.724
300.608
300.685
300.728
300.757
300.682
300.601
300.541
300.469
300.398
300.338
300.298
303.087
303.144
303.109
302.979
302.707
302.26
301.681
301.108
300.718
300.606
300.684
300.729
300.759
300.681
300.597
300.534
300.462
300.393
300.336
300.296
303.088
303.144
303.107
302.975
302.7
302.249
301.668
301.097
300.711
300.603
300.684
300.729
300.76
300.681
300.593
300.527
300.456
300.388
300.333
300.295
303.089
303.144
303.106
302.971
302.692
302.237
301.655
301.086
300.705
300.601
300.683
300.729
300.762
300.68
300.589
300.521
300.45
300.384
300.33
300.293
303.089
303.144
303.104
302.966
302.683
302.224
301.641
301.074
300.698
300.598
300.683
300.728
300.763
300.679
300.586
300.516
300.445
300.38
300.328
300.291
303.09
303.144
303.102
302.961
302.674
302.211
301.626
301.062
300.692
300.596
300.682
300.727
300.765
300.679
300.584
300.512
300.441
300.377
300.325
300.289
303.091
303.144
303.1
302.956
302.663
302.196
301.61
301.049
300.684
300.593
300.681
300.726
300.766
300.678
300.582
300.509
300.437
300.374
300.323
300.287
303.092
303.144
303.098
302.95
302.652
302.18
301.593
301.036
300.677
300.59
300.681
300.725
300.766
300.678
300.582
300.507
300.434
300.371
300.321
300.285
303.093
303.143
303.096
302.943
302.64
302.164
301.575
301.021
300.669
300.588
300.681
300.723
300.767
300.678
300.582
300.506
300.432
300.369
300.319
300.283
303.093
303.143
303.093
302.936
302.627
302.145
301.556
301.006
300.661
300.585
300.682
300.722
300.767
300.679
300.583
300.506
300.431
300.367
300.317
300.281
303.094
303.142
303.09
302.928
302.613
302.126
301.535
300.99
300.652
300.583
300.683
300.721
300.768
300.68
300.585
300.507
300.43
300.366
300.315
300.278
303.095
303.142
303.086
302.92
302.598
302.105
301.513
300.973
300.643
300.581
300.684
300.72
300.769
300.681
300.588
300.509
300.43
300.365
300.313
300.276
303.096
303.141
303.083
302.911
302.582
302.083
301.49
300.955
300.634
300.578
300.686
300.719
300.77
300.683
300.591
300.511
300.431
300.364
300.312
300.274
303.096
303.14
303.079
302.901
302.564
302.059
301.465
300.936
300.625
300.576
300.689
300.72
300.773
300.684
300.595
300.515
300.433
300.364
300.31
300.271
303.097
303.139
303.074
302.89
302.545
302.034
301.439
300.916
300.615
300.575
300.693
300.722
300.775
300.686
300.6
300.519
300.435
300.364
300.309
300.268
303.098
303.138
303.069
302.878
302.524
302.006
301.412
300.896
300.606
300.573
300.697
300.729
300.777
300.689
300.606
300.525
300.438
300.364
300.308
300.266
303.098
303.137
303.063
302.865
302.502
301.978
301.383
300.876
300.596
300.572
300.702
300.752
300.778
300.694
300.614
300.531
300.441
300.365
300.307
300.263
303.099
303.135
303.057
302.85
302.478
301.947
301.353
300.855
300.588
300.572
300.706
300.771
300.78
300.701
300.623
300.538
300.446
300.366
300.306
300.26
303.1
303.133
303.05
302.835
302.452
301.914
301.322
300.834
300.579
300.572
300.711
300.786
300.784
300.709
300.632
300.546
300.451
300.367
300.305
300.258
303.1
303.131
303.042
302.818
302.424
301.88
301.29
300.812
300.571
300.573
300.717
300.798
300.789
300.719
300.643
300.555
300.457
300.369
300.304
300.255
303.1
303.128
303.033
302.799
302.395
301.844
301.257
300.791
300.563
300.575
300.723
300.808
300.796
300.729
300.654
300.565
300.463
300.371
300.304
300.252
303.101
303.125
303.023
302.778
302.362
301.805
301.222
300.769
300.557
300.577
300.727
300.817
300.803
300.741
300.667
300.575
300.47
300.374
300.303
300.25
303.101
303.122
303.012
302.756
302.328
301.765
301.187
300.748
300.55
300.58
300.731
300.826
300.812
300.753
300.679
300.586
300.477
300.377
300.303
300.247
303.101
303.118
303
302.731
302.291
301.723
301.151
300.727
300.545
300.583
300.733
300.833
300.821
300.765
300.693
300.598
300.485
300.381
300.303
300.245
303.101
303.114
302.987
302.705
302.252
301.678
301.114
300.706
300.54
300.586
300.735
300.84
300.831
300.778
300.706
300.609
300.494
300.384
300.304
300.242
303.101
303.108
302.971
302.675
302.21
301.632
301.076
300.686
300.536
300.589
300.736
300.846
300.841
300.792
300.72
300.621
300.502
300.388
300.305
300.24
303.1
303.102
302.954
302.644
302.165
301.584
301.038
300.667
300.534
300.592
300.738
300.852
300.852
300.805
300.734
300.634
300.511
300.393
300.305
300.238
303.1
303.095
302.936
302.609
302.117
301.534
301
300.649
300.532
300.595
300.739
300.857
300.862
300.818
300.748
300.646
300.521
300.397
300.306
300.236
303.099
303.088
302.915
302.571
302.066
301.482
300.962
300.631
300.53
300.598
300.74
300.862
300.871
300.83
300.761
300.658
300.53
300.402
300.308
300.234
303.098
303.079
302.891
302.53
302.012
301.43
300.924
300.615
300.53
300.601
300.742
300.866
300.88
300.842
300.774
300.67
300.539
300.406
300.309
300.233
303.096
303.068
302.865
302.486
301.956
301.375
300.887
300.601
300.53
300.605
300.744
300.87
300.889
300.853
300.786
300.681
300.548
300.411
300.311
300.231
303.094
303.056
302.836
302.438
301.897
301.321
300.852
300.587
300.53
300.609
300.745
300.873
300.897
300.863
300.798
300.692
300.557
300.415
300.313
300.23
303.092
303.043
302.805
302.386
301.835
301.266
300.818
300.575
300.531
300.613
300.746
300.876
300.903
300.872
300.808
300.703
300.565
300.419
300.315
300.229
303.089
303.027
302.769
302.331
301.771
301.211
300.784
300.564
300.533
300.616
300.747
300.878
300.909
300.88
300.818
300.712
300.572
300.424
300.317
300.228
303.086
303.01
302.73
302.272
301.706
301.157
300.753
300.554
300.535
300.62
300.748
300.88
300.913
300.887
300.826
300.72
300.579
300.427
300.32
300.228
303.082
302.99
302.688
302.211
301.639
301.103
300.722
300.545
300.537
300.623
300.748
300.881
300.916
300.892
300.832
300.726
300.584
300.431
300.323
300.227
303.077
302.967
302.642
302.146
301.571
301.05
300.693
300.537
300.54
300.626
300.748
300.882
300.917
300.895
300.837
300.731
300.589
300.434
300.326
300.227
303.071
302.942
302.592
302.078
301.501
300.997
300.666
300.531
300.543
300.629
300.747
300.882
300.917
300.896
300.84
300.734
300.592
300.436
300.329
300.226
303.064
302.915
302.539
302.007
301.432
300.947
300.641
300.526
300.546
300.631
300.745
300.881
300.914
300.895
300.84
300.735
300.594
300.439
300.332
300.226
303.056
302.884
302.482
301.933
301.362
300.898
300.618
300.521
300.549
300.633
300.743
300.879
300.909
300.892
300.839
300.733
300.595
300.441
300.335
300.227
303.046
302.851
302.421
301.858
301.293
300.851
300.597
300.518
300.551
300.634
300.74
300.871
300.901
300.885
300.834
300.729
300.594
300.443
300.338
300.227
303.036
302.814
302.357
301.782
301.225
300.807
300.579
300.515
300.554
300.634
300.734
300.859
300.89
300.876
300.826
300.724
300.593
300.444
300.341
300.227
303.024
302.775
302.291
301.705
301.159
300.766
300.562
300.513
300.556
300.633
300.727
300.838
300.876
300.863
300.815
300.716
300.589
300.445
300.344
300.228
303.011
302.732
302.222
301.627
301.095
300.728
300.547
300.512
300.557
300.631
300.718
300.817
300.858
300.847
300.8
300.705
300.584
300.445
300.346
300.228
302.996
302.688
302.152
301.551
301.035
300.692
300.534
300.51
300.557
300.627
300.707
300.795
300.837
300.827
300.783
300.693
300.578
300.444
300.348
300.228
302.98
302.641
302.081
301.476
300.977
300.66
300.523
300.509
300.556
300.622
300.694
300.772
300.812
300.805
300.763
300.678
300.57
300.443
300.349
300.229
302.963
302.594
302.01
301.404
300.923
300.632
300.513
300.507
300.554
300.615
300.68
300.748
300.785
300.779
300.74
300.661
300.56
300.44
300.35
300.229
302.946
302.546
301.94
301.336
300.874
300.606
300.504
300.505
300.55
300.607
300.664
300.722
300.756
300.752
300.715
300.643
300.549
300.437
300.35
300.229
302.928
302.498
301.874
301.272
300.829
300.583
300.496
300.502
300.546
300.597
300.648
300.696
300.726
300.722
300.689
300.624
300.537
300.433
300.349
300.229
302.911
302.453
301.811
301.213
300.789
300.563
300.488
300.498
300.54
300.586
300.63
300.67
300.695
300.692
300.662
300.603
300.523
300.428
300.348
300.229
302.895
302.411
301.754
301.161
300.754
300.546
300.481
300.493
300.532
300.574
300.612
300.644
300.665
300.662
300.635
300.582
300.51
300.422
300.345
300.228
302.88
302.375
301.706
301.117
300.725
300.531
300.474
300.487
300.523
300.561
300.594
300.62
300.636
300.633
300.608
300.561
300.495
300.415
300.341
300.227
302.869
302.347
301.667
301.082
300.702
300.518
300.466
300.479
300.513
300.547
300.575
300.596
300.608
300.605
300.583
300.54
300.48
300.407
300.336
300.225
302.862
302.328
301.642
301.059
300.686
300.509
300.459
300.471
300.501
300.532
300.556
300.573
300.582
300.578
300.558
300.52
300.465
300.398
300.329
300.223
302.861
302.323
301.632
301.048
300.678
300.503
300.453
300.461
300.488
300.515
300.536
300.55
300.557
300.552
300.534
300.499
300.449
300.388
300.322
300.22
302.865
302.334
301.643
301.055
300.68
300.501
300.447
300.451
300.474
300.498
300.516
300.527
300.532
300.528
300.51
300.478
300.433
300.377
300.313
300.217
302.877
302.363
301.677
301.083
300.697
300.507
300.443
300.44
300.458
300.479
300.495
300.504
300.508
300.503
300.487
300.458
300.416
300.365
300.304
300.213
302.896
302.413
301.74
301.138
300.733
300.523
300.443
300.43
300.442
300.459
300.472
300.481
300.483
300.479
300.463
300.437
300.399
300.351
300.293
300.209
302.922
302.485
301.836
301.227
300.797
300.557
300.453
300.424
300.426
300.438
300.449
300.456
300.457
300.454
300.439
300.415
300.38
300.336
300.282
300.205
302.952
302.577
301.97
301.361
300.899
300.62
300.481
300.427
300.414
300.417
300.424
300.43
300.431
300.428
300.415
300.392
300.361
300.32
300.27
300.2
302.985
302.684
302.139
301.546
301.056
300.728
300.542
300.451
300.413
300.401
300.4
300.403
300.404
300.401
300.389
300.369
300.34
300.303
300.257
300.195
303.015
302.798
302.338
301.786
301.282
300.905
300.661
300.517
300.438
300.399
300.382
300.376
300.375
300.372
300.362
300.344
300.318
300.285
300.244
300.19
303.039
302.906
302.55
302.072
301.585
301.175
300.872
300.665
300.527
300.438
300.385
300.358
300.347
300.342
300.334
300.318
300.295
300.266
300.23
300.184
303.056
302.997
302.75
302.378
301.952
301.548
301.211
300.946
300.742
300.584
300.465
300.381
300.333
300.312
300.304
300.291
300.271
300.246
300.215
300.177
303.064
303.064
302.914
302.661
302.337
301.995
301.676
301.399
301.159
300.946
300.751
300.574
300.426
300.325
300.279
300.269
300.255
300.239
300.224
300.221
303.066
303.105
303.029
302.881
302.673
302.433
302.192
301.97
301.771
301.587
301.401
301.199
300.975
300.745
300.55
300.465
300.513
300.633
300.95
302.31
303.063
303.126
303.096
303.023
302.911
302.774
302.629
302.497
302.389
302.307
302.248
302.204
302.16
302.099
302
301.849
301.747
301.919
302.568
302.846
303.057
303.135
303.129
303.099
303.049
302.983
302.912
302.848
302.801
302.778
302.779
302.802
302.842
302.89
302.935
302.967
302.981
302.978
302.956
302.904
303.051
303.138
303.142
303.132
303.114
303.088
303.058
303.031
303.012
303.004
303.007
303.018
303.033
303.047
303.054
303.052
303.039
303.013
302.973
302.913
303.044
303.138
303.147
303.145
303.139
303.13
303.12
303.11
303.103
303.099
303.099
303.101
303.103
303.102
303.097
303.085
303.065
303.034
302.988
302.918
303.037
303.137
303.148
303.148
303.147
303.145
303.142
303.139
303.136
303.134
303.133
303.132
303.13
303.126
303.118
303.105
303.084
303.051
303.002
302.923
303.03
303.135
303.149
303.149
303.149
303.149
303.148
303.147
303.146
303.146
303.145
303.143
303.141
303.137
303.13
303.118
303.099
303.067
303.015
302.926
303.024
303.134
303.149
303.15
303.15
303.15
303.15
303.149
303.149
303.149
303.148
303.147
303.146
303.143
303.137
303.127
303.11
303.08
303.026
302.929
303.019
303.133
303.148
303.15
303.15
303.15
303.15
303.15
303.15
303.15
303.149
303.149
303.148
303.146
303.142
303.134
303.119
303.091
303.037
302.932
303.014
303.131
303.148
303.15
303.15
303.15
303.15
303.15
303.15
303.15
303.15
303.15
303.149
303.148
303.145
303.139
303.126
303.1
303.046
302.935
303.009
303.13
303.148
303.15
303.15
303.15
303.15
303.15
303.15
303.15
303.15
303.15
303.15
303.149
303.147
303.142
303.132
303.107
303.054
302.937
303.005
303.129
303.148
303.15
303.15
303.15
303.15
303.15
303.15
303.15
303.15
303.15
303.15
303.149
303.148
303.144
303.136
303.113
303.061
302.939
303.002
303.128
303.148
303.15
303.15
303.15
303.15
303.15
303.15
303.15
303.15
303.15
303.15
303.15
303.149
303.146
303.139
303.118
303.067
302.941
302.999
303.127
303.148
303.15
303.15
303.15
303.15
303.15
303.15
303.15
303.15
303.15
303.15
303.15
303.149
303.147
303.141
303.122
303.072
302.943
302.996
303.126
303.148
303.15
303.15
303.15
303.15
303.15
303.15
303.15
303.15
303.15
303.15
303.15
303.149
303.148
303.143
303.126
303.077
302.945
302.994
303.126
303.148
303.15
303.15
303.15
303.15
303.15
303.15
303.15
303.15
303.15
303.15
303.15
303.15
303.148
303.144
303.129
303.08
302.946
302.993
303.125
303.148
303.15
303.15
303.15
303.15
303.15
303.15
303.15
303.15
303.15
303.15
303.15
303.15
303.149
303.145
303.131
303.084
302.948
302.992
303.125
303.148
303.15
303.15
303.15
303.15
303.15
303.15
303.15
303.15
303.15
303.15
303.15
303.15
303.149
303.146
303.133
303.087
302.95
302.991
303.124
303.148
303.15
303.15
303.15
303.15
303.15
303.15
303.15
303.15
303.15
303.15
303.15
303.15
303.149
303.146
303.134
303.089
302.952
302.99
303.124
303.148
303.15
303.15
303.15
303.15
303.15
303.15
303.15
303.15
303.15
303.15
303.15
303.15
303.149
303.147
303.135
303.092
302.953
302.99
303.124
303.148
303.15
303.15
303.15
303.15
303.15
303.15
303.15
303.15
303.15
303.15
303.15
303.15
303.149
303.147
303.137
303.094
302.955
302.99
303.124
303.148
303.15
303.15
303.15
303.15
303.15
303.15
303.15
303.15
303.15
303.15
303.15
303.15
303.15
303.147
303.137
303.096
302.956
302.99
303.124
303.148
303.15
303.15
303.15
303.15
303.15
303.15
303.15
303.15
303.15
303.15
303.15
303.15
303.15
303.148
303.138
303.097
302.958
302.991
303.124
303.148
303.15
303.15
303.15
303.15
303.15
303.15
303.15
303.15
303.15
303.15
303.15
303.15
303.15
303.148
303.139
303.099
302.96
302.991
303.124
303.148
303.15
303.15
303.15
303.15
303.15
303.15
303.15
303.15
303.15
303.15
303.15
303.15
303.15
303.148
303.139
303.1
302.961
302.992
303.124
303.148
303.15
303.15
303.15
303.15
303.15
303.15
303.15
303.15
303.15
303.15
303.15
303.15
303.15
303.148
303.14
303.101
302.963
302.993
303.124
303.148
303.15
303.15
303.15
303.15
303.15
303.15
303.15
303.15
303.15
303.15
303.15
303.15
303.15
303.148
303.14
303.102
302.964
302.994
303.124
303.148
303.15
303.15
303.15
303.15
303.15
303.15
303.15
303.15
303.15
303.15
303.15
303.15
303.15
303.148
303.141
303.103
302.966
302.995
303.124
303.148
303.15
303.15
303.15
303.15
303.15
303.15
303.15
303.15
303.15
303.15
303.15
303.15
303.15
303.148
303.141
303.104
302.968
302.996
303.125
303.148
303.15
303.15
303.15
303.15
303.15
303.15
303.15
303.15
303.15
303.15
303.15
303.15
303.15
303.148
303.141
303.105
302.969
302.997
303.125
303.148
303.15
303.15
303.15
303.15
303.15
303.15
303.15
303.15
303.15
303.15
303.15
303.15
303.15
303.149
303.141
303.106
302.971
302.998
303.125
303.148
303.15
303.15
303.15
303.15
303.15
303.15
303.15
303.15
303.15
303.15
303.15
303.15
303.15
303.149
303.142
303.106
302.973
302.999
303.125
303.148
303.15
303.15
303.15
303.15
303.15
303.15
303.15
303.15
303.15
303.15
303.15
303.15
303.15
303.149
303.142
303.107
302.974
303
303.126
303.148
303.15
303.15
303.15
303.15
303.15
303.15
303.15
303.15
303.15
303.15
303.15
303.15
303.15
303.149
303.142
303.108
302.976
303.002
303.126
303.148
303.15
303.15
303.15
303.15
303.15
303.15
303.15
303.15
303.15
303.15
303.15
303.15
303.15
303.149
303.142
303.108
302.977
303.003
303.126
303.148
303.15
303.15
303.15
303.15
303.15
303.15
303.15
303.15
303.15
303.15
303.15
303.15
303.15
303.149
303.142
303.109
302.979
303.004
303.126
303.148
303.15
303.15
303.15
303.15
303.15
303.15
303.15
303.15
303.15
303.15
303.15
303.15
303.15
303.149
303.143
303.11
302.981
303.005
303.127
303.148
303.15
303.15
303.15
303.15
303.15
303.15
303.15
303.15
303.15
303.15
303.15
303.15
303.15
303.149
303.143
303.11
302.982
303.007
303.127
303.148
303.15
303.15
303.15
303.15
303.15
303.15
303.15
303.15
303.15
303.15
303.15
303.15
303.15
303.149
303.143
303.111
302.984
303.008
303.128
303.148
303.15
303.15
303.15
303.15
303.15
303.15
303.15
303.15
303.15
303.15
303.15
303.15
303.15
303.149
303.143
303.112
302.986
303.009
303.128
303.148
303.15
303.15
303.15
303.15
303.15
303.15
303.15
303.15
303.15
303.15
303.15
303.15
303.15
303.149
303.143
303.112
302.987
303.01
303.128
303.148
303.15
303.15
303.15
303.15
303.15
303.15
303.15
303.15
303.15
303.15
303.15
303.15
303.15
303.149
303.143
303.113
302.989
303.012
303.129
303.148
303.15
303.15
303.15
303.15
303.15
303.15
303.15
303.15
303.15
303.15
303.15
303.15
303.15
303.149
303.143
303.113
302.991
303.013
303.129
303.148
303.15
303.15
303.15
303.15
303.15
303.15
303.15
303.15
303.15
303.15
303.15
303.15
303.15
303.149
303.144
303.114
302.992
303.014
303.129
303.148
303.15
303.15
303.15
303.15
303.15
303.15
303.15
303.15
303.15
303.15
303.15
303.15
303.15
303.149
303.144
303.114
302.994
303.016
303.13
303.148
303.15
303.15
303.15
303.15
303.15
303.15
303.15
303.15
303.15
303.15
303.15
303.15
303.15
303.149
303.144
303.115
302.996
303.017
303.13
303.148
303.15
303.15
303.15
303.15
303.15
303.15
303.15
303.15
303.15
303.15
303.15
303.15
303.15
303.149
303.144
303.116
302.998
303.018
303.131
303.148
303.15
303.15
303.15
303.15
303.15
303.15
303.15
303.15
303.15
303.15
303.15
303.15
303.15
303.149
303.144
303.116
302.999
303.019
303.131
303.148
303.15
303.15
303.15
303.15
303.15
303.15
303.15
303.15
303.15
303.15
303.15
303.15
303.15
303.149
303.144
303.117
303.001
303.021
303.131
303.148
303.15
303.15
303.15
303.15
303.15
303.15
303.15
303.15
303.15
303.15
303.15
303.15
303.15
303.149
303.144
303.117
303.003
303.022
303.132
303.149
303.15
303.15
303.15
303.15
303.15
303.15
303.15
303.15
303.15
303.15
303.15
303.15
303.15
303.149
303.144
303.118
303.005
303.023
303.132
303.149
303.15
303.15
303.15
303.15
303.15
303.15
303.15
303.15
303.15
303.15
303.15
303.15
303.15
303.149
303.144
303.118
303.006
303.025
303.133
303.149
303.15
303.15
303.15
303.15
303.15
303.15
303.15
303.15
303.15
303.15
303.15
303.15
303.15
303.149
303.145
303.119
303.008
303.026
303.133
303.149
303.15
303.15
303.15
303.15
303.15
303.15
303.15
303.15
303.15
303.15
303.15
303.15
303.15
303.149
303.145
303.119
303.01
303.027
303.133
303.149
303.15
303.15
303.15
303.15
303.15
303.15
303.15
303.15
303.15
303.15
303.15
303.15
303.15
303.149
303.145
303.12
303.012
303.029
303.134
303.149
303.15
303.15
303.15
303.15
303.15
303.15
303.15
303.15
303.15
303.15
303.15
303.15
303.15
303.149
303.145
303.12
303.014
303.03
303.134
303.149
303.15
303.15
303.15
303.15
303.15
303.15
303.15
303.15
303.15
303.15
303.15
303.15
303.15
303.149
303.145
303.121
303.015
303.031
303.135
303.149
303.15
303.15
303.15
303.15
303.15
303.15
303.15
303.15
303.15
303.15
303.15
303.15
303.15
303.149
303.145
303.122
303.017
303.033
303.135
303.149
303.15
303.15
303.15
303.15
303.15
303.15
303.15
303.15
303.15
303.15
303.15
303.15
303.15
303.149
303.145
303.122
303.019
303.034
303.135
303.149
303.15
303.15
303.15
303.15
303.15
303.15
303.15
303.15
303.15
303.15
303.15
303.15
303.15
303.149
303.145
303.123
303.021
303.036
303.135
303.149
303.15
303.15
303.15
303.15
303.15
303.15
303.15
303.15
303.15
303.15
303.15
303.15
303.15
303.149
303.145
303.123
303.023
303.037
303.136
303.149
303.15
303.15
303.15
303.15
303.15
303.15
303.15
303.15
303.15
303.15
303.15
303.15
303.15
303.149
303.146
303.124
303.025
303.038
303.136
303.149
303.15
303.15
303.15
303.15
303.15
303.15
303.15
303.15
303.15
303.15
303.15
303.15
303.15
303.149
303.146
303.124
303.027
303.04
303.136
303.149
303.15
303.15
303.15
303.15
303.15
303.15
303.15
303.15
303.15
303.15
303.15
303.15
303.15
303.149
303.146
303.125
303.029
303.041
303.137
303.149
303.15
303.15
303.15
303.15
303.15
303.15
303.15
303.15
303.15
303.15
303.15
303.15
303.15
303.149
303.146
303.126
303.031
303.042
303.137
303.149
303.15
303.15
303.15
303.15
303.15
303.15
303.15
303.15
303.15
303.15
303.15
303.15
303.15
303.149
303.146
303.126
303.033
303.044
303.137
303.149
303.15
303.15
303.15
303.15
303.15
303.15
303.15
303.15
303.15
303.15
303.15
303.15
303.15
303.15
303.146
303.127
303.035
303.045
303.137
303.149
303.15
303.15
303.15
303.15
303.15
303.15
303.15
303.15
303.15
303.15
303.15
303.15
303.15
303.15
303.147
303.128
303.037
303.046
303.138
303.149
303.15
303.15
303.15
303.15
303.15
303.15
303.15
303.15
303.15
303.15
303.15
303.15
303.15
303.15
303.147
303.129
303.039
303.047
303.138
303.149
303.15
303.15
303.15
303.15
303.15
303.15
303.15
303.15
303.15
303.15
303.15
303.15
303.15
303.15
303.147
303.129
303.041
303.048
303.138
303.149
303.15
303.15
303.15
303.15
303.15
303.15
303.15
303.15
303.15
303.15
303.15
303.15
303.15
303.15
303.147
303.13
303.043
303.049
303.138
303.149
303.15
303.15
303.15
303.15
303.15
303.15
303.15
303.15
303.15
303.15
303.15
303.15
303.15
303.15
303.148
303.132
303.045
303.04
303.08
303.077
303.04
302.972
302.878
302.767
302.646
302.527
302.417
302.326
302.26
302.22
302.193
302.163
302.122
302.057
301.953
301.771
301.428
303.042
303.083
303.077
303.035
302.961
302.86
302.741
302.613
302.488
302.374
302.282
302.216
302.181
302.156
302.129
302.088
302.021
301.908
301.707
301.331
303.044
303.085
303.076
303.03
302.949
302.841
302.714
302.579
302.447
302.329
302.235
302.171
302.14
302.118
302.093
302.053
301.984
301.863
301.641
301.235
303.045
303.087
303.076
303.025
302.938
302.822
302.687
302.544
302.405
302.283
302.187
302.124
302.097
302.078
302.055
302.017
301.947
301.817
301.574
301.142
303.047
303.088
303.075
303.019
302.926
302.802
302.659
302.508
302.362
302.235
302.137
302.076
302.049
302.034
302.015
301.98
301.908
301.769
301.507
301.051
303.048
303.09
303.074
303.014
302.914
302.782
302.63
302.47
302.318
302.185
302.086
302.025
302
301.988
301.973
301.941
301.868
301.721
301.44
300.965
303.05
303.091
303.073
303.008
302.901
302.762
302.601
302.433
302.272
302.135
302.032
301.973
301.949
301.94
301.93
301.901
301.828
301.672
301.373
300.883
303.051
303.093
303.072
303.002
302.889
302.741
302.572
302.394
302.226
302.083
301.978
301.919
301.897
301.891
301.885
301.859
301.786
301.623
301.307
300.806
303.052
303.094
303.071
302.997
302.877
302.721
302.542
302.356
302.179
302.03
301.923
301.865
301.844
301.841
301.839
301.817
301.744
301.573
301.242
300.734
303.054
303.096
303.07
302.991
302.865
302.7
302.512
302.317
302.132
301.977
301.867
301.809
301.789
301.789
301.792
301.774
301.701
301.523
301.178
300.668
303.055
303.097
303.069
302.985
302.852
302.68
302.483
302.277
302.084
301.924
301.81
301.753
301.734
301.737
301.743
301.729
301.658
301.473
301.116
300.607
303.056
303.098
303.068
302.98
302.84
302.66
302.453
302.238
302.037
301.87
301.754
301.697
301.679
301.683
301.694
301.684
301.614
301.422
301.056
300.552
303.057
303.099
303.066
302.974
302.828
302.64
302.424
302.199
301.989
301.817
301.698
301.641
301.623
301.629
301.644
301.639
301.569
301.372
300.998
300.501
303.059
303.1
303.065
302.969
302.817
302.62
302.395
302.16
301.942
301.764
301.643
301.586
301.568
301.575
301.593
301.592
301.524
301.322
300.942
300.456
303.06
303.102
303.064
302.963
302.805
302.6
302.366
302.122
301.895
301.711
301.588
301.531
301.513
301.52
301.541
301.546
301.479
301.273
300.888
300.415
303.061
303.103
303.063
302.958
302.794
302.581
302.337
302.083
301.849
301.66
301.534
301.478
301.459
301.466
301.49
301.498
301.434
301.224
300.837
300.379
303.062
303.104
303.062
302.953
302.783
302.562
302.309
302.045
301.803
301.609
301.481
301.426
301.405
301.412
301.438
301.451
301.388
301.175
300.789
300.346
303.063
303.105
303.061
302.948
302.772
302.544
302.281
302.008
301.757
301.558
301.429
301.375
301.353
301.359
301.386
301.403
301.343
301.127
300.743
300.317
303.064
303.106
303.06
302.944
302.762
302.526
302.254
301.971
301.712
301.509
301.378
301.325
301.303
301.307
301.335
301.355
301.297
301.08
300.699
300.292
303.066
303.107
303.059
302.939
302.751
302.508
302.226
301.934
301.668
301.46
301.329
301.276
301.253
301.256
301.285
301.308
301.252
301.034
300.658
300.269
303.067
303.108
303.058
302.934
302.741
302.49
302.199
301.897
301.624
301.412
301.28
301.229
301.206
301.207
301.235
301.261
301.206
300.988
300.618
300.25
303.068
303.108
303.057
302.93
302.731
302.472
302.173
301.861
301.58
301.365
301.233
301.183
301.159
301.159
301.186
301.214
301.162
300.944
300.581
300.233
303.069
303.109
303.056
302.925
302.721
302.455
302.146
301.825
301.537
301.319
301.186
301.139
301.114
301.112
301.139
301.169
301.117
300.9
300.546
300.218
303.07
303.11
303.055
302.92
302.711
302.438
302.12
301.789
301.494
301.273
301.141
301.095
301.071
301.067
301.093
301.124
301.073
300.858
300.514
300.205
303.071
303.111
303.053
302.916
302.701
302.42
302.093
301.753
301.451
301.228
301.096
301.052
301.029
301.024
301.049
301.08
301.03
300.816
300.483
300.194
303.072
303.111
303.052
302.911
302.69
302.403
302.067
301.717
301.409
301.184
301.052
301.01
300.987
300.982
301.007
301.038
300.988
300.776
300.454
300.185
303.073
303.112
303.05
302.906
302.68
302.386
302.041
301.681
301.366
301.14
301.01
300.969
300.947
300.942
300.966
300.997
300.947
300.738
300.428
300.177
303.074
303.112
303.049
302.9
302.67
302.368
302.014
301.645
301.324
301.096
300.968
300.929
300.909
300.904
300.927
300.958
300.907
300.7
300.403
300.171
303.075
303.112
303.047
302.895
302.659
302.35
301.987
301.609
301.283
301.054
300.927
300.889
300.871
300.867
300.89
300.92
300.868
300.665
300.38
300.167
303.076
303.112
303.044
302.888
302.647
302.332
301.96
301.573
301.241
301.012
300.887
300.851
300.835
300.832
300.855
300.884
300.831
300.63
300.359
300.163
303.077
303.112
303.042
302.882
302.636
302.314
301.933
301.537
301.2
300.971
300.847
300.813
300.799
300.798
300.822
300.85
300.795
300.598
300.34
300.161
303.078
303.112
303.039
302.875
302.623
302.295
301.905
301.5
301.159
300.931
300.809
300.777
300.765
300.766
300.79
300.817
300.76
300.567
300.323
300.161
303.078
303.112
303.035
302.868
302.611
302.275
301.877
301.464
301.118
300.891
300.773
300.742
300.732
300.736
300.761
300.786
300.727
300.538
300.307
300.161
303.079
303.111
303.031
302.86
302.597
302.256
301.849
301.428
301.079
300.853
300.737
300.708
300.701
300.707
300.734
300.757
300.695
300.51
300.294
300.163
303.08
303.11
303.027
302.851
302.583
302.235
301.821
301.391
301.039
300.817
300.703
300.676
300.671
300.68
300.708
300.73
300.665
300.485
300.282
300.166
303.08
303.109
303.023
302.842
302.568
302.214
301.792
301.356
301.001
300.781
300.671
300.646
300.643
300.655
300.685
300.704
300.636
300.461
300.272
300.17
303.081
303.108
303.017
302.831
302.553
302.192
301.763
301.32
300.964
300.748
300.64
300.617
300.617
300.632
300.663
300.68
300.609
300.439
300.264
300.175
303.082
303.106
303.012
302.821
302.536
302.17
301.734
301.285
300.928
300.716
300.612
300.591
300.593
300.611
300.644
300.657
300.583
300.418
300.257
300.182
303.082
303.104
303.005
302.809
302.519
302.147
301.705
301.251
300.893
300.686
300.585
300.566
300.571
300.593
300.626
300.635
300.558
300.4
300.253
300.19
303.082
303.102
302.999
302.797
302.501
302.124
301.676
301.217
300.86
300.658
300.56
300.544
300.551
300.576
300.61
300.614
300.533
300.383
300.25
300.199
303.083
303.1
302.991
302.784
302.482
302.1
301.647
301.185
300.829
300.632
300.537
300.523
300.534
300.562
300.596
300.594
300.51
300.367
300.248
300.209
303.083
303.097
302.983
302.77
302.462
302.075
301.619
301.154
300.8
300.609
300.517
300.505
300.519
300.55
300.582
300.574
300.488
300.354
300.249
300.221
303.083
303.094
302.975
302.755
302.442
302.05
301.591
301.124
300.773
300.588
300.498
300.489
300.506
300.54
300.57
300.555
300.467
300.342
300.25
300.233
303.083
303.091
302.965
302.739
302.42
302.025
301.563
301.096
300.749
300.569
300.482
300.476
300.496
300.531
300.557
300.535
300.446
300.332
300.254
300.246
303.082
303.087
302.956
302.723
302.398
302
301.536
301.07
300.726
300.553
300.468
300.465
300.487
300.523
300.544
300.515
300.427
300.324
300.258
300.26
303.082
303.083
302.945
302.705
302.375
301.974
301.51
301.046
300.707
300.539
300.456
300.455
300.48
300.515
300.53
300.495
300.409
300.317
300.264
300.274
303.082
303.079
302.934
302.687
302.352
301.949
301.485
301.024
300.689
300.527
300.445
300.448
300.475
300.507
300.515
300.474
300.392
300.312
300.27
300.288
303.081
303.074
302.922
302.669
302.328
301.923
301.461
301.004
300.674
300.517
300.437
300.442
300.47
300.498
300.499
300.454
300.376
300.308
300.278
300.302
303.08
303.069
302.91
302.65
302.304
301.897
301.437
300.985
300.662
300.509
300.43
300.437
300.465
300.489
300.482
300.435
300.363
300.306
300.286
300.316
303.079
303.063
302.897
302.63
302.28
301.872
301.415
300.969
300.652
300.502
300.424
300.433
300.459
300.477
300.465
300.416
300.351
300.305
300.294
300.329
303.078
303.058
302.884
302.609
302.255
301.847
301.395
300.956
300.644
300.498
300.421
300.429
300.453
300.465
300.447
300.398
300.341
300.306
300.303
300.341
303.077
303.052
302.871
302.589
302.23
301.822
301.375
300.944
300.639
300.495
300.419
300.424
300.445
300.451
300.429
300.382
300.332
300.307
300.312
300.352
303.076
303.045
302.857
302.568
302.205
301.798
301.357
300.933
300.634
300.493
300.417
300.416
300.435
300.437
300.412
300.368
300.326
300.31
300.321
300.362
303.075
303.039
302.842
302.547
302.18
301.775
301.339
300.924
300.631
300.492
300.416
300.405
300.423
300.422
300.395
300.355
300.321
300.312
300.329
300.369
303.073
303.032
302.828
302.525
302.155
301.752
301.323
300.916
300.628
300.492
300.416
300.395
300.41
300.407
300.38
300.344
300.318
300.316
300.337
300.375
303.071
303.025
302.814
302.504
302.131
301.729
301.307
300.909
300.627
300.492
300.416
300.385
300.397
300.392
300.366
300.335
300.316
300.319
300.342
300.379
303.069
303.018
302.799
302.483
302.107
301.707
301.293
300.903
300.625
300.493
300.417
300.377
300.385
300.378
300.355
300.329
300.315
300.322
300.346
300.38
303.067
303.011
302.784
302.462
302.083
301.686
301.278
300.897
300.625
300.494
300.419
300.372
300.376
300.367
300.345
300.324
300.315
300.324
300.348
300.379
303.065
303.004
302.77
302.441
302.059
301.665
301.265
300.892
300.624
300.496
300.422
300.371
300.369
300.359
300.339
300.32
300.315
300.325
300.349
300.377
303.063
302.997
302.755
302.42
302.035
301.644
301.252
300.888
300.624
300.498
300.426
300.372
300.366
300.354
300.334
300.318
300.315
300.326
300.347
300.373
303.061
302.99
302.741
302.399
302.012
301.624
301.24
300.884
300.625
300.5
300.431
300.376
300.365
300.351
300.332
300.317
300.314
300.325
300.344
300.367
303.059
302.983
302.726
302.379
301.99
301.605
301.228
300.881
300.625
300.502
300.435
300.38
300.366
300.35
300.331
300.316
300.313
300.323
300.34
300.36
303.056
302.975
302.712
302.359
301.967
301.586
301.217
300.878
300.626
300.504
300.441
300.386
300.369
300.352
300.331
300.316
300.312
300.321
300.335
300.353
303.054
302.968
302.697
302.339
301.945
301.567
301.206
300.875
300.627
300.506
300.446
300.392
300.374
300.354
300.332
300.316
300.311
300.318
300.329
300.345
303.051
302.961
302.683
302.319
301.924
301.548
301.195
300.873
300.628
300.508
300.452
300.399
300.38
300.358
300.334
300.316
300.31
300.315
300.323
300.336
303.049
302.954
302.67
302.3
301.903
301.53
301.184
300.87
300.629
300.51
300.457
300.407
300.387
300.363
300.337
300.317
300.309
300.312
300.317
300.328
303.046
302.947
302.656
302.281
301.882
301.513
301.174
300.868
300.631
300.512
300.462
300.414
300.394
300.369
300.341
300.319
300.308
300.308
300.31
300.32
303.044
302.94
302.643
302.263
301.862
301.495
301.164
300.866
300.632
300.513
300.466
300.422
300.401
300.375
300.345
300.32
300.307
300.305
300.304
300.312
303.042
302.934
302.63
302.245
301.842
301.478
301.154
300.864
300.634
300.514
300.471
300.429
300.409
300.382
300.35
300.322
300.307
300.303
300.299
300.305
303.039
302.927
302.617
302.227
301.823
301.461
301.144
300.862
300.635
300.515
300.474
300.436
300.417
300.389
300.355
300.325
300.307
300.301
300.294
300.298
303.037
302.921
302.605
302.21
301.804
301.445
301.134
300.86
300.637
300.515
300.477
300.443
300.425
300.396
300.36
300.328
300.307
300.299
300.289
300.292
303.034
302.915
302.593
302.193
301.785
301.429
301.124
300.858
300.639
300.516
300.479
300.45
300.432
300.402
300.366
300.331
300.308
300.297
300.285
300.286
303.032
302.909
302.581
302.177
301.767
301.413
301.114
300.856
300.64
300.516
300.481
300.456
300.439
300.409
300.371
300.334
300.309
300.296
300.282
300.281
303.03
302.903
302.57
302.161
301.75
301.398
301.104
300.853
300.642
300.517
300.482
300.461
300.445
300.416
300.377
300.338
300.31
300.296
300.279
300.277
303.028
302.898
302.56
302.146
301.733
301.382
301.094
300.851
300.644
300.517
300.482
300.465
300.451
300.422
300.382
300.341
300.312
300.296
300.277
300.274
303.026
302.893
302.55
302.132
301.716
301.368
301.084
300.848
300.646
300.517
300.481
300.468
300.456
300.427
300.387
300.345
300.314
300.296
300.275
300.271
303.024
302.889
302.54
302.118
301.701
301.353
301.074
300.845
300.648
300.518
300.48
300.471
300.46
300.432
300.392
300.349
300.316
300.297
300.275
300.269
303.023
302.885
302.531
302.105
301.686
301.339
301.064
300.842
300.65
300.519
300.479
300.472
300.463
300.436
300.397
300.353
300.319
300.298
300.274
300.268
303.021
302.881
302.523
302.093
301.671
301.325
301.054
300.838
300.652
300.52
300.477
300.473
300.465
300.44
300.401
300.357
300.322
300.3
300.275
300.267
303.02
302.877
302.516
302.082
301.657
301.312
301.044
300.834
300.654
300.521
300.475
300.473
300.467
300.443
300.405
300.361
300.325
300.302
300.276
300.266
303.019
302.875
302.509
302.071
301.644
301.299
301.034
300.83
300.655
300.523
300.473
300.472
300.467
300.445
300.408
300.364
300.328
300.304
300.277
300.267
303.018
302.872
302.504
302.062
301.632
301.287
301.024
300.826
300.657
300.525
300.471
300.471
300.467
300.447
300.411
300.368
300.331
300.306
300.279
300.268
303.017
302.87
302.499
302.053
301.621
301.275
301.014
300.821
300.658
300.527
300.469
300.469
300.467
300.448
300.413
300.371
300.335
300.309
300.282
300.269
303.016
302.869
302.495
302.046
301.611
301.264
301.005
300.815
300.659
300.529
300.468
300.467
300.465
300.448
300.415
300.375
300.338
300.312
300.285
300.271
303.016
302.868
302.492
302.039
301.602
301.253
300.995
300.81
300.659
300.532
300.466
300.464
300.463
300.448
300.417
300.378
300.342
300.316
300.288
300.273
303.016
302.867
302.489
302.034
301.593
301.244
300.986
300.804
300.659
300.534
300.465
300.461
300.461
300.447
300.418
300.381
300.346
300.319
300.292
300.276
303.016
302.867
302.488
302.03
301.586
301.235
300.977
300.798
300.658
300.537
300.465
300.458
300.459
300.446
300.419
300.383
300.349
300.323
300.296
300.279
303.016
302.868
302.488
302.027
301.581
301.227
300.969
300.792
300.657
300.54
300.465
300.455
300.456
300.445
300.42
300.386
300.353
300.327
300.3
300.282
303.016
302.869
302.489
302.026
301.576
301.22
300.961
300.786
300.655
300.542
300.465
300.452
300.454
300.444
300.421
300.389
300.357
300.331
300.304
300.285
303.016
302.87
302.49
302.025
301.572
301.214
300.954
300.779
300.653
300.545
300.466
300.45
300.451
300.442
300.421
300.391
300.36
300.335
300.309
300.289
303.017
302.872
302.493
302.026
301.57
301.209
300.947
300.773
300.651
300.547
300.467
300.448
300.449
300.441
300.421
300.393
300.364
300.339
300.314
300.293
303.017
302.874
302.496
302.028
301.57
301.205
300.941
300.767
300.648
300.549
300.468
300.446
300.447
300.439
300.422
300.395
300.368
300.343
300.319
300.297
303.018
302.877
302.501
302.031
301.57
301.202
300.936
300.761
300.644
300.55
300.47
300.444
300.445
300.438
300.422
300.398
300.371
300.347
300.323
300.301
303.019
302.88
302.506
302.036
301.572
301.2
300.931
300.756
300.641
300.551
300.472
300.443
300.443
300.437
300.422
300.4
300.374
300.351
300.328
300.305
303.02
302.884
302.512
302.042
301.575
301.2
300.928
300.75
300.637
300.552
300.474
300.442
300.441
300.436
300.423
300.402
300.378
300.355
300.333
300.308
303.021
302.887
302.519
302.048
301.579
301.2
300.925
300.745
300.632
300.552
300.476
300.441
300.44
300.435
300.423
300.403
300.381
300.359
300.338
300.312
303.022
302.891
302.526
302.056
301.585
301.202
300.923
300.741
300.628
300.552
300.479
300.441
300.439
300.435
300.423
300.405
300.384
300.362
300.342
300.316
303.023
302.896
302.534
302.065
301.592
301.204
300.921
300.737
300.624
300.551
300.482
300.441
300.438
300.434
300.424
300.407
300.387
300.366
300.346
300.32
303.024
302.9
302.543
302.075
301.6
301.208
300.921
300.733
300.619
300.55
300.484
300.441
300.438
300.434
300.424
300.409
300.389
300.369
300.35
300.323
303.025
302.905
302.552
302.086
301.609
301.213
300.921
300.73
300.615
300.549
300.487
300.442
300.438
300.434
300.425
300.41
300.392
300.373
300.354
300.326
303.027
302.91
302.561
302.097
301.619
301.219
300.922
300.728
300.611
300.547
300.489
300.443
300.438
300.434
300.426
300.412
300.394
300.376
300.358
300.329
303.028
302.915
302.572
302.11
301.63
301.226
300.924
300.725
300.607
300.545
300.492
300.444
300.438
300.434
300.426
300.413
300.397
300.379
300.361
300.332
303.029
302.92
302.582
302.123
301.642
301.233
300.927
300.724
300.603
300.542
300.494
300.446
300.439
300.435
300.427
300.415
300.399
300.381
300.364
300.334
303.031
302.925
302.593
302.136
301.655
301.242
300.93
300.722
300.599
300.54
300.497
300.448
300.44
300.436
300.428
300.416
300.401
300.384
300.367
300.336
303.032
302.93
302.604
302.15
301.669
301.251
300.933
300.721
300.595
300.537
300.499
300.45
300.441
300.437
300.429
300.418
300.403
300.386
300.369
300.338
303.033
302.936
302.615
302.165
301.683
301.261
300.937
300.721
300.592
300.534
300.501
300.453
300.442
300.438
300.43
300.419
300.404
300.388
300.372
300.34
303.035
302.941
302.627
302.18
301.698
301.271
300.942
300.72
300.588
300.531
300.503
300.456
300.444
300.439
300.432
300.421
300.406
300.39
300.373
300.341
303.036
302.947
302.639
302.196
301.714
301.282
300.947
300.72
300.585
300.528
300.504
300.459
300.445
300.441
300.433
300.422
300.408
300.392
300.375
300.342
303.038
302.953
302.651
302.212
301.73
301.294
300.953
300.72
300.582
300.525
300.506
300.462
300.447
300.442
300.435
300.424
300.409
300.393
300.376
300.343
303.039
302.959
302.663
302.229
301.747
301.306
300.959
300.72
300.579
300.522
300.507
300.466
300.45
300.444
300.436
300.425
300.411
300.395
300.377
300.344
303.04
302.964
302.676
302.246
301.764
301.319
300.965
300.721
300.576
300.519
300.509
300.47
300.452
300.446
300.438
300.427
300.412
300.396
300.378
300.344
303.042
302.97
302.688
302.263
301.782
301.332
300.972
300.721
300.574
300.516
300.51
300.475
300.455
300.449
300.44
300.429
300.414
300.397
300.379
300.344
303.043
302.976
302.701
302.281
301.8
301.346
300.979
300.722
300.571
300.514
300.512
300.48
300.458
300.451
300.442
300.43
300.415
300.398
300.379
300.344
303.044
302.982
302.714
302.299
301.819
301.361
300.986
300.723
300.569
300.512
300.514
300.485
300.461
300.454
300.445
300.432
300.416
300.399
300.379
300.344
303.046
302.988
302.727
302.317
301.839
301.376
300.994
300.725
300.567
300.51
300.516
300.49
300.464
300.457
300.447
300.434
300.418
300.4
300.379
300.344
303.047
302.994
302.74
302.336
301.859
301.392
301.003
300.727
300.565
300.508
300.518
300.496
300.468
300.46
300.45
300.436
300.419
300.401
300.379
300.343
303.048
303
302.753
302.355
301.879
301.408
301.012
300.729
300.564
300.507
300.52
300.502
300.472
300.463
300.453
300.439
300.421
300.402
300.379
300.342
303.049
303.006
302.767
302.375
301.901
301.425
301.022
300.731
300.562
300.506
300.523
300.509
300.476
300.467
300.456
300.441
300.423
300.403
300.379
300.341
303.05
303.012
302.78
302.394
301.922
301.443
301.032
300.734
300.562
300.506
300.526
300.516
300.481
300.471
300.459
300.444
300.424
300.404
300.378
300.341
303.051
303.018
302.793
302.414
301.945
301.461
301.043
300.737
300.561
300.506
300.53
300.523
300.486
300.475
300.463
300.447
300.426
300.405
300.378
300.34
303.052
303.024
302.807
302.435
301.967
301.48
301.054
300.741
300.561
300.507
300.534
300.531
300.491
300.48
300.466
300.45
300.428
300.406
300.377
300.339
303.053
303.029
302.82
302.455
301.991
301.5
301.066
300.746
300.561
300.508
300.538
300.539
300.497
300.485
300.471
300.453
300.43
300.407
300.377
300.337
303.054
303.035
302.834
302.476
302.015
301.521
301.079
300.751
300.562
300.51
300.543
300.547
300.503
300.49
300.475
300.456
300.432
300.408
300.376
300.336
303.055
303.041
302.847
302.497
302.039
301.542
301.093
300.756
300.563
300.512
300.548
300.556
300.51
300.496
300.479
300.46
300.434
300.409
300.375
300.335
303.056
303.046
302.86
302.518
302.064
301.564
301.107
300.762
300.565
300.514
300.553
300.565
300.518
300.502
300.484
300.464
300.437
300.411
300.375
300.334
303.057
303.052
302.874
302.539
302.089
301.587
301.123
300.769
300.567
300.517
300.559
300.574
300.526
300.509
300.49
300.468
300.439
300.412
300.374
300.333
303.058
303.057
302.887
302.56
302.115
301.61
301.139
300.776
300.569
300.52
300.565
300.583
300.536
300.517
300.496
300.472
300.442
300.414
300.374
300.332
303.059
303.062
302.899
302.581
302.141
301.635
301.156
300.784
300.572
300.523
300.572
300.592
300.546
300.526
300.502
300.477
300.445
300.415
300.373
300.331
303.059
303.067
302.912
302.602
302.167
301.659
301.173
300.793
300.575
300.527
300.578
300.601
300.558
300.535
300.509
300.482
300.448
300.417
300.373
300.33
303.06
303.072
302.924
302.623
302.194
301.685
301.191
300.802
300.578
300.53
300.585
300.609
300.571
300.546
300.516
300.487
300.451
300.419
300.372
300.329
303.061
303.076
302.936
302.644
302.22
301.71
301.21
300.812
300.582
300.534
300.592
300.618
300.585
300.558
300.524
300.493
300.455
300.421
300.372
300.328
303.061
303.081
302.948
302.665
302.247
301.736
301.23
300.822
300.586
300.538
300.599
300.626
300.599
300.571
300.533
300.499
300.458
300.423
300.372
300.328
303.062
303.085
302.959
302.685
302.273
301.763
301.249
300.833
300.591
300.542
300.606
300.634
300.615
300.585
300.543
300.505
300.462
300.425
300.372
300.327
303.062
303.089
302.97
302.704
302.299
301.789
301.27
300.845
300.596
300.547
300.613
300.642
300.631
300.601
300.554
300.513
300.466
300.427
300.372
300.326
303.063
303.093
302.981
302.724
302.325
301.816
301.291
300.857
300.601
300.551
300.62
300.648
300.647
300.618
300.566
300.521
300.47
300.429
300.372
300.326
303.063
303.097
302.991
302.742
302.351
301.843
301.312
300.869
300.607
300.555
300.626
300.654
300.662
300.636
300.58
300.529
300.475
300.432
300.372
300.325
303.064
303.101
303.001
302.76
302.376
301.869
301.333
300.882
300.612
300.559
300.632
300.658
300.677
300.655
300.595
300.538
300.48
300.434
300.373
300.325
303.064
303.104
303.01
302.778
302.4
301.896
301.355
300.895
300.618
300.563
300.637
300.662
300.689
300.675
300.611
300.548
300.485
300.437
300.373
300.324
303.065
303.107
303.019
302.795
302.425
301.922
301.377
300.908
300.625
300.566
300.642
300.666
300.699
300.695
300.628
300.559
300.491
300.439
300.374
300.324
303.065
303.11
303.027
302.811
302.448
301.948
301.399
300.922
300.631
300.57
300.647
300.669
300.705
300.714
300.646
300.571
300.497
300.442
300.375
300.323
303.065
303.113
303.035
302.827
302.471
301.974
301.421
300.936
300.638
300.574
300.651
300.671
300.709
300.733
300.666
300.584
300.504
300.445
300.376
300.323
303.066
303.115
303.043
302.842
302.493
301.999
301.443
300.95
300.645
300.577
300.655
300.674
300.709
300.749
300.686
300.597
300.511
300.448
300.377
300.323
303.066
303.118
303.05
302.856
302.514
302.024
301.464
300.965
300.652
300.581
300.658
300.677
300.705
300.764
300.706
300.612
300.519
300.452
300.379
300.323
303.066
303.12
303.056
302.87
302.535
302.048
301.486
300.979
300.659
300.584
300.661
300.679
300.699
300.776
300.726
300.627
300.527
300.455
300.38
300.323
303.067
303.122
303.062
302.882
302.554
302.071
301.507
300.993
300.666
300.587
300.664
300.682
300.69
300.784
300.746
300.642
300.536
300.459
300.382
300.323
303.067
303.124
303.068
302.894
302.573
302.093
301.527
301.007
300.673
300.59
300.666
300.684
300.679
300.79
300.765
300.659
300.545
300.462
300.383
300.323
303.067
303.126
303.073
302.905
302.59
302.114
301.547
301.021
300.68
300.593
300.668
300.687
300.668
300.791
300.782
300.675
300.555
300.466
300.385
300.323
303.068
303.127
303.078
302.916
302.607
302.135
301.566
301.035
300.687
300.596
300.67
300.689
300.658
300.79
300.798
300.692
300.564
300.47
300.386
300.323
303.068
303.129
303.082
302.925
302.623
302.155
301.585
301.048
300.694
300.599
300.671
300.691
300.648
300.785
300.812
300.708
300.574
300.475
300.388
300.323
303.068
303.13
303.086
302.934
302.637
302.173
301.603
301.062
300.701
300.602
300.672
300.692
300.64
300.778
300.823
300.723
300.585
300.479
300.389
300.322
303.069
303.131
303.09
302.943
302.651
302.191
301.62
301.074
300.708
300.605
300.674
300.694
300.634
300.769
300.832
300.738
300.594
300.483
300.391
300.322
303.069
303.132
303.093
302.95
302.664
302.207
301.636
301.086
300.715
300.608
300.675
300.695
300.629
300.758
300.838
300.752
300.604
300.487
300.392
300.322
303.07
303.133
303.096
302.957
302.675
302.222
301.652
301.098
300.722
300.611
300.676
300.697
300.626
300.747
300.841
300.764
300.613
300.49
300.393
300.322
303.07
303.134
303.099
302.963
302.686
302.237
301.667
301.109
300.729
300.614
300.677
300.698
300.625
300.735
300.842
300.774
300.622
300.494
300.394
300.322
303.07
303.135
303.102
302.969
302.696
302.25
301.68
301.12
300.735
300.616
300.678
300.699
300.625
300.723
300.841
300.783
300.63
300.497
300.395
300.322
303.071
303.136
303.104
302.974
302.705
302.262
301.693
301.13
300.741
300.619
300.678
300.7
300.627
300.712
300.838
300.79
300.637
300.5
300.396
300.321
303.071
303.136
303.106
302.979
302.713
302.274
301.705
301.14
300.746
300.621
300.679
300.701
300.63
300.701
300.832
300.795
300.643
300.503
300.396
300.321
303.071
303.137
303.107
302.983
302.721
302.284
301.716
301.148
300.752
300.624
300.68
300.702
300.635
300.691
300.825
300.797
300.647
300.505
300.397
300.321
303.072
303.138
303.109
302.987
302.727
302.293
301.726
301.156
300.757
300.626
300.681
300.703
300.639
300.682
300.817
300.798
300.651
300.507
300.397
300.321
303.072
303.138
303.11
302.99
302.733
302.301
301.735
301.164
300.761
300.628
300.681
300.704
300.645
300.675
300.808
300.797
300.654
300.508
300.397
300.32
)
;

boundaryField
{
    wall
    {
        type            zeroGradient;
    }
    inlet
    {
        type            fixedValue;
        value           uniform 303.15;
    }
    outlet
    {
        type            inletOutlet;
        inletValue      uniform 300;
        value           nonuniform List<scalar> 
20
(
301.239
301.45
301.515
301.424
301.16
300.769
300.369
300.096
299.996
299.994
300
300
300
300
300
300
300
300
300
302.379
)
;
    }
    heatWall
    {
        type            fixedGradient;
        gradient        uniform -1000;
    }
}


// ************************************************************************* //
