/*--------------------------------*- C++ -*----------------------------------*\
  =========                 |
  \\      /  F ield         | OpenFOAM: The Open Source CFD Toolbox
   \\    /   O peration     | Website:  https://openfoam.org
    \\  /    A nd           | Version:  8
     \\/     M anipulation  |
\*---------------------------------------------------------------------------*/
FoamFile
{
    version     2.0;
    format      ascii;
    class       volScalarField;
    location    "900";
    object      T;
}
// * * * * * * * * * * * * * * * * * * * * * * * * * * * * * * * * * * * * * //

dimensions      [0 0 0 1 0 0 0];

internalField   nonuniform List<scalar> 
8400
(
300.366
300.364
300.369
300.372
300.376
300.38
300.384
300.388
300.392
300.395
300.399
300.403
300.406
300.409
300.412
300.414
300.416
300.417
300.418
300.418
300.418
300.417
300.416
300.413
300.41
300.407
300.402
300.397
300.391
300.384
300.376
300.367
300.357
300.347
300.336
300.323
300.311
300.297
300.283
300.268
300.252
300.236
300.22
300.204
300.188
300.173
300.159
300.147
300.138
300.131
300.422
300.418
300.42
300.421
300.422
300.424
300.425
300.426
300.428
300.429
300.431
300.432
300.433
300.434
300.435
300.436
300.436
300.436
300.436
300.435
300.434
300.433
300.431
300.429
300.426
300.423
300.419
300.414
300.409
300.404
300.397
300.391
300.383
300.375
300.366
300.357
300.347
300.337
300.326
300.314
300.302
300.29
300.277
300.264
300.252
300.239
300.228
300.218
300.21
300.204
300.379
300.373
300.373
300.373
300.373
300.372
300.372
300.372
300.372
300.372
300.372
300.372
300.372
300.372
300.372
300.372
300.372
300.371
300.371
300.37
300.369
300.367
300.366
300.364
300.362
300.359
300.356
300.353
300.35
300.346
300.342
300.337
300.332
300.326
300.321
300.314
300.308
300.301
300.294
300.286
300.278
300.27
300.262
300.254
300.246
300.239
300.232
300.227
300.223
300.222
300.289
300.283
300.283
300.282
300.281
300.281
300.28
300.28
300.279
300.279
300.279
300.278
300.278
300.278
300.278
300.277
300.277
300.277
300.276
300.276
300.275
300.274
300.273
300.272
300.271
300.269
300.268
300.266
300.264
300.262
300.259
300.256
300.254
300.25
300.247
300.244
300.24
300.236
300.232
300.228
300.224
300.22
300.216
300.212
300.209
300.207
300.205
300.206
300.208
300.212
300.198
300.193
300.193
300.192
300.192
300.191
300.191
300.191
300.191
300.191
300.191
300.191
300.19
300.19
300.19
300.19
300.19
300.19
300.19
300.19
300.19
300.19
300.189
300.189
300.189
300.188
300.187
300.187
300.186
300.185
300.184
300.182
300.181
300.18
300.178
300.176
300.174
300.172
300.171
300.169
300.167
300.165
300.164
300.164
300.164
300.165
300.168
300.173
300.18
300.189
300.127
300.122
300.123
300.123
300.123
300.123
300.123
300.123
300.124
300.124
300.124
300.124
300.124
300.124
300.125
300.125
300.125
300.125
300.125
300.126
300.126
300.126
300.126
300.126
300.126
300.126
300.126
300.126
300.126
300.126
300.125
300.125
300.124
300.124
300.123
300.123
300.122
300.121
300.12
300.12
300.119
300.119
300.119
300.12
300.122
300.125
300.13
300.138
300.148
300.162
300.077
300.073
300.075
300.075
300.075
300.076
300.076
300.077
300.077
300.078
300.078
300.078
300.078
300.079
300.079
300.079
300.08
300.08
300.08
300.081
300.081
300.081
300.081
300.082
300.082
300.082
300.083
300.083
300.083
300.083
300.084
300.084
300.084
300.084
300.084
300.084
300.084
300.083
300.083
300.084
300.084
300.084
300.085
300.087
300.089
300.093
300.099
300.108
300.12
300.136
300.043
300.04
300.041
300.042
300.043
300.043
300.044
300.044
300.044
300.045
300.045
300.046
300.046
300.046
300.047
300.047
300.047
300.048
300.048
300.048
300.049
300.049
300.05
300.05
300.05
300.051
300.051
300.052
300.052
300.053
300.053
300.053
300.054
300.054
300.054
300.055
300.055
300.055
300.056
300.056
300.057
300.058
300.06
300.061
300.064
300.068
300.075
300.084
300.097
300.115
300.021
300.018
300.019
300.019
300.02
300.02
300.021
300.021
300.022
300.022
300.023
300.023
300.023
300.024
300.024
300.024
300.025
300.025
300.025
300.026
300.026
300.027
300.027
300.027
300.028
300.028
300.029
300.029
300.03
300.03
300.031
300.031
300.032
300.032
300.033
300.034
300.034
300.035
300.036
300.037
300.038
300.039
300.04
300.042
300.045
300.049
300.056
300.066
300.08
300.1
300.008
300.006
300.006
300.007
300.007
300.008
300.008
300.009
300.009
300.01
300.01
300.01
300.011
300.011
300.011
300.012
300.012
300.012
300.013
300.013
300.013
300.013
300.014
300.014
300.014
300.015
300.015
300.015
300.016
300.016
300.017
300.017
300.018
300.018
300.019
300.019
300.02
300.021
300.022
300.023
300.024
300.025
300.027
300.029
300.032
300.036
300.043
300.054
300.071
300.094
300.002
300.003
300.003
300.004
300.004
300.004
300.005
300.005
300.006
300.006
300.006
300.006
300.007
300.007
300.007
300.007
300.007
300.008
300.008
300.008
300.008
300.008
300.008
300.008
300.009
300.009
300.009
300.009
300.009
300.009
300.009
300.009
300.009
300.01
300.01
300.011
300.011
300.012
300.013
300.014
300.015
300.016
300.018
300.02
300.024
300.029
300.037
300.05
300.069
300.096
300.005
300.006
300.006
300.006
300.007
300.007
300.007
300.008
300.008
300.008
300.009
300.009
300.009
300.01
300.01
300.01
300.01
300.01
300.011
300.011
300.011
300.011
300.012
300.012
300.012
300.012
300.012
300.012
300.012
300.012
300.013
300.013
300.013
300.013
300.013
300.013
300.013
300.014
300.014
300.014
300.014
300.015
300.016
300.018
300.022
300.027
300.037
300.052
300.076
300.109
300.004
300.005
300.005
300.006
300.007
300.007
300.008
300.009
300.009
300.01
300.011
300.011
300.012
300.013
300.013
300.014
300.015
300.015
300.016
300.016
300.017
300.017
300.018
300.018
300.019
300.019
300.02
300.02
300.021
300.021
300.021
300.022
300.022
300.021
300.021
300.021
300.02
300.019
300.018
300.017
300.016
300.016
300.016
300.018
300.022
300.028
300.041
300.061
300.092
300.134
300.014
300.016
300.018
300.02
300.021
300.023
300.024
300.025
300.027
300.028
300.028
300.029
300.03
300.031
300.032
300.032
300.033
300.033
300.034
300.034
300.035
300.035
300.036
300.036
300.036
300.036
300.036
300.036
300.036
300.035
300.034
300.033
300.032
300.031
300.029
300.027
300.025
300.023
300.021
300.019
300.018
300.018
300.019
300.021
300.025
300.035
300.053
300.084
300.127
300.18
300.005
300.004
300.003
300.002
300.002
300.002
300.002
300.002
300.002
300.003
300.003
300.003
300.004
300.004
300.005
300.006
300.006
300.007
300.007
300.008
300.009
300.009
300.01
300.011
300.011
300.012
300.013
300.013
300.014
300.015
300.015
300.016
300.017
300.018
300.019
300.021
300.022
300.024
300.025
300.027
300.027
300.028
300.027
300.029
300.035
300.052
300.084
300.132
300.192
300.257
300.026
300.032
300.037
300.042
300.047
300.052
300.056
300.059
300.063
300.066
300.069
300.072
300.074
300.077
300.079
300.081
300.084
300.086
300.088
300.09
300.092
300.094
300.096
300.098
300.1
300.102
300.104
300.105
300.107
300.108
300.109
300.109
300.11
300.109
300.107
300.105
300.1
300.094
300.086
300.075
300.062
300.049
300.04
300.039
300.055
300.094
300.156
300.233
300.312
300.386
300.003
299.999
299.994
299.99
299.988
299.986
299.984
299.983
299.982
299.981
299.979
299.978
299.977
299.977
299.976
299.975
299.975
299.974
299.974
299.973
299.973
299.972
299.971
299.971
299.97
299.969
299.968
299.966
299.965
299.963
299.961
299.959
299.956
299.954
299.951
299.948
299.946
299.945
299.946
299.951
299.963
299.983
300.017
300.066
300.132
300.216
300.319
300.424
300.521
300.598
300.043
300.052
300.061
300.072
300.083
300.094
300.103
300.112
300.12
300.127
300.134
300.141
300.148
300.154
300.16
300.166
300.172
300.178
300.183
300.189
300.194
300.2
300.205
300.21
300.216
300.223
300.229
300.236
300.244
300.252
300.261
300.27
300.28
300.292
300.304
300.318
300.333
300.35
300.37
300.392
300.415
300.439
300.461
300.477
300.482
300.475
300.577
300.713
300.858
300.958
299.999
299.996
299.993
299.99
299.988
299.985
299.983
299.98
299.978
299.976
299.974
299.971
299.969
299.968
299.966
299.965
299.963
299.962
299.961
299.959
299.957
299.954
299.952
299.949
299.946
299.942
299.939
299.934
299.93
299.924
299.918
299.911
299.901
299.89
299.876
299.859
299.836
299.808
299.773
299.727
299.669
299.594
299.496
299.366
299.18
298.927
300.318
301.299
301.705
301.847
301.43
301.416
301.412
301.412
301.411
301.409
301.409
301.409
301.41
301.412
301.415
301.418
301.422
301.426
301.43
301.435
301.439
301.444
301.45
301.456
301.461
301.467
301.471
301.475
301.478
301.479
301.48
301.479
301.477
301.472
301.465
301.456
301.443
301.427
301.407
301.382
301.351
301.314
301.271
301.221
301.165
301.107
301.053
301.016
301.021
301.116
301.423
301.8
302.027
302.122
303.147
303.143
303.139
303.135
303.131
303.127
303.123
303.12
303.116
303.112
303.109
303.105
303.102
303.098
303.095
303.092
303.088
303.085
303.082
303.079
303.075
303.072
303.069
303.066
303.063
303.06
303.057
303.054
303.051
303.048
303.045
303.043
303.04
303.037
303.034
303.032
303.029
303.026
303.024
303.021
303.018
303.016
303.013
303.011
303.009
303.007
303.004
303.003
303.001
303
303.15
303.15
303.15
303.15
303.15
303.149
303.149
303.149
303.149
303.149
303.148
303.148
303.148
303.147
303.147
303.147
303.146
303.146
303.146
303.145
303.145
303.144
303.144
303.143
303.143
303.142
303.142
303.141
303.141
303.141
303.14
303.14
303.139
303.139
303.138
303.138
303.137
303.137
303.136
303.136
303.135
303.135
303.135
303.134
303.134
303.133
303.133
303.133
303.133
303.132
303.15
303.15
303.15
303.15
303.15
303.15
303.15
303.15
303.15
303.15
303.15
303.15
303.15
303.15
303.15
303.15
303.15
303.15
303.15
303.15
303.15
303.15
303.15
303.15
303.15
303.15
303.15
303.15
303.149
303.149
303.149
303.149
303.149
303.149
303.149
303.149
303.149
303.149
303.149
303.149
303.149
303.149
303.149
303.149
303.149
303.149
303.149
303.149
303.149
303.149
303.15
303.15
303.15
303.15
303.15
303.15
303.15
303.15
303.15
303.15
303.15
303.15
303.15
303.15
303.15
303.15
303.15
303.15
303.15
303.15
303.15
303.15
303.15
303.15
303.15
303.15
303.15
303.15
303.15
303.15
303.15
303.15
303.15
303.15
303.15
303.15
303.15
303.15
303.15
303.15
303.15
303.15
303.15
303.15
303.15
303.15
303.15
303.15
303.15
303.15
303.15
303.15
303.15
303.15
303.15
303.15
303.15
303.15
303.15
303.15
303.15
303.15
303.15
303.15
303.15
303.15
303.15
303.15
303.15
303.15
303.15
303.15
303.15
303.15
303.15
303.15
303.15
303.15
303.15
303.15
303.15
303.15
303.15
303.15
303.15
303.15
303.15
303.15
303.15
303.15
303.15
303.15
303.15
303.15
303.15
303.15
303.15
303.15
303.15
303.15
303.15
303.15
303.15
303.15
303.15
303.15
303.15
303.15
303.15
303.15
303.15
303.15
303.15
303.15
303.15
303.15
303.15
303.15
303.15
303.15
303.15
303.15
303.15
303.15
303.15
303.15
303.15
303.15
303.15
303.15
303.15
303.15
303.15
303.15
303.15
303.15
303.15
303.15
303.15
303.15
303.15
303.15
303.15
303.15
303.15
303.15
303.15
303.15
303.15
303.15
303.15
303.15
303.15
303.15
303.15
303.15
303.15
303.15
303.15
303.15
303.15
303.15
303.15
303.15
303.15
303.15
303.15
303.15
303.15
303.15
303.15
303.15
303.15
303.15
303.15
303.15
303.15
303.15
303.15
303.15
303.15
303.15
303.15
303.15
303.15
303.15
303.15
303.15
303.15
303.15
303.15
303.15
303.15
303.15
303.15
303.15
303.15
303.15
303.15
303.15
303.15
303.15
303.15
303.15
303.15
303.15
303.15
303.15
303.15
303.15
303.15
303.15
303.15
303.15
303.15
303.15
303.15
303.15
303.15
303.15
303.15
303.15
303.15
303.15
303.15
303.15
303.15
303.15
303.15
303.15
303.15
303.15
303.15
303.15
303.15
303.15
303.15
303.15
303.15
303.15
303.15
303.15
303.15
303.15
303.15
303.15
303.15
303.15
303.15
303.15
303.15
303.15
303.15
303.15
303.15
303.15
303.15
303.15
303.15
303.15
303.15
303.15
303.15
303.15
303.15
303.15
303.15
303.15
303.15
303.15
303.15
303.15
303.15
303.15
303.15
303.15
303.15
303.15
303.15
303.15
303.15
303.15
303.15
303.15
303.15
303.15
303.15
303.15
303.15
303.15
303.15
303.15
303.15
303.15
303.15
303.15
303.15
303.15
303.15
303.15
303.15
303.15
303.15
303.15
303.15
303.15
303.15
303.15
303.15
303.15
303.15
303.15
303.15
303.15
303.15
303.15
303.15
303.15
303.15
303.15
303.15
303.15
303.15
303.15
303.15
303.15
303.15
303.15
303.15
303.15
303.15
303.15
303.15
303.15
303.15
303.15
303.15
303.15
303.15
303.15
303.15
303.15
303.15
303.15
303.15
303.15
303.15
303.15
303.15
303.15
303.15
303.15
303.15
303.15
303.15
303.15
303.15
303.15
303.15
303.15
303.15
303.15
303.15
303.15
303.15
303.15
303.15
303.15
303.15
303.15
303.15
303.15
303.15
303.15
303.15
303.15
303.15
303.15
303.15
303.15
303.15
303.15
303.15
303.15
303.15
303.15
303.15
303.15
303.15
303.15
303.15
303.15
303.15
303.15
303.15
303.15
303.15
303.15
303.15
303.15
303.15
303.15
303.15
303.15
303.15
303.15
303.15
303.15
303.15
303.15
303.15
303.15
303.15
303.15
303.15
303.15
303.15
303.15
303.15
303.15
303.15
303.15
303.15
303.15
303.15
303.15
303.15
303.15
303.15
303.15
303.15
303.15
303.15
303.15
303.15
303.15
303.15
303.15
303.15
303.15
303.15
303.15
303.15
303.15
303.15
303.15
303.15
303.15
303.15
303.15
303.15
303.15
303.15
303.15
303.15
303.15
303.15
303.15
303.15
303.15
303.15
303.15
303.15
303.15
303.15
303.15
303.15
303.15
303.15
303.15
303.15
303.15
303.15
303.15
303.15
303.15
303.15
303.15
303.15
303.15
303.15
303.15
303.15
303.15
303.15
303.15
303.15
303.15
303.15
303.15
303.15
303.15
303.15
303.15
303.15
303.15
303.15
303.15
303.15
303.15
303.15
303.15
303.15
303.15
303.15
303.15
303.15
303.15
303.15
303.15
303.15
303.15
303.15
303.15
303.15
303.15
303.15
303.15
303.15
303.15
303.15
303.15
303.15
303.15
303.15
303.15
303.15
303.15
303.15
303.15
303.15
303.15
303.15
303.15
303.15
303.15
303.15
303.15
303.15
303.15
303.15
303.15
303.15
303.15
303.15
303.15
303.15
303.15
303.15
303.15
303.15
303.15
303.15
303.15
303.15
303.15
303.15
303.15
303.15
303.15
303.15
303.15
303.15
303.15
303.15
303.15
303.15
303.15
303.15
303.15
303.15
303.15
303.15
303.15
303.15
303.15
303.15
303.15
303.15
303.15
303.15
303.15
303.15
303.15
303.15
303.15
303.15
303.15
303.15
303.15
303.15
303.15
303.15
303.15
303.15
303.15
303.15
303.15
303.15
303.15
303.15
303.15
303.15
303.15
303.15
303.15
303.15
303.15
303.15
303.15
303.15
303.15
303.15
303.15
303.15
303.15
303.15
303.15
303.15
303.15
303.15
303.15
303.15
303.15
303.15
303.15
303.15
303.15
303.15
303.15
303.15
303.15
303.15
303.15
303.15
303.15
303.15
303.15
303.15
303.15
303.15
303.15
303.15
303.15
303.15
303.15
303.15
303.15
303.15
303.15
303.15
303.15
303.15
303.15
303.15
303.15
303.15
303.15
303.15
303.15
303.15
303.15
303.15
303.15
303.15
303.15
303.15
303.15
303.15
303.15
303.15
303.15
303.15
303.15
303.15
303.15
303.15
303.15
303.15
303.15
303.15
303.15
303.15
303.15
303.15
303.15
303.15
303.15
303.15
303.15
303.15
303.15
303.15
303.15
303.15
303.15
303.15
303.15
303.15
303.15
303.15
303.15
303.15
303.15
303.15
303.15
303.15
303.15
303.15
303.15
303.15
303.15
303.15
303.15
303.15
303.15
303.15
303.15
303.15
303.15
303.15
303.15
303.15
303.15
303.15
303.15
303.15
303.149
303.149
303.149
303.149
303.149
303.149
303.149
303.149
303.149
303.149
303.149
303.149
303.149
303.149
303.149
303.148
303.148
303.148
303.148
303.148
303.147
303.147
303.147
303.15
303.15
303.15
303.15
303.15
303.149
303.149
303.149
303.149
303.149
303.148
303.148
303.148
303.147
303.147
303.147
303.146
303.146
303.145
303.145
303.145
303.144
303.144
303.143
303.143
303.142
303.142
303.141
303.141
303.14
303.14
303.139
303.139
303.138
303.138
303.137
303.136
303.136
303.135
303.134
303.134
303.133
303.132
303.131
303.13
303.129
303.128
303.127
303.126
303.124
303.147
303.143
303.139
303.135
303.131
303.127
303.123
303.12
303.116
303.112
303.109
303.105
303.102
303.098
303.095
303.092
303.088
303.085
303.082
303.079
303.075
303.072
303.069
303.066
303.063
303.06
303.057
303.054
303.051
303.048
303.045
303.043
303.04
303.037
303.034
303.031
303.029
303.026
303.023
303.021
303.018
303.015
303.013
303.01
303.008
303.005
303.002
303
302.997
302.995
303.033
303.126
303.098
302.983
302.77
302.456
302.078
301.703
301.393
301.172
301.034
300.983
300.979
300.966
300.928
300.883
300.797
300.621
300.408
300.301
303.035
303.126
303.094
302.974
302.753
302.43
302.047
301.671
301.365
301.149
301.014
300.964
300.958
300.939
300.895
300.839
300.749
300.586
300.398
300.305
303.036
303.125
303.09
302.963
302.734
302.403
302.015
301.639
301.337
301.125
300.993
300.946
300.941
300.921
300.873
300.811
300.719
300.566
300.393
300.308
303.037
303.124
303.085
302.952
302.714
302.375
301.982
301.606
301.308
301.102
300.973
300.927
300.923
300.903
300.851
300.784
300.691
300.546
300.389
300.311
303.038
303.124
303.08
302.941
302.693
302.346
301.948
301.572
301.279
301.078
300.953
300.909
300.905
300.885
300.83
300.758
300.664
300.528
300.384
300.314
303.039
303.123
303.075
302.928
302.672
302.315
301.913
301.539
301.251
301.055
300.934
300.891
300.888
300.867
300.81
300.733
300.638
300.51
300.38
300.318
303.04
303.122
303.069
302.915
302.649
302.284
301.877
301.505
301.222
301.033
300.915
300.873
300.87
300.849
300.789
300.709
300.614
300.494
300.377
300.321
303.041
303.121
303.063
302.901
302.625
302.252
301.841
301.471
301.194
301.011
300.896
300.856
300.852
300.831
300.77
300.686
300.592
300.48
300.375
300.325
303.042
303.119
303.057
302.887
302.601
302.218
301.804
301.436
301.166
300.989
300.877
300.839
300.835
300.814
300.751
300.665
300.571
300.467
300.373
300.33
303.044
303.118
303.05
302.872
302.575
302.184
301.767
301.402
301.139
300.968
300.859
300.822
300.818
300.796
300.732
300.644
300.552
300.455
300.371
300.334
303.045
303.116
303.043
302.856
302.549
302.149
301.729
301.368
301.112
300.947
300.842
300.806
300.801
300.779
300.714
300.625
300.534
300.445
300.371
300.339
303.046
303.114
303.036
302.839
302.521
302.114
301.691
301.335
301.086
300.927
300.825
300.79
300.785
300.762
300.696
300.607
300.518
300.436
300.371
300.344
303.047
303.113
303.028
302.822
302.493
302.077
301.653
301.301
301.06
300.907
300.808
300.775
300.769
300.745
300.679
300.59
300.504
300.428
300.371
300.35
303.047
303.11
303.019
302.804
302.464
302.04
301.615
301.268
301.034
300.888
300.792
300.76
300.753
300.728
300.662
300.573
300.491
300.422
300.373
300.355
303.048
303.108
303.011
302.785
302.434
302.003
301.577
301.235
301.01
300.87
300.776
300.745
300.738
300.712
300.645
300.558
300.479
300.417
300.375
300.361
303.049
303.106
303.001
302.765
302.403
301.965
301.538
301.203
300.986
300.852
300.76
300.731
300.723
300.696
300.629
300.544
300.469
300.413
300.377
300.367
303.05
303.103
302.992
302.745
302.371
301.926
301.5
301.172
300.963
300.834
300.745
300.717
300.709
300.68
300.613
300.531
300.461
300.41
300.38
300.373
303.051
303.1
302.982
302.724
302.339
301.887
301.462
301.141
300.94
300.817
300.73
300.703
300.695
300.664
300.598
300.519
300.453
300.409
300.384
300.38
303.051
303.097
302.971
302.702
302.306
301.848
301.424
301.11
300.918
300.801
300.715
300.69
300.681
300.649
300.583
300.507
300.447
300.408
300.388
300.386
303.052
303.094
302.96
302.68
302.273
301.809
301.387
301.081
300.897
300.785
300.7
300.676
300.667
300.634
300.569
300.497
300.442
300.409
300.392
300.393
303.053
303.091
302.948
302.657
302.239
301.769
301.35
301.052
300.877
300.769
300.685
300.663
300.654
300.619
300.556
300.488
300.438
300.41
300.397
300.399
303.053
303.087
302.936
302.633
302.204
301.73
301.314
301.024
300.857
300.754
300.671
300.65
300.641
300.605
300.543
300.48
300.436
300.412
300.402
300.406
303.054
303.083
302.924
302.609
302.17
301.691
301.279
300.997
300.838
300.739
300.656
300.636
300.628
300.591
300.53
300.472
300.434
300.415
300.407
300.412
303.054
303.079
302.911
302.584
302.135
301.652
301.244
300.971
300.82
300.725
300.642
300.623
300.615
300.577
300.519
300.466
300.433
300.418
300.412
300.419
303.054
303.075
302.898
302.559
302.1
301.614
301.211
300.947
300.803
300.711
300.628
300.61
300.602
300.563
300.508
300.461
300.433
300.422
300.418
300.425
303.054
303.071
302.884
302.534
302.065
301.577
301.179
300.924
300.786
300.698
300.615
300.596
300.589
300.55
300.498
300.457
300.434
300.426
300.423
300.431
303.054
303.066
302.87
302.508
302.03
301.54
301.148
300.902
300.771
300.686
300.603
300.584
300.577
300.537
300.489
300.454
300.435
300.43
300.429
300.437
303.054
303.061
302.855
302.482
301.995
301.505
301.119
300.881
300.757
300.674
300.592
300.57
300.564
300.525
300.482
300.452
300.438
300.434
300.434
300.443
303.054
303.055
302.841
302.456
301.962
301.471
301.092
300.862
300.744
300.663
300.582
300.555
300.552
300.514
300.475
300.451
300.44
300.439
300.44
300.448
303.054
303.049
302.825
302.43
301.929
301.439
301.066
300.845
300.732
300.654
300.573
300.535
300.54
300.504
300.47
300.451
300.443
300.444
300.445
300.453
303.054
303.043
302.81
302.404
301.897
301.408
301.043
300.829
300.72
300.645
300.567
300.508
300.529
300.495
300.467
300.452
300.447
300.448
300.45
300.458
303.053
303.037
302.794
302.378
301.866
301.38
301.022
300.815
300.71
300.637
300.562
300.506
300.519
300.489
300.465
300.453
300.45
300.453
300.454
300.462
303.053
303.031
302.779
302.353
301.836
301.353
301.002
300.802
300.701
300.63
300.558
300.504
300.51
300.484
300.464
300.455
300.454
300.457
300.459
300.467
303.052
303.025
302.764
302.329
301.808
301.328
300.983
300.79
300.692
300.624
300.555
300.501
300.502
300.48
300.464
300.458
300.458
300.462
300.464
300.471
303.051
303.018
302.749
302.307
301.782
301.304
300.966
300.778
300.684
300.618
300.553
300.5
300.496
300.478
300.465
300.461
300.463
300.466
300.468
300.475
303.05
303.012
302.735
302.285
301.757
301.282
300.95
300.767
300.676
300.613
300.551
300.5
300.492
300.478
300.467
300.465
300.467
300.47
300.472
300.478
303.05
303.007
302.722
302.265
301.735
301.262
300.935
300.757
300.668
300.608
300.55
300.501
300.49
300.479
300.47
300.469
300.471
300.475
300.476
300.482
303.049
303.001
302.71
302.247
301.714
301.244
300.922
300.747
300.661
300.604
300.549
300.503
300.49
300.481
300.474
300.473
300.475
300.479
300.48
300.485
303.048
302.997
302.699
302.231
301.696
301.228
300.91
300.739
300.655
300.6
300.549
300.505
300.491
300.484
300.478
300.477
300.48
300.482
300.485
300.488
303.047
302.992
302.69
302.217
301.681
301.215
300.899
300.731
300.649
300.597
300.549
300.509
300.493
300.487
300.482
300.481
300.484
300.486
300.489
300.49
303.047
302.989
302.683
302.207
301.669
301.204
300.891
300.724
300.644
300.594
300.549
300.512
300.497
300.491
300.487
300.486
300.488
300.49
300.493
300.492
303.046
302.987
302.678
302.199
301.661
301.196
300.883
300.718
300.639
300.592
300.55
300.516
300.501
300.496
300.491
300.49
300.492
300.493
300.497
300.493
303.046
302.986
302.676
302.196
301.656
301.191
300.878
300.713
300.635
300.59
300.551
300.52
300.505
300.5
300.496
300.494
300.496
300.496
300.5
300.493
303.045
302.986
302.676
302.196
301.656
301.189
300.875
300.709
300.632
300.588
300.553
300.524
300.509
300.504
300.5
300.498
300.499
300.5
300.502
300.493
303.045
302.987
302.68
302.202
301.661
301.192
300.875
300.706
300.629
300.587
300.554
300.527
300.513
300.509
300.504
300.502
300.502
300.502
300.504
300.492
303.045
302.991
302.688
302.213
301.673
301.2
300.878
300.705
300.626
300.586
300.556
300.531
300.518
300.513
300.508
300.505
300.505
300.505
300.505
300.49
303.045
302.996
302.7
302.231
301.691
301.214
300.885
300.706
300.625
300.585
300.557
300.535
300.521
300.517
300.512
300.509
300.508
300.506
300.506
300.488
303.045
303.002
302.716
302.255
301.718
301.235
300.896
300.709
300.624
300.585
300.559
300.538
300.525
300.52
300.515
300.512
300.51
300.508
300.505
300.484
303.046
303.011
302.737
302.287
301.753
301.263
300.912
300.714
300.624
300.585
300.56
300.541
300.529
300.524
300.518
300.514
300.512
300.509
300.504
300.481
303.046
303.021
302.763
302.328
301.799
301.302
300.936
300.724
300.626
300.584
300.561
300.544
300.532
300.527
300.521
300.517
300.513
300.509
300.502
300.477
303.046
303.034
302.793
302.377
301.856
301.352
300.968
300.738
300.63
300.585
300.562
300.546
300.535
300.53
300.524
300.519
300.514
300.509
300.5
300.472
303.046
303.047
302.828
302.435
301.926
301.415
301.012
300.76
300.636
300.585
300.563
300.548
300.537
300.532
300.526
300.52
300.515
300.508
300.497
300.467
303.046
303.061
302.867
302.502
302.01
301.496
301.07
300.79
300.647
300.587
300.563
300.55
300.54
300.534
300.528
300.522
300.515
300.507
300.493
300.463
303.045
303.076
302.908
302.577
302.109
301.594
301.146
300.834
300.664
300.591
300.563
300.55
300.541
300.536
300.529
300.522
300.515
300.505
300.49
300.458
303.044
303.09
302.951
302.658
302.222
301.714
301.244
300.896
300.692
300.598
300.564
300.55
300.542
300.536
300.53
300.522
300.514
300.503
300.486
300.453
303.042
303.103
302.993
302.743
302.347
301.857
301.37
300.982
300.735
300.612
300.565
300.549
300.541
300.536
300.53
300.522
300.513
300.5
300.482
300.448
303.038
303.114
303.033
302.829
302.482
302.021
301.528
301.1
300.802
300.638
300.569
300.547
300.539
300.534
300.528
300.52
300.51
300.497
300.478
300.444
303.034
303.123
303.068
302.91
302.62
302.204
301.719
301.259
300.904
300.685
300.581
300.546
300.536
300.531
300.526
300.518
300.508
300.494
300.474
300.439
303.029
303.13
303.096
302.982
302.755
302.398
301.943
301.465
301.053
300.766
300.61
300.548
300.532
300.527
300.522
300.515
300.504
300.49
300.469
300.435
303.023
303.134
303.118
303.043
302.877
302.591
302.189
301.719
301.264
300.901
300.67
300.562
300.528
300.521
300.517
300.51
300.5
300.485
300.465
300.431
303.016
303.136
303.134
303.088
302.979
302.769
302.442
302.013
301.542
301.11
300.787
300.603
300.53
300.514
300.511
300.504
300.494
300.48
300.46
300.427
303.009
303.137
303.143
303.119
303.055
302.918
302.678
302.324
301.88
301.408
300.992
300.701
300.554
300.509
300.503
300.497
300.488
300.474
300.455
300.423
303.001
303.136
303.147
303.137
303.104
303.027
302.874
302.617
302.247
301.79
301.311
300.901
300.632
300.516
300.494
300.489
300.481
300.468
300.45
300.419
302.993
303.134
303.149
303.146
303.132
303.095
303.013
302.855
302.592
302.213
301.74
301.243
300.825
300.573
300.488
300.48
300.473
300.462
300.444
300.415
302.984
303.133
303.15
303.15
303.145
303.13
303.094
303.014
302.862
302.603
302.218
301.723
301.195
300.759
300.522
300.47
300.464
300.454
300.439
300.411
302.975
303.13
303.15
303.151
303.15
303.145
303.132
303.099
303.028
302.887
302.639
302.252
301.732
301.161
300.697
300.481
300.456
300.446
300.432
300.406
302.967
303.128
303.15
303.151
303.151
303.149
303.145
303.134
303.107
303.045
302.92
302.686
302.302
301.759
301.144
300.654
300.476
300.444
300.427
300.401
302.958
303.126
303.149
303.151
303.151
303.151
303.149
303.145
303.135
303.112
303.058
302.945
302.727
302.351
301.793
301.142
300.652
300.494
300.439
300.401
302.95
303.123
303.149
303.151
303.151
303.151
303.15
303.149
303.145
303.136
303.114
303.066
302.964
302.761
302.396
301.829
301.154
300.707
300.522
300.43
302.941
303.121
303.148
303.151
303.151
303.151
303.151
303.15
303.149
303.145
303.136
303.116
303.074
302.984
302.802
302.46
301.9
301.218
300.788
300.552
302.933
303.118
303.148
303.151
303.151
303.151
303.151
303.15
303.15
303.148
303.144
303.136
303.117
303.079
303.002
302.845
302.535
301.989
301.327
300.873
302.925
303.116
303.148
303.15
303.151
303.151
303.151
303.151
303.15
303.15
303.148
303.144
303.135
303.117
303.082
303.015
302.885
302.621
302.101
301.449
302.918
303.113
303.147
303.15
303.151
303.151
303.151
303.15
303.15
303.15
303.149
303.147
303.142
303.132
303.113
303.078
303.018
302.918
302.734
302.303
302.911
303.111
303.147
303.15
303.15
303.15
303.15
303.15
303.15
303.15
303.15
303.149
303.146
303.14
303.128
303.103
303.061
302.992
302.893
302.75
302.905
303.109
303.146
303.15
303.15
303.15
303.15
303.15
303.15
303.15
303.15
303.149
303.148
303.144
303.136
303.119
303.085
303.024
302.925
302.776
302.899
303.107
303.146
303.15
303.15
303.15
303.15
303.15
303.15
303.15
303.15
303.15
303.149
303.147
303.142
303.129
303.102
303.048
302.949
302.78
302.894
303.105
303.146
303.15
303.15
303.15
303.15
303.15
303.15
303.15
303.15
303.15
303.149
303.148
303.145
303.136
303.114
303.066
302.968
302.784
302.89
303.103
303.145
303.15
303.15
303.15
303.15
303.15
303.15
303.15
303.15
303.15
303.15
303.149
303.147
303.14
303.122
303.079
302.983
302.787
302.886
303.102
303.145
303.15
303.15
303.15
303.15
303.15
303.15
303.15
303.15
303.15
303.15
303.149
303.148
303.143
303.129
303.09
302.996
302.79
302.882
303.1
303.145
303.15
303.15
303.15
303.15
303.15
303.15
303.15
303.15
303.15
303.15
303.15
303.148
303.145
303.133
303.098
303.006
302.793
302.879
303.099
303.145
303.15
303.15
303.15
303.15
303.15
303.15
303.15
303.15
303.15
303.15
303.15
303.149
303.146
303.136
303.105
303.015
302.795
302.877
303.098
303.144
303.15
303.15
303.15
303.15
303.15
303.15
303.15
303.15
303.15
303.15
303.15
303.149
303.147
303.139
303.11
303.022
302.798
302.875
303.097
303.144
303.15
303.15
303.15
303.15
303.15
303.15
303.15
303.15
303.15
303.15
303.15
303.149
303.148
303.14
303.114
303.029
302.8
302.874
303.096
303.144
303.15
303.15
303.15
303.15
303.15
303.15
303.15
303.15
303.15
303.15
303.15
303.15
303.148
303.142
303.117
303.034
302.802
302.873
303.096
303.144
303.15
303.15
303.15
303.15
303.15
303.15
303.15
303.15
303.15
303.15
303.15
303.15
303.148
303.143
303.12
303.038
302.805
302.872
303.096
303.144
303.15
303.15
303.15
303.15
303.15
303.15
303.15
303.15
303.15
303.15
303.15
303.15
303.149
303.144
303.122
303.042
302.807
302.872
303.095
303.144
303.15
303.15
303.15
303.15
303.15
303.15
303.15
303.15
303.15
303.15
303.15
303.15
303.149
303.144
303.124
303.046
302.809
302.872
303.095
303.144
303.15
303.15
303.15
303.15
303.15
303.15
303.15
303.15
303.15
303.15
303.15
303.15
303.149
303.145
303.126
303.049
302.811
302.872
303.095
303.144
303.15
303.15
303.15
303.15
303.15
303.15
303.15
303.15
303.15
303.15
303.15
303.15
303.149
303.145
303.127
303.051
302.814
302.873
303.095
303.144
303.149
303.15
303.15
303.15
303.15
303.15
303.15
303.15
303.15
303.15
303.15
303.15
303.149
303.146
303.128
303.054
302.816
302.873
303.095
303.144
303.149
303.15
303.15
303.15
303.15
303.15
303.15
303.15
303.15
303.15
303.15
303.15
303.149
303.146
303.129
303.056
302.818
302.874
303.095
303.144
303.149
303.15
303.15
303.15
303.15
303.15
303.15
303.15
303.15
303.15
303.15
303.15
303.149
303.146
303.13
303.058
302.82
302.875
303.096
303.144
303.149
303.15
303.15
303.15
303.15
303.15
303.15
303.15
303.15
303.15
303.15
303.15
303.149
303.146
303.131
303.059
302.822
302.876
303.096
303.144
303.149
303.15
303.15
303.15
303.15
303.15
303.15
303.15
303.15
303.15
303.15
303.15
303.149
303.147
303.132
303.061
302.825
302.878
303.096
303.144
303.149
303.15
303.15
303.15
303.15
303.15
303.15
303.15
303.15
303.15
303.15
303.15
303.149
303.147
303.132
303.062
302.827
302.879
303.097
303.144
303.149
303.15
303.15
303.15
303.15
303.15
303.15
303.15
303.15
303.15
303.15
303.15
303.149
303.147
303.133
303.064
302.829
302.881
303.097
303.144
303.149
303.15
303.15
303.15
303.15
303.15
303.15
303.15
303.15
303.15
303.15
303.15
303.15
303.147
303.133
303.065
302.831
302.882
303.097
303.144
303.149
303.15
303.15
303.15
303.15
303.15
303.15
303.15
303.15
303.15
303.15
303.15
303.15
303.147
303.133
303.066
302.833
302.884
303.098
303.144
303.15
303.15
303.15
303.15
303.15
303.15
303.15
303.15
303.15
303.15
303.15
303.15
303.15
303.147
303.134
303.067
302.835
302.885
303.098
303.144
303.15
303.15
303.15
303.15
303.15
303.15
303.15
303.15
303.15
303.15
303.15
303.15
303.15
303.147
303.134
303.068
302.838
302.887
303.099
303.144
303.15
303.15
303.15
303.15
303.15
303.15
303.15
303.15
303.15
303.15
303.15
303.15
303.15
303.147
303.134
303.069
302.84
302.889
303.099
303.145
303.15
303.15
303.15
303.15
303.15
303.15
303.15
303.15
303.15
303.15
303.15
303.15
303.15
303.147
303.135
303.07
302.842
302.891
303.1
303.145
303.15
303.15
303.15
303.15
303.15
303.15
303.15
303.15
303.15
303.15
303.15
303.15
303.15
303.147
303.135
303.071
302.844
302.892
303.1
303.145
303.15
303.15
303.15
303.15
303.15
303.15
303.15
303.15
303.15
303.15
303.15
303.15
303.15
303.148
303.135
303.072
302.847
302.894
303.101
303.145
303.15
303.15
303.15
303.15
303.15
303.15
303.15
303.15
303.15
303.15
303.15
303.15
303.15
303.148
303.136
303.073
302.849
302.896
303.101
303.145
303.15
303.15
303.15
303.15
303.15
303.15
303.15
303.15
303.15
303.15
303.15
303.15
303.15
303.148
303.136
303.074
302.851
302.898
303.102
303.145
303.15
303.15
303.15
303.15
303.15
303.15
303.15
303.15
303.15
303.15
303.15
303.15
303.15
303.148
303.136
303.075
302.853
302.899
303.103
303.145
303.15
303.15
303.15
303.15
303.15
303.15
303.15
303.15
303.15
303.15
303.15
303.15
303.15
303.148
303.136
303.076
302.856
302.901
303.103
303.145
303.15
303.15
303.15
303.15
303.15
303.15
303.15
303.15
303.15
303.15
303.15
303.15
303.15
303.148
303.136
303.077
302.858
302.903
303.104
303.145
303.15
303.15
303.15
303.15
303.15
303.15
303.15
303.15
303.15
303.15
303.15
303.15
303.15
303.148
303.137
303.078
302.86
302.905
303.105
303.145
303.15
303.15
303.15
303.15
303.15
303.15
303.15
303.15
303.15
303.15
303.15
303.15
303.15
303.148
303.137
303.079
302.862
302.907
303.105
303.145
303.15
303.15
303.15
303.15
303.15
303.15
303.15
303.15
303.15
303.15
303.15
303.15
303.15
303.148
303.137
303.079
302.865
302.909
303.106
303.145
303.15
303.15
303.15
303.15
303.15
303.15
303.15
303.15
303.15
303.15
303.15
303.15
303.15
303.148
303.137
303.08
302.867
302.91
303.107
303.146
303.15
303.15
303.15
303.15
303.15
303.15
303.15
303.15
303.15
303.15
303.15
303.15
303.15
303.148
303.137
303.081
302.869
302.912
303.107
303.146
303.15
303.15
303.15
303.15
303.15
303.15
303.15
303.15
303.15
303.15
303.15
303.15
303.15
303.148
303.138
303.082
302.872
302.914
303.108
303.146
303.15
303.15
303.15
303.15
303.15
303.15
303.15
303.15
303.15
303.15
303.15
303.15
303.15
303.148
303.138
303.083
302.874
302.916
303.109
303.146
303.15
303.15
303.15
303.15
303.15
303.15
303.15
303.15
303.15
303.15
303.15
303.15
303.15
303.148
303.138
303.084
302.876
302.918
303.109
303.146
303.15
303.15
303.15
303.15
303.15
303.15
303.15
303.15
303.15
303.15
303.15
303.15
303.15
303.148
303.138
303.084
302.879
302.92
303.11
303.146
303.15
303.15
303.15
303.15
303.15
303.15
303.15
303.15
303.15
303.15
303.15
303.15
303.15
303.148
303.138
303.085
302.881
302.921
303.111
303.146
303.15
303.15
303.15
303.15
303.15
303.15
303.15
303.15
303.15
303.15
303.15
303.15
303.15
303.148
303.138
303.086
302.883
302.923
303.111
303.146
303.15
303.15
303.15
303.15
303.15
303.15
303.15
303.15
303.15
303.15
303.15
303.15
303.15
303.148
303.139
303.087
302.886
302.925
303.112
303.146
303.15
303.15
303.15
303.15
303.15
303.15
303.15
303.15
303.15
303.15
303.15
303.15
303.15
303.148
303.139
303.088
302.888
302.927
303.113
303.146
303.15
303.15
303.15
303.15
303.15
303.15
303.15
303.15
303.15
303.15
303.15
303.15
303.15
303.148
303.139
303.089
302.891
302.929
303.113
303.147
303.15
303.15
303.15
303.15
303.15
303.15
303.15
303.15
303.15
303.15
303.15
303.15
303.15
303.148
303.139
303.089
302.893
302.931
303.114
303.147
303.15
303.15
303.15
303.15
303.15
303.15
303.15
303.15
303.15
303.15
303.15
303.15
303.15
303.148
303.139
303.09
302.896
302.933
303.115
303.147
303.15
303.15
303.15
303.15
303.15
303.15
303.15
303.15
303.15
303.15
303.15
303.15
303.15
303.148
303.139
303.091
302.898
302.935
303.115
303.147
303.15
303.15
303.15
303.15
303.15
303.15
303.15
303.15
303.15
303.15
303.15
303.15
303.15
303.148
303.14
303.092
302.901
302.936
303.116
303.147
303.15
303.15
303.15
303.15
303.15
303.15
303.15
303.15
303.15
303.15
303.15
303.15
303.15
303.148
303.14
303.093
302.903
302.938
303.116
303.147
303.15
303.15
303.15
303.15
303.15
303.15
303.15
303.15
303.15
303.15
303.15
303.15
303.15
303.148
303.14
303.093
302.906
302.94
303.117
303.147
303.15
303.15
303.15
303.15
303.15
303.15
303.15
303.15
303.15
303.15
303.15
303.15
303.15
303.148
303.14
303.094
302.908
302.942
303.118
303.147
303.15
303.15
303.15
303.15
303.15
303.15
303.15
303.15
303.15
303.15
303.15
303.15
303.15
303.148
303.14
303.095
302.911
302.944
303.118
303.147
303.15
303.15
303.15
303.15
303.15
303.15
303.15
303.15
303.15
303.15
303.15
303.15
303.15
303.148
303.14
303.096
302.913
302.946
303.119
303.147
303.15
303.15
303.15
303.15
303.15
303.15
303.15
303.15
303.15
303.15
303.15
303.15
303.15
303.148
303.141
303.097
302.916
302.948
303.12
303.147
303.15
303.15
303.15
303.15
303.15
303.15
303.15
303.15
303.15
303.15
303.15
303.15
303.15
303.149
303.141
303.098
302.918
302.95
303.12
303.147
303.15
303.15
303.15
303.15
303.15
303.15
303.15
303.15
303.15
303.15
303.15
303.15
303.15
303.149
303.141
303.098
302.921
302.952
303.121
303.148
303.15
303.15
303.15
303.15
303.15
303.15
303.15
303.15
303.15
303.15
303.15
303.15
303.15
303.149
303.141
303.099
302.924
302.954
303.122
303.148
303.15
303.15
303.15
303.15
303.15
303.15
303.15
303.15
303.15
303.15
303.15
303.15
303.15
303.149
303.141
303.1
302.926
302.956
303.122
303.148
303.15
303.15
303.15
303.15
303.15
303.15
303.15
303.15
303.15
303.15
303.15
303.15
303.15
303.149
303.141
303.101
302.929
302.958
303.123
303.148
303.15
303.15
303.15
303.15
303.15
303.15
303.15
303.15
303.15
303.15
303.15
303.15
303.15
303.149
303.141
303.102
302.932
302.96
303.123
303.148
303.15
303.15
303.15
303.15
303.15
303.15
303.15
303.15
303.15
303.15
303.15
303.15
303.15
303.149
303.142
303.102
302.934
302.962
303.124
303.148
303.15
303.15
303.15
303.15
303.15
303.15
303.15
303.15
303.15
303.15
303.15
303.15
303.15
303.149
303.142
303.103
302.937
302.964
303.124
303.148
303.15
303.15
303.15
303.15
303.15
303.15
303.15
303.15
303.15
303.15
303.15
303.15
303.15
303.149
303.142
303.104
302.94
302.966
303.125
303.148
303.15
303.15
303.15
303.15
303.15
303.15
303.15
303.15
303.15
303.15
303.15
303.15
303.15
303.149
303.142
303.105
302.942
302.968
303.126
303.148
303.15
303.15
303.15
303.15
303.15
303.15
303.15
303.15
303.15
303.15
303.15
303.15
303.15
303.149
303.142
303.106
302.945
302.97
303.126
303.148
303.15
303.15
303.15
303.15
303.15
303.15
303.15
303.15
303.15
303.15
303.15
303.15
303.15
303.149
303.142
303.106
302.948
302.972
303.127
303.148
303.15
303.15
303.15
303.15
303.15
303.15
303.15
303.15
303.15
303.15
303.15
303.15
303.15
303.149
303.143
303.107
302.951
302.974
303.127
303.148
303.15
303.15
303.15
303.15
303.15
303.15
303.15
303.15
303.15
303.15
303.15
303.15
303.15
303.149
303.143
303.108
302.954
302.976
303.128
303.148
303.15
303.15
303.15
303.15
303.15
303.15
303.15
303.15
303.15
303.15
303.15
303.15
303.15
303.149
303.143
303.109
302.956
302.978
303.128
303.148
303.15
303.15
303.15
303.15
303.15
303.15
303.15
303.15
303.15
303.15
303.15
303.15
303.15
303.149
303.143
303.11
302.959
302.98
303.129
303.148
303.15
303.15
303.15
303.15
303.15
303.15
303.15
303.15
303.15
303.15
303.15
303.15
303.15
303.149
303.143
303.111
302.962
302.982
303.129
303.148
303.15
303.15
303.15
303.15
303.15
303.15
303.15
303.15
303.15
303.15
303.15
303.15
303.15
303.149
303.144
303.112
302.965
302.984
303.129
303.148
303.15
303.15
303.15
303.15
303.15
303.15
303.15
303.15
303.15
303.15
303.15
303.15
303.15
303.149
303.144
303.113
302.968
302.986
303.13
303.148
303.15
303.15
303.15
303.15
303.15
303.15
303.15
303.15
303.15
303.15
303.15
303.15
303.15
303.149
303.144
303.114
302.971
302.988
303.13
303.148
303.15
303.15
303.15
303.15
303.15
303.15
303.15
303.15
303.15
303.15
303.15
303.15
303.15
303.149
303.144
303.115
302.974
302.99
303.131
303.149
303.15
303.15
303.15
303.15
303.15
303.15
303.15
303.15
303.15
303.15
303.15
303.15
303.15
303.149
303.145
303.116
302.977
302.992
303.131
303.149
303.15
303.15
303.15
303.15
303.15
303.15
303.15
303.15
303.15
303.15
303.15
303.15
303.15
303.149
303.145
303.117
302.98
302.994
303.131
303.149
303.15
303.15
303.15
303.15
303.15
303.15
303.15
303.15
303.15
303.15
303.15
303.15
303.15
303.149
303.145
303.118
302.983
302.996
303.132
303.149
303.15
303.15
303.15
303.15
303.15
303.15
303.15
303.15
303.15
303.15
303.15
303.15
303.15
303.149
303.145
303.119
302.986
302.997
303.132
303.149
303.15
303.15
303.15
303.15
303.15
303.15
303.15
303.15
303.15
303.15
303.15
303.15
303.15
303.149
303.146
303.121
302.989
302.999
303.132
303.149
303.15
303.15
303.15
303.15
303.15
303.15
303.15
303.15
303.15
303.15
303.15
303.15
303.15
303.15
303.146
303.122
302.992
302.138
301.836
300.962
300.654
300.456
300.328
300.243
300.187
300.153
300.135
300.127
300.13
300.141
300.159
300.18
300.201
300.217
300.22
300.198
300.124
302.118
301.765
301.042
300.714
300.531
300.404
300.314
300.252
300.211
300.187
300.174
300.172
300.178
300.19
300.206
300.221
300.229
300.225
300.197
300.126
302.118
301.752
301.51
300.826
300.6
300.468
300.377
300.314
300.271
300.243
300.226
300.22
300.221
300.228
300.237
300.245
300.247
300.238
300.209
300.142
302.184
301.831
301.619
300.872
300.649
300.523
300.434
300.371
300.327
300.297
300.279
300.269
300.267
300.269
300.272
300.275
300.271
300.258
300.228
300.166
302.29
301.959
301.717
301.481
300.792
300.594
300.487
300.42
300.375
300.345
300.326
300.315
300.312
300.31
300.309
300.307
300.3
300.284
300.255
300.2
302.396
302.096
301.848
301.67
301.115
300.706
300.55
300.468
300.418
300.386
300.366
300.355
300.35
300.347
300.344
300.339
300.33
300.315
300.289
300.243
302.496
302.241
301.984
301.787
301.651
300.992
300.672
300.542
300.47
300.428
300.403
300.388
300.381
300.378
300.373
300.368
300.359
300.346
300.326
300.294
302.585
302.389
302.149
301.95
301.784
301.644
301.118
300.73
300.579
300.499
300.454
300.428
300.413
300.406
300.401
300.395
300.387
300.377
300.363
300.341
302.659
302.524
302.317
302.131
301.974
301.847
301.741
301.525
301.077
300.784
300.618
300.532
300.483
300.454
300.437
300.425
300.414
300.401
300.384
300.361
302.716
302.637
302.47
302.307
302.163
302.045
301.95
301.877
301.802
301.683
301.424
301.13
300.881
300.692
300.576
300.502
300.455
300.425
300.401
300.377
302.757
302.725
302.594
302.457
302.328
302.218
302.126
302.052
301.994
301.946
301.892
301.754
301.6
301.296
300.923
300.677
300.531
300.454
300.413
300.385
302.785
302.791
302.69
302.574
302.457
302.352
302.256
302.174
302.1
302.033
301.967
301.853
301.743
301.638
301.243
300.854
300.606
300.479
300.42
300.388
302.805
302.839
302.763
302.664
302.558
302.455
302.357
302.264
302.177
302.092
302.006
301.891
301.767
301.658
301.534
300.995
300.666
300.498
300.424
300.387
302.82
302.875
302.818
302.734
302.637
302.538
302.438
302.339
302.241
302.143
302.043
301.923
301.784
301.654
301.573
301.064
300.703
300.511
300.427
300.387
302.83
302.902
302.861
302.789
302.7
302.605
302.505
302.402
302.297
302.19
302.08
301.954
301.8
301.647
301.559
301.096
300.723
300.52
300.43
300.389
302.839
302.924
302.896
302.833
302.752
302.661
302.561
302.456
302.347
302.233
302.115
301.982
301.816
301.64
301.542
301.11
300.732
300.525
300.433
300.392
302.846
302.941
302.924
302.869
302.794
302.707
302.609
302.503
302.39
302.272
302.148
302.008
301.83
301.632
301.517
301.116
300.736
300.527
300.435
300.395
302.852
302.955
302.947
302.899
302.83
302.747
302.651
302.544
302.429
302.307
302.179
302.032
301.843
301.621
301.47
301.117
300.738
300.528
300.436
300.397
302.857
302.968
302.966
302.925
302.861
302.781
302.687
302.58
302.464
302.339
302.206
302.053
301.852
301.605
301.388
301.112
300.738
300.529
300.437
300.398
302.862
302.978
302.983
302.947
302.888
302.811
302.718
302.612
302.495
302.368
302.231
302.072
301.857
301.583
301.25
301.101
300.737
300.529
300.437
300.399
302.867
302.988
302.998
302.967
302.911
302.837
302.747
302.641
302.523
302.394
302.254
302.087
301.858
301.56
301.211
301.086
300.734
300.529
300.439
300.401
302.872
302.996
303.011
302.984
302.932
302.86
302.772
302.666
302.548
302.417
302.274
302.1
301.857
301.548
301.19
301.068
300.731
300.53
300.44
300.403
302.876
303.004
303.023
302.999
302.95
302.881
302.794
302.689
302.57
302.438
302.292
302.111
301.855
301.542
301.191
301.05
300.727
300.53
300.441
300.405
302.881
303.011
303.034
303.013
302.967
302.9
302.814
302.71
302.59
302.456
302.307
302.119
301.853
301.539
301.208
301.033
300.723
300.53
300.443
300.408
302.885
303.017
303.043
303.025
302.982
302.917
302.832
302.728
302.608
302.473
302.32
302.125
301.848
301.532
301.282
301.022
300.719
300.53
300.444
300.41
302.889
303.023
303.052
303.037
302.995
302.932
302.848
302.745
302.624
302.487
302.331
302.128
301.84
301.519
301.406
301.019
300.716
300.53
300.446
300.412
302.892
303.029
303.06
303.047
303.008
302.946
302.863
302.76
302.638
302.499
302.339
302.127
301.828
301.499
301.468
301.025
300.714
300.531
300.447
300.415
302.896
303.034
303.067
303.057
303.019
302.959
302.877
302.773
302.65
302.508
302.344
302.123
301.81
301.47
301.472
301.04
300.712
300.531
300.449
300.417
302.899
303.039
303.074
303.065
303.029
302.97
302.889
302.785
302.66
302.516
302.348
302.117
301.789
301.434
301.454
301.061
300.712
300.532
300.451
300.42
302.902
303.043
303.08
303.073
303.039
302.981
302.9
302.795
302.669
302.523
302.349
302.108
301.765
301.394
301.433
301.083
300.711
300.532
300.453
300.423
302.904
303.047
303.086
303.08
303.047
302.99
302.909
302.804
302.676
302.527
302.349
302.098
301.741
301.357
301.409
301.1
300.71
300.533
300.455
300.426
302.907
303.051
303.091
303.087
303.055
302.999
302.918
302.812
302.682
302.531
302.348
302.087
301.718
301.325
301.386
301.109
300.708
300.533
300.457
300.429
302.909
303.055
303.096
303.093
303.062
303.006
302.925
302.818
302.687
302.533
302.346
302.076
301.699
301.301
301.361
301.108
300.705
300.534
300.459
300.433
302.911
303.058
303.1
303.098
303.068
303.013
302.932
302.824
302.691
302.534
302.343
302.066
301.684
301.287
301.331
301.096
300.701
300.534
300.461
300.436
302.913
303.061
303.104
303.103
303.074
303.019
302.938
302.829
302.694
302.535
302.34
302.057
301.673
301.28
301.289
301.076
300.695
300.534
300.464
300.44
302.915
303.064
303.108
303.107
303.079
303.024
302.942
302.833
302.696
302.535
302.336
302.05
301.665
301.28
301.234
301.047
300.688
300.534
300.466
300.443
302.917
303.066
303.111
303.111
303.083
303.029
302.947
302.836
302.698
302.534
302.333
302.043
301.66
301.285
301.165
301.01
300.679
300.533
300.469
300.447
302.918
303.069
303.114
303.115
303.087
303.033
302.95
302.838
302.698
302.532
302.329
302.037
301.657
301.291
301.09
300.967
300.669
300.532
300.471
300.45
302.92
303.071
303.117
303.118
303.09
303.036
302.953
302.84
302.698
302.53
302.325
302.03
301.651
301.298
301.016
300.923
300.658
300.531
300.473
300.453
302.921
303.073
303.119
303.12
303.093
303.039
302.955
302.841
302.697
302.527
302.32
302.022
301.642
301.301
300.951
300.88
300.647
300.53
300.474
300.456
302.923
303.075
303.121
303.123
303.096
303.041
302.957
302.841
302.695
302.523
302.313
302.011
301.629
301.298
300.901
300.841
300.637
300.528
300.476
300.458
302.924
303.076
303.123
303.125
303.098
303.043
302.958
302.841
302.693
302.518
302.305
301.997
301.61
301.287
300.865
300.809
300.627
300.526
300.477
300.46
302.925
303.078
303.125
303.127
303.1
303.045
302.959
302.84
302.69
302.512
302.294
301.979
301.589
301.27
300.842
300.784
300.618
300.524
300.477
300.461
302.926
303.079
303.127
303.128
303.101
303.046
302.959
302.838
302.686
302.505
302.283
301.959
301.566
301.254
300.833
300.767
300.61
300.521
300.477
300.462
302.928
303.081
303.128
303.13
303.103
303.047
302.958
302.836
302.681
302.497
302.269
301.938
301.542
301.241
300.838
300.759
300.603
300.519
300.477
300.463
302.929
303.082
303.129
303.131
303.104
303.047
302.958
302.833
302.676
302.489
302.256
301.918
301.52
301.235
300.856
300.758
300.597
300.516
300.476
300.463
302.93
303.083
303.13
303.132
303.104
303.047
302.957
302.831
302.671
302.48
302.242
301.898
301.499
301.235
300.885
300.764
300.592
300.513
300.475
300.463
302.931
303.084
303.131
303.132
303.105
303.047
302.955
302.827
302.665
302.471
302.228
301.879
301.482
301.241
300.923
300.777
300.589
300.509
300.473
300.463
302.932
303.085
303.132
303.133
303.105
303.047
302.954
302.824
302.659
302.462
302.215
301.862
301.467
301.249
300.967
300.796
300.586
300.505
300.471
300.462
302.933
303.086
303.133
303.134
303.105
303.046
302.952
302.821
302.653
302.453
302.202
301.846
301.452
301.256
301.013
300.82
300.585
300.501
300.469
300.461
302.934
303.087
303.133
303.134
303.105
303.046
302.95
302.817
302.647
302.444
302.188
301.83
301.439
301.26
301.061
300.848
300.585
300.497
300.466
300.459
302.935
303.088
303.134
303.134
303.105
303.045
302.948
302.813
302.641
302.434
302.175
301.814
301.426
301.259
301.108
300.88
300.587
300.492
300.463
300.458
302.936
303.089
303.135
303.135
303.105
303.044
302.946
302.809
302.635
302.425
302.161
301.796
301.413
301.255
301.152
300.914
300.59
300.487
300.459
300.456
302.937
303.089
303.135
303.135
303.105
303.043
302.944
302.805
302.629
302.416
302.146
301.776
301.398
301.247
301.188
300.948
300.595
300.482
300.456
300.454
302.938
303.09
303.135
303.135
303.105
303.042
302.942
302.802
302.623
302.407
302.132
301.756
301.379
301.239
301.214
300.981
300.601
300.476
300.452
300.451
302.939
303.091
303.136
303.135
303.105
303.041
302.94
302.798
302.617
302.397
302.118
301.735
301.359
301.227
301.226
301.009
300.608
300.471
300.448
300.449
302.94
303.091
303.136
303.135
303.104
303.04
302.938
302.794
302.611
302.389
302.103
301.713
301.335
301.212
301.221
301.031
300.617
300.465
300.443
300.446
302.941
303.092
303.136
303.135
303.104
303.039
302.936
302.791
302.605
302.38
302.089
301.69
301.309
301.193
301.201
301.042
300.625
300.46
300.439
300.444
302.942
303.092
303.137
303.135
303.104
303.039
302.934
302.787
302.6
302.372
302.075
301.666
301.279
301.172
301.171
301.041
300.631
300.454
300.435
300.441
302.943
303.093
303.137
303.135
303.103
303.038
302.933
302.784
302.595
302.364
302.06
301.641
301.247
301.147
301.135
301.028
300.634
300.449
300.43
300.438
302.944
303.094
303.137
303.135
303.103
303.037
302.931
302.782
302.591
302.356
302.046
301.614
301.211
301.12
301.095
301.005
300.632
300.443
300.425
300.436
302.945
303.094
303.137
303.135
303.103
303.036
302.93
302.779
302.587
302.35
302.033
301.587
301.172
301.091
301.053
300.972
300.625
300.436
300.421
300.433
302.946
303.095
303.138
303.135
303.103
303.036
302.928
302.777
302.583
302.344
302.02
301.559
301.131
301.058
301.009
300.932
300.612
300.428
300.416
300.431
302.947
303.095
303.138
303.135
303.103
303.035
302.927
302.775
302.58
302.339
302.008
301.53
301.086
301.01
300.962
300.887
300.595
300.42
300.411
300.428
302.948
303.095
303.138
303.135
303.103
303.035
302.927
302.774
302.578
302.334
301.996
301.501
301.04
300.96
300.911
300.838
300.574
300.411
300.406
300.426
302.949
303.096
303.138
303.136
303.102
303.035
302.926
302.773
302.577
302.331
301.986
301.472
300.991
300.908
300.859
300.787
300.55
300.402
300.402
300.423
302.95
303.096
303.138
303.136
303.102
303.035
302.926
302.772
302.576
302.328
301.976
301.443
300.941
300.857
300.806
300.735
300.523
300.392
300.397
300.421
302.951
303.097
303.139
303.136
303.102
303.034
302.925
302.772
302.575
302.327
301.967
301.414
300.891
300.805
300.753
300.684
300.496
300.382
300.392
300.418
302.952
303.097
303.139
303.136
303.103
303.034
302.925
302.772
302.575
302.326
301.959
301.386
300.84
300.755
300.701
300.633
300.469
300.372
300.388
300.416
302.953
303.097
303.139
303.136
303.103
303.034
302.925
302.772
302.576
302.325
301.952
301.359
300.789
300.706
300.65
300.585
300.442
300.362
300.383
300.413
302.955
303.098
303.139
303.136
303.103
303.034
302.925
302.773
302.576
302.325
301.945
301.333
300.74
300.658
300.602
300.54
300.417
300.352
300.379
300.41
302.956
303.098
303.139
303.136
303.103
303.034
302.926
302.773
302.577
302.325
301.939
301.308
300.694
300.611
300.557
300.499
300.393
300.343
300.376
300.406
302.957
303.098
303.139
303.136
303.103
303.034
302.925
302.773
302.578
302.325
301.932
301.284
300.651
300.567
300.515
300.461
300.371
300.335
300.372
300.403
302.958
303.099
303.139
303.136
303.102
303.034
302.925
302.774
302.579
302.325
301.926
301.263
300.614
300.523
300.477
300.427
300.352
300.328
300.368
300.399
302.959
303.099
303.139
303.136
303.102
303.034
302.925
302.773
302.579
302.325
301.919
301.245
300.584
300.482
300.443
300.398
300.334
300.321
300.364
300.394
302.961
303.099
303.139
303.136
303.102
303.033
302.924
302.773
302.579
302.324
301.912
301.23
300.565
300.444
300.414
300.372
300.32
300.315
300.36
300.389
302.962
303.1
303.14
303.136
303.101
303.032
302.923
302.772
302.579
302.323
301.906
301.219
300.558
300.412
300.39
300.35
300.308
300.31
300.356
300.384
302.963
303.1
303.139
303.136
303.101
303.031
302.922
302.771
302.578
302.321
301.901
301.213
300.557
300.387
300.37
300.332
300.299
300.305
300.351
300.378
302.964
303.1
303.139
303.135
303.1
303.03
302.921
302.77
302.577
302.321
301.898
301.211
300.559
300.37
300.354
300.32
300.291
300.3
300.346
300.372
302.966
303.101
303.139
303.135
303.099
303.029
302.919
302.768
302.577
302.32
301.897
301.213
300.564
300.362
300.345
300.311
300.286
300.295
300.34
300.365
302.967
303.101
303.139
303.134
303.098
303.027
302.917
302.766
302.576
302.321
301.9
301.22
300.575
300.361
300.341
300.307
300.282
300.291
300.334
300.358
302.968
303.101
303.139
303.134
303.097
303.025
302.915
302.764
302.575
302.323
301.905
301.232
300.589
300.367
300.342
300.305
300.28
300.287
300.328
300.351
302.969
303.101
303.139
303.133
303.096
303.023
302.912
302.762
302.574
302.326
301.915
301.249
300.608
300.378
300.348
300.307
300.278
300.282
300.321
300.344
302.97
303.101
303.139
303.133
303.094
303.021
302.909
302.759
302.573
302.329
301.927
301.271
300.631
300.394
300.358
300.312
300.278
300.278
300.315
300.336
302.972
303.102
303.138
303.132
303.093
303.019
302.906
302.757
302.572
302.334
301.944
301.299
300.659
300.415
300.372
300.319
300.279
300.275
300.308
300.329
302.973
303.102
303.138
303.131
303.091
303.016
302.903
302.753
302.571
302.34
301.964
301.333
300.692
300.439
300.39
300.329
300.282
300.271
300.302
300.321
302.974
303.102
303.138
303.13
303.09
303.014
302.899
302.75
302.57
302.346
301.987
301.373
300.729
300.467
300.411
300.341
300.286
300.269
300.295
300.313
302.975
303.102
303.137
303.129
303.088
303.011
302.895
302.745
302.567
302.352
302.012
301.418
300.771
300.498
300.435
300.356
300.291
300.267
300.289
300.306
302.975
303.103
303.137
303.128
303.086
303.007
302.891
302.741
302.564
302.356
302.038
301.468
300.819
300.534
300.463
300.374
300.298
300.265
300.284
300.299
302.976
303.103
303.137
303.127
303.084
303.004
302.886
302.735
302.56
302.359
302.062
301.521
300.871
300.573
300.494
300.394
300.306
300.264
300.278
300.292
302.977
303.103
303.136
303.126
303.081
303
302.88
302.728
302.554
302.361
302.086
301.575
300.927
300.615
300.529
300.417
300.316
300.265
300.273
300.286
302.978
303.103
303.136
303.125
303.079
302.995
302.874
302.721
302.547
302.36
302.106
301.629
300.987
300.662
300.567
300.443
300.329
300.266
300.268
300.279
302.979
303.103
303.136
303.123
303.076
302.991
302.868
302.713
302.539
302.356
302.123
301.683
301.051
300.711
300.609
300.472
300.343
300.268
300.264
300.274
302.979
303.104
303.135
303.122
303.073
302.986
302.86
302.703
302.529
302.35
302.135
301.734
301.118
300.765
300.654
300.503
300.359
300.272
300.26
300.268
302.98
303.104
303.135
303.121
303.07
302.981
302.852
302.693
302.518
302.342
302.144
301.782
301.186
300.821
300.702
300.538
300.378
300.276
300.257
300.263
302.981
303.104
303.134
303.119
303.067
302.975
302.844
302.682
302.505
302.331
302.148
301.825
301.256
300.881
300.753
300.576
300.398
300.282
300.254
300.258
302.982
303.104
303.134
303.117
303.063
302.969
302.835
302.67
302.491
302.318
302.147
301.864
301.328
300.943
300.808
300.617
300.421
300.289
300.252
300.253
302.982
303.105
303.133
303.116
303.06
302.962
302.825
302.657
302.476
302.303
302.142
301.896
301.399
301.008
300.865
300.661
300.446
300.297
300.25
300.249
302.983
303.105
303.133
303.114
303.056
302.956
302.815
302.644
302.46
302.286
302.133
301.923
301.469
301.076
300.925
300.708
300.474
300.307
300.248
300.245
302.984
303.105
303.132
303.112
303.052
302.949
302.804
302.629
302.443
302.267
302.12
301.942
301.538
301.145
300.988
300.758
300.504
300.318
300.247
300.241
302.985
303.105
303.132
303.11
303.048
302.942
302.793
302.615
302.425
302.248
302.104
301.954
301.603
301.216
301.053
300.811
300.536
300.33
300.247
300.238
302.985
303.106
303.131
303.108
303.044
302.934
302.782
302.599
302.406
302.227
302.086
301.959
301.663
301.288
301.119
300.866
300.57
300.344
300.247
300.235
302.986
303.106
303.131
303.106
303.04
302.926
302.77
302.584
302.387
302.206
302.065
301.957
301.717
301.361
301.186
300.923
300.606
300.359
300.247
300.232
302.987
303.106
303.13
303.104
303.035
302.919
302.759
302.568
302.368
302.184
302.042
301.949
301.764
301.434
301.255
300.983
300.644
300.375
300.248
300.229
302.988
303.106
303.129
303.102
303.031
302.911
302.747
302.552
302.348
302.162
302.019
301.935
301.802
301.506
301.323
301.044
300.684
300.393
300.25
300.227
302.989
303.106
303.129
303.1
303.026
302.903
302.735
302.536
302.328
302.139
301.995
301.917
301.831
301.577
301.391
301.106
300.726
300.411
300.252
300.225
302.989
303.107
303.128
303.098
303.022
302.895
302.723
302.52
302.309
302.117
301.971
301.895
301.848
301.647
301.458
301.169
300.77
300.431
300.254
300.223
302.99
303.107
303.127
303.096
303.018
302.888
302.711
302.504
302.29
302.096
301.948
301.872
301.855
301.714
301.523
301.232
300.815
300.451
300.257
300.222
302.991
303.107
303.127
303.094
303.013
302.88
302.7
302.488
302.271
302.074
301.924
301.847
301.852
301.778
301.586
301.295
300.86
300.473
300.261
300.221
302.992
303.107
303.126
303.092
303.009
302.873
302.688
302.473
302.252
302.054
301.902
301.822
301.838
301.837
301.646
301.357
300.907
300.495
300.265
300.22
302.993
303.107
303.125
303.09
303.005
302.865
302.677
302.458
302.235
302.034
301.881
301.799
301.816
301.889
301.703
301.417
300.954
300.518
300.27
300.219
302.994
303.108
303.125
303.088
303.001
302.858
302.667
302.444
302.217
302.015
301.861
301.777
301.79
301.932
301.757
301.474
301.001
300.541
300.276
300.219
302.994
303.108
303.124
303.086
302.997
302.852
302.656
302.43
302.2
301.996
301.841
301.756
301.762
301.964
301.805
301.528
301.048
300.566
300.282
300.218
302.995
303.108
303.124
303.085
302.994
302.845
302.647
302.417
302.184
301.978
301.822
301.737
301.736
301.981
301.849
301.578
301.094
300.591
300.289
300.219
302.996
303.108
303.124
303.083
302.991
302.84
302.638
302.404
302.169
301.96
301.804
301.718
301.715
301.981
301.886
301.625
301.139
300.616
300.296
300.219
302.997
303.109
303.123
303.082
302.988
302.834
302.629
302.392
302.154
301.944
301.786
301.699
301.695
301.965
301.917
301.666
301.182
300.643
300.304
300.219
302.998
303.109
303.123
303.081
302.985
302.829
302.621
302.381
302.14
301.928
301.769
301.682
301.677
301.939
301.938
301.703
301.225
300.671
300.312
300.22
302.998
303.109
303.123
303.08
302.983
302.825
302.613
302.371
302.127
301.913
301.753
301.665
301.659
301.907
301.951
301.736
301.264
300.701
300.321
300.221
302.999
303.11
303.123
303.079
302.981
302.82
302.606
302.361
302.115
301.899
301.738
301.649
301.642
301.872
301.956
301.763
301.301
300.731
300.33
300.222
303
303.11
303.123
303.079
302.979
302.816
302.6
302.351
302.103
301.885
301.723
301.634
301.626
301.836
301.953
301.785
301.335
300.76
300.338
300.223
303
303.11
303.123
303.078
302.977
302.813
302.594
302.343
302.092
301.872
301.71
301.62
301.611
301.8
301.945
301.803
301.365
300.79
300.347
300.225
303.001
303.111
303.123
303.078
302.976
302.81
302.588
302.334
302.081
301.86
301.696
301.606
301.596
301.766
301.931
301.816
301.393
300.818
300.356
300.226
303.002
303.111
303.123
303.077
302.975
302.807
302.583
302.326
302.071
301.848
301.683
301.593
301.583
301.733
301.913
301.824
301.418
300.845
300.365
300.228
303.002
303.112
303.123
303.077
302.974
302.805
302.578
302.319
302.061
301.836
301.671
301.58
301.57
301.702
301.891
301.828
301.44
300.87
300.374
300.23
303.003
303.112
303.124
303.077
302.973
302.802
302.574
302.311
302.051
301.825
301.658
301.568
301.557
301.673
301.867
301.829
301.459
300.894
300.383
300.231
303.004
303.113
303.124
303.077
302.972
302.8
302.569
302.304
302.041
301.814
301.646
301.556
301.545
301.645
301.841
301.826
301.475
300.916
300.392
300.233
303.004
303.113
303.124
303.077
302.972
302.798
302.565
302.297
302.032
301.802
301.634
301.543
301.532
301.62
301.813
301.82
301.488
300.936
300.4
300.236
303.005
303.114
303.125
303.078
302.971
302.796
302.561
302.29
302.022
301.791
301.622
301.531
301.519
301.596
301.785
301.81
301.498
300.954
300.408
300.238
303.005
303.114
303.125
303.078
302.971
302.795
302.557
302.283
302.012
301.78
301.61
301.519
301.506
301.573
301.757
301.798
301.506
300.969
300.416
300.24
303.006
303.115
303.126
303.078
302.971
302.793
302.553
302.276
302.003
301.768
301.598
301.507
301.493
301.551
301.728
301.784
301.511
300.983
300.424
300.242
303.007
303.116
303.126
303.078
302.97
302.791
302.548
302.269
301.993
301.756
301.585
301.495
301.48
301.529
301.699
301.768
301.513
300.995
300.431
300.245
303.007
303.116
303.126
303.078
302.97
302.789
302.544
302.261
301.982
301.744
301.572
301.482
301.467
301.509
301.671
301.75
301.513
301.004
300.438
300.247
303.008
303.117
303.127
303.079
302.969
302.787
302.539
302.253
301.971
301.731
301.559
301.47
301.454
301.488
301.642
301.73
301.511
301.012
300.444
300.25
303.008
303.118
303.127
303.079
302.968
302.784
302.534
302.245
301.96
301.719
301.546
301.457
301.44
301.469
301.614
301.708
301.507
301.018
300.45
300.252
303.009
303.118
303.128
303.079
302.968
302.782
302.528
302.236
301.949
301.705
301.532
301.444
301.426
301.45
301.586
301.685
301.5
301.022
300.456
300.255
303.01
303.119
303.128
303.079
302.967
302.779
302.522
302.227
301.936
301.691
301.518
301.43
301.412
301.431
301.558
301.661
301.491
301.024
300.461
300.257
303.01
303.12
303.128
303.078
302.965
302.775
302.516
302.217
301.924
301.677
301.503
301.416
301.398
301.413
301.531
301.636
301.48
301.024
300.466
300.26
303.011
303.12
303.129
303.078
302.964
302.772
302.509
302.206
301.91
301.662
301.488
301.402
301.384
301.394
301.504
301.61
301.466
301.022
300.47
300.262
303.012
303.121
303.129
303.078
302.962
302.767
302.501
302.195
301.896
301.647
301.473
301.388
301.369
301.376
301.477
301.583
301.451
301.019
300.473
300.264
303.012
303.121
303.129
303.077
302.96
302.762
302.493
302.183
301.882
301.631
301.457
301.373
301.354
301.358
301.45
301.555
301.434
301.014
300.476
300.267
303.013
303.122
303.129
303.076
302.957
302.757
302.483
302.17
301.866
301.614
301.44
301.358
301.339
301.34
301.424
301.526
301.415
301.007
300.479
300.269
303.014
303.123
303.129
303.075
302.954
302.751
302.473
302.156
301.85
301.597
301.423
301.342
301.324
301.322
301.398
301.496
301.394
300.998
300.48
300.271
303.015
303.123
303.129
303.074
302.951
302.744
302.462
302.141
301.832
301.579
301.406
301.325
301.308
301.305
301.372
301.466
301.371
300.988
300.481
300.273
303.015
303.124
303.129
303.072
302.947
302.736
302.45
302.125
301.814
301.56
301.387
301.309
301.292
301.287
301.346
301.435
301.347
300.976
300.482
300.275
303.016
303.124
303.128
303.07
302.942
302.728
302.438
302.108
301.795
301.541
301.368
301.291
301.276
301.269
301.321
301.404
301.321
300.963
300.481
300.276
303.017
303.125
303.128
303.068
302.937
302.719
302.424
302.09
301.775
301.52
301.349
301.274
301.259
301.251
301.295
301.372
301.294
300.948
300.48
300.278
303.018
303.125
303.127
303.065
302.931
302.709
302.409
302.071
301.754
301.499
301.329
301.255
301.242
301.233
301.27
301.34
301.265
300.932
300.479
300.28
303.019
303.126
303.126
303.063
302.925
302.698
302.392
302.051
301.732
301.478
301.309
301.236
301.224
301.214
301.244
301.307
301.235
300.914
300.476
300.281
303.02
303.126
303.125
303.059
302.918
302.686
302.375
302.03
301.709
301.455
301.288
301.217
301.206
301.196
301.219
301.274
301.204
300.896
300.473
300.283
303.021
303.127
303.124
303.056
302.91
302.673
302.357
302.008
301.686
301.433
301.266
301.197
301.188
301.177
301.194
301.24
301.172
300.876
300.47
300.284
303.022
303.127
303.123
303.052
302.902
302.659
302.337
301.984
301.661
301.409
301.244
301.177
301.169
301.159
301.169
301.207
301.139
300.855
300.466
300.285
303.023
303.127
303.122
303.047
302.893
302.644
302.317
301.96
301.636
301.386
301.223
301.157
301.15
301.14
301.145
301.173
301.105
300.833
300.461
300.287
303.024
303.127
303.12
303.043
302.883
302.628
302.295
301.935
301.611
301.362
301.201
301.137
301.131
301.121
301.12
301.14
301.071
300.81
300.456
300.288
303.025
303.128
303.118
303.038
302.873
302.611
302.272
301.909
301.585
301.338
301.178
301.116
301.112
301.102
301.095
301.106
301.036
300.787
300.451
300.289
303.026
303.128
303.116
303.032
302.862
302.593
302.248
301.882
301.558
301.313
301.157
301.096
301.092
301.082
301.071
301.073
301.001
300.763
300.445
300.291
303.027
303.128
303.114
303.026
302.85
302.574
302.223
301.854
301.531
301.289
301.135
301.076
301.073
301.063
301.047
301.04
300.966
300.739
300.439
300.292
303.028
303.128
303.112
303.019
302.837
302.554
302.198
301.826
301.504
301.265
301.114
301.056
301.053
301.044
301.023
301.008
300.931
300.715
300.433
300.294
303.03
303.128
303.109
303.012
302.823
302.533
302.171
301.797
301.477
301.242
301.092
301.037
301.034
301.024
300.999
300.976
300.897
300.691
300.427
300.295
303.031
303.128
303.106
303.004
302.808
302.511
302.143
301.768
301.45
301.218
301.072
301.018
301.015
301.005
300.975
300.944
300.863
300.668
300.421
300.297
303.032
303.127
303.103
302.996
302.793
302.488
302.114
301.738
301.422
301.195
301.052
301
300.997
300.985
300.952
300.913
300.83
300.644
300.415
300.3
)
;

boundaryField
{
    wall
    {
        type            zeroGradient;
    }
    inlet
    {
        type            fixedValue;
        value           uniform 303.15;
    }
    outlet
    {
        type            inletOutlet;
        inletValue      uniform 300;
        value           nonuniform List<scalar> 
20
(
300.36
300.419
300.378
300.29
300.199
300.128
300.078
300.043
300.021
300.008
300
300
300
300
300
300
300
300
300
301.428
)
;
    }
    heatWall
    {
        type            fixedGradient;
        gradient        uniform -1500;
    }
}


// ************************************************************************* //
