/*--------------------------------*- C++ -*----------------------------------*\
  =========                 |
  \\      /  F ield         | OpenFOAM: The Open Source CFD Toolbox
   \\    /   O peration     | Website:  https://openfoam.org
    \\  /    A nd           | Version:  8
     \\/     M anipulation  |
\*---------------------------------------------------------------------------*/
FoamFile
{
    version     2.0;
    format      ascii;
    class       volScalarField;
    location    "500";
    object      T;
}
// * * * * * * * * * * * * * * * * * * * * * * * * * * * * * * * * * * * * * //

dimensions      [0 0 0 1 0 0 0];

internalField   nonuniform List<scalar> 
8400
(
299.281
299.223
299.171
299.126
299.089
299.063
299.047
299.044
299.051
299.067
299.092
299.121
299.153
299.186
299.215
299.239
299.253
299.255
299.237
299.192
299.112
298.992
298.835
298.658
298.493
298.368
298.295
298.264
298.26
298.268
298.281
298.301
298.33
298.361
298.385
298.399
298.405
298.407
298.407
298.404
298.401
298.398
298.394
298.39
298.386
298.38
298.372
298.361
298.346
298.326
299.69
299.652
299.615
299.584
299.562
299.552
299.557
299.575
299.604
299.64
299.68
299.72
299.757
299.789
299.813
299.828
299.832
299.824
299.799
299.75
299.665
299.533
299.349
299.132
298.92
298.754
298.653
298.613
298.611
298.618
298.629
298.665
298.728
298.796
298.852
298.889
298.916
298.939
298.958
298.975
298.992
299.01
299.029
299.047
299.064
299.079
299.091
299.098
299.1
299.096
299.991
299.97
299.945
299.91
299.869
299.825
299.788
299.767
299.767
299.785
299.814
299.844
299.873
299.898
299.922
299.945
299.964
299.974
299.968
299.944
299.887
299.775
299.598
299.383
299.194
299.086
299.049
299.065
299.083
299.041
298.981
299.016
299.105
299.197
299.268
299.314
299.355
299.395
299.428
299.46
299.49
299.52
299.548
299.575
299.599
299.62
299.637
299.649
299.657
299.66
300.001
300.001
300.002
300.002
300.001
300.001
300.001
300
299.999
299.998
299.997
299.997
299.997
299.997
299.996
299.995
299.994
299.994
299.994
299.994
299.995
299.995
299.992
299.988
299.982
299.967
299.953
299.944
299.933
299.602
299.271
299.312
299.407
299.502
299.545
299.581
299.63
299.677
299.714
299.748
299.779
299.808
299.834
299.856
299.875
299.891
299.903
299.912
299.918
299.921
300.006
300.006
300.007
300.008
300.009
300.011
300.012
300.013
300.015
300.016
300.017
300.019
300.02
300.022
300.024
300.028
300.033
300.038
300.044
300.05
300.056
300.062
300.068
300.074
300.078
300.079
300.076
300.07
300.06
300.024
299.947
299.879
299.844
299.808
299.697
299.714
299.767
299.816
299.852
299.885
299.912
299.934
299.952
299.967
299.979
299.988
299.994
299.998
300.001
300.003
300.002
300.002
300.002
300.001
300.002
300.002
300.002
300.002
300.002
300.003
300.003
300.003
300.003
300.004
300.004
300.004
300.004
300.004
300.004
300.005
300.006
300.008
300.012
300.017
300.025
300.033
300.041
300.047
300.051
300.049
300.03
299.998
299.958
299.91
299.852
299.82
299.814
299.875
299.908
299.942
299.965
299.982
299.994
300.003
300.01
300.014
300.017
300.019
300.02
300.02
300.003
300.003
300.003
300.003
300.003
300.004
300.004
300.004
300.004
300.004
300.004
300.004
300.004
300.004
300.004
300.004
300.004
300.004
300.004
300.004
300.004
300.004
300.004
300.006
300.009
300.013
300.019
300.025
300.032
300.037
300.036
300.025
300.003
299.97
299.925
299.878
299.839
299.819
299.92
299.963
299.983
299.998
300.007
300.013
300.017
300.019
300.02
300.021
300.021
300.021
300.002
300.002
300.002
300.002
300.002
300.002
300.002
300.003
300.003
300.003
300.003
300.003
300.003
300.003
300.003
300.003
300.003
300.003
300.003
300.003
300.003
300.003
300.003
300.004
300.004
300.006
300.009
300.013
300.019
300.024
300.028
300.027
300.018
299.998
299.968
299.928
299.885
299.849
299.849
299.889
299.987
300.001
300.009
300.014
300.016
300.017
300.018
300.017
300.016
300.016
300.002
300.002
300.002
300.002
300.002
300.002
300.002
300.002
300.002
300.002
300.002
300.002
300.002
300.002
300.003
300.003
300.003
300.003
300.003
300.003
300.003
300.003
300.003
300.003
300.003
300.003
300.004
300.007
300.011
300.016
300.02
300.023
300.021
300.011
299.991
299.962
299.925
299.887
299.863
299.858
299.889
299.992
300.006
300.011
300.013
300.013
300.012
300.01
300.008
300.006
300.001
300.002
300.002
300.002
300.002
300.002
300.002
300.001
300.001
300.001
300.001
300.001
300.002
300.002
300.002
300.002
300.002
300.002
300.003
300.003
300.003
300.003
300.003
300.003
300.002
300.002
300.003
300.004
300.006
300.01
300.015
300.018
300.019
300.015
300.004
299.983
299.955
299.921
299.891
299.868
299.864
299.898
299.971
300.007
300.01
300.009
300.006
300.002
299.998
299.993
300.001
300.001
300.001
300.001
300.001
300.001
300.001
300.001
300.001
300.001
300.001
300.001
300.001
300.001
300.001
300.001
300.002
300.002
300.002
300.002
300.003
300.003
300.003
300.002
300.002
300.002
300.002
300.003
300.004
300.007
300.011
300.015
300.017
300.016
300.01
299.996
299.975
299.948
299.918
299.889
299.868
299.867
299.895
299.941
299.995
300.008
300.005
300.001
299.995
299.988
300
300.001
300.001
300.001
300.001
300.001
300.001
300.001
300.001
300.001
300.001
300.001
300.001
300.001
300.001
300.001
300.002
300.002
300.002
300.002
300.003
300.003
300.003
300.002
300.002
300.002
300.002
300.002
300.004
300.006
300.009
300.013
300.016
300.017
300.013
300.004
299.989
299.968
299.941
299.912
299.883
299.863
299.86
299.878
299.916
299.952
299.977
299.989
299.993
299.993
300
300
300
300
300
300
300
300
300
300
300
300.001
300.001
300.001
300.001
300.001
300.002
300.002
300.002
300.002
300.003
300.003
300.003
300.002
300.002
300.002
300.002
300.002
300.004
300.006
300.009
300.012
300.015
300.016
300.015
300.009
299.998
299.982
299.96
299.932
299.901
299.871
299.85
299.845
299.857
299.88
299.906
299.928
299.946
299.957
300
300
300
300
300
300
300
300
300
300
300.001
300.001
300.001
300.001
300.002
300.002
300.002
300.002
300.003
300.003
300.003
300.003
300.003
300.003
300.003
300.003
300.003
300.004
300.005
300.007
300.01
300.012
300.015
300.017
300.016
300.012
300.004
299.992
299.973
299.948
299.917
299.884
299.854
299.834
299.828
299.833
299.846
299.862
299.879
299.893
300.003
300.002
300.002
300.002
300.002
300.002
300.003
300.003
300.003
300.003
300.003
300.004
300.004
300.004
300.005
300.005
300.005
300.005
300.006
300.006
300.006
300.006
300.006
300.006
300.006
300.006
300.006
300.007
300.008
300.01
300.012
300.014
300.016
300.018
300.017
300.015
300.009
299.998
299.982
299.96
299.931
299.897
299.865
299.838
299.821
299.813
299.814
299.821
299.831
299.842
300.007
300.006
300.006
300.006
300.007
300.007
300.007
300.008
300.008
300.009
300.009
300.01
300.01
300.011
300.011
300.011
300.012
300.012
300.012
300.012
300.012
300.012
300.012
300.012
300.012
300.011
300.012
300.012
300.013
300.014
300.015
300.016
300.018
300.019
300.019
300.017
300.012
300.002
299.988
299.968
299.941
299.91
299.878
299.85
299.828
299.815
299.808
299.808
299.812
299.819
300.013
300.012
300.012
300.013
300.013
300.013
300.014
300.014
300.015
300.016
300.016
300.017
300.018
300.018
300.019
300.019
300.02
300.02
300.02
300.02
300.02
300.02
300.02
300.02
300.019
300.019
300.019
300.019
300.019
300.019
300.019
300.02
300.02
300.021
300.02
300.018
300.014
300.005
299.992
299.973
299.949
299.921
299.893
299.867
299.845
299.83
299.82
299.817
299.818
299.823
300.019
300.018
300.019
300.019
300.02
300.02
300.021
300.021
300.022
300.023
300.023
300.024
300.025
300.026
300.026
300.027
300.027
300.028
300.028
300.028
300.028
300.028
300.027
300.027
300.026
300.026
300.025
300.024
300.024
300.023
300.023
300.022
300.022
300.021
300.02
300.018
300.013
300.006
299.992
299.975
299.955
299.931
299.908
299.886
299.867
299.854
299.845
299.841
299.841
299.846
300.023
300.022
300.023
300.024
300.024
300.025
300.025
300.026
300.027
300.028
300.028
300.029
300.03
300.03
300.031
300.031
300.032
300.032
300.032
300.032
300.031
300.031
300.03
300.029
300.028
300.027
300.026
300.025
300.023
300.022
300.021
300.02
300.018
300.017
300.015
300.013
300.009
300.004
299.992
299.976
299.959
299.941
299.923
299.906
299.893
299.883
299.876
299.874
299.875
299.88
300.012
300.013
300.015
300.016
300.017
300.019
300.02
300.022
300.023
300.024
300.025
300.026
300.027
300.028
300.029
300.029
300.029
300.029
300.028
300.028
300.027
300.025
300.023
300.022
300.019
300.017
300.015
300.012
300.009
300.007
300.005
300.003
300.001
300
299.999
299.998
299.997
299.996
299.988
299.975
299.962
299.95
299.938
299.927
299.918
299.912
299.909
299.908
299.91
299.915
303.148
303.144
303.141
303.138
303.135
303.132
303.129
303.126
303.123
303.119
303.116
303.113
303.11
303.107
303.105
303.102
303.099
303.096
303.093
303.09
303.087
303.085
303.082
303.08
303.078
303.076
303.073
303.071
303.069
303.067
303.065
303.062
303.06
303.058
303.056
303.054
303.052
303.05
303.048
303.046
303.044
303.043
303.041
303.039
303.037
303.036
303.034
303.033
303.031
303.03
303.15
303.15
303.15
303.15
303.15
303.15
303.149
303.149
303.149
303.149
303.148
303.148
303.148
303.147
303.147
303.147
303.146
303.146
303.146
303.145
303.145
303.144
303.143
303.142
303.142
303.141
303.14
303.139
303.138
303.137
303.137
303.136
303.135
303.134
303.133
303.133
303.132
303.131
303.13
303.129
303.129
303.128
303.127
303.126
303.126
303.125
303.125
303.124
303.123
303.123
303.15
303.15
303.15
303.15
303.15
303.15
303.15
303.15
303.15
303.15
303.15
303.15
303.15
303.15
303.15
303.15
303.15
303.15
303.15
303.15
303.15
303.15
303.149
303.149
303.149
303.149
303.149
303.149
303.148
303.148
303.148
303.148
303.148
303.147
303.147
303.147
303.147
303.147
303.146
303.146
303.146
303.146
303.145
303.145
303.145
303.145
303.144
303.144
303.144
303.144
303.15
303.15
303.15
303.15
303.15
303.15
303.15
303.15
303.15
303.15
303.15
303.15
303.15
303.15
303.15
303.15
303.15
303.15
303.15
303.15
303.15
303.15
303.15
303.15
303.15
303.15
303.15
303.15
303.15
303.15
303.15
303.15
303.15
303.15
303.15
303.15
303.15
303.15
303.149
303.149
303.149
303.149
303.149
303.149
303.149
303.149
303.149
303.149
303.149
303.149
303.15
303.15
303.15
303.15
303.15
303.15
303.15
303.15
303.15
303.15
303.15
303.15
303.15
303.15
303.15
303.15
303.15
303.15
303.15
303.15
303.15
303.15
303.15
303.15
303.15
303.15
303.15
303.15
303.15
303.15
303.15
303.15
303.15
303.15
303.15
303.15
303.15
303.15
303.15
303.15
303.15
303.15
303.15
303.15
303.15
303.15
303.15
303.15
303.15
303.15
303.15
303.15
303.15
303.15
303.15
303.15
303.15
303.15
303.15
303.15
303.15
303.15
303.15
303.15
303.15
303.15
303.15
303.15
303.15
303.15
303.15
303.15
303.15
303.15
303.15
303.15
303.15
303.15
303.15
303.15
303.15
303.15
303.15
303.15
303.15
303.15
303.15
303.15
303.15
303.15
303.15
303.15
303.15
303.15
303.15
303.15
303.15
303.15
303.15
303.15
303.15
303.15
303.15
303.15
303.15
303.15
303.15
303.15
303.15
303.15
303.15
303.15
303.15
303.15
303.15
303.15
303.15
303.15
303.15
303.15
303.15
303.15
303.15
303.15
303.15
303.15
303.15
303.15
303.15
303.15
303.15
303.15
303.15
303.15
303.15
303.15
303.15
303.15
303.15
303.15
303.15
303.15
303.15
303.15
303.15
303.15
303.15
303.15
303.15
303.15
303.15
303.15
303.15
303.15
303.15
303.15
303.15
303.15
303.15
303.15
303.15
303.15
303.15
303.15
303.15
303.15
303.15
303.15
303.15
303.15
303.15
303.15
303.15
303.15
303.15
303.15
303.15
303.15
303.15
303.15
303.15
303.15
303.15
303.15
303.15
303.15
303.15
303.15
303.15
303.15
303.15
303.15
303.15
303.15
303.15
303.15
303.15
303.15
303.15
303.15
303.15
303.15
303.15
303.15
303.15
303.15
303.15
303.15
303.15
303.15
303.15
303.15
303.15
303.15
303.15
303.15
303.15
303.15
303.15
303.15
303.15
303.15
303.15
303.15
303.15
303.15
303.15
303.15
303.15
303.15
303.15
303.15
303.15
303.15
303.15
303.15
303.15
303.15
303.15
303.15
303.15
303.15
303.15
303.15
303.15
303.15
303.15
303.15
303.15
303.15
303.15
303.15
303.15
303.15
303.15
303.15
303.15
303.15
303.15
303.15
303.15
303.15
303.15
303.15
303.15
303.15
303.15
303.15
303.15
303.15
303.15
303.15
303.15
303.15
303.15
303.15
303.15
303.15
303.15
303.15
303.15
303.15
303.15
303.15
303.15
303.15
303.15
303.15
303.15
303.15
303.15
303.15
303.15
303.15
303.15
303.15
303.15
303.15
303.15
303.15
303.15
303.15
303.15
303.15
303.15
303.15
303.15
303.15
303.15
303.15
303.15
303.15
303.15
303.15
303.15
303.15
303.15
303.15
303.15
303.15
303.15
303.15
303.15
303.15
303.15
303.15
303.15
303.15
303.15
303.15
303.15
303.15
303.15
303.15
303.15
303.15
303.15
303.15
303.15
303.15
303.15
303.15
303.15
303.15
303.15
303.15
303.15
303.15
303.15
303.15
303.15
303.15
303.15
303.15
303.15
303.15
303.15
303.15
303.15
303.15
303.15
303.15
303.15
303.15
303.15
303.15
303.15
303.15
303.15
303.15
303.15
303.15
303.15
303.15
303.15
303.15
303.15
303.15
303.15
303.15
303.15
303.15
303.15
303.15
303.15
303.15
303.15
303.15
303.15
303.15
303.15
303.15
303.15
303.15
303.15
303.15
303.15
303.15
303.15
303.15
303.15
303.15
303.15
303.15
303.15
303.15
303.15
303.15
303.15
303.15
303.15
303.15
303.15
303.15
303.15
303.15
303.15
303.15
303.15
303.15
303.15
303.15
303.15
303.15
303.15
303.15
303.15
303.15
303.15
303.15
303.15
303.15
303.15
303.15
303.15
303.15
303.15
303.15
303.15
303.15
303.15
303.15
303.15
303.15
303.15
303.15
303.15
303.15
303.15
303.15
303.15
303.15
303.15
303.15
303.15
303.15
303.15
303.15
303.15
303.15
303.15
303.15
303.15
303.15
303.15
303.15
303.15
303.15
303.15
303.15
303.15
303.15
303.15
303.15
303.15
303.15
303.15
303.15
303.15
303.15
303.15
303.15
303.15
303.15
303.15
303.15
303.15
303.15
303.15
303.15
303.15
303.15
303.15
303.15
303.15
303.15
303.15
303.15
303.15
303.15
303.15
303.15
303.15
303.15
303.15
303.15
303.15
303.15
303.15
303.15
303.15
303.15
303.15
303.15
303.15
303.15
303.15
303.15
303.15
303.15
303.15
303.15
303.15
303.15
303.15
303.15
303.15
303.15
303.15
303.15
303.15
303.15
303.15
303.15
303.15
303.15
303.15
303.15
303.15
303.15
303.15
303.15
303.15
303.15
303.15
303.15
303.15
303.15
303.15
303.15
303.15
303.15
303.15
303.15
303.15
303.15
303.15
303.15
303.15
303.15
303.15
303.15
303.15
303.15
303.15
303.15
303.15
303.15
303.15
303.15
303.15
303.15
303.15
303.15
303.15
303.15
303.15
303.15
303.15
303.15
303.15
303.15
303.15
303.15
303.15
303.15
303.15
303.15
303.15
303.15
303.15
303.15
303.15
303.15
303.15
303.15
303.15
303.15
303.15
303.15
303.15
303.15
303.15
303.15
303.15
303.15
303.15
303.15
303.15
303.15
303.15
303.15
303.15
303.15
303.15
303.15
303.15
303.15
303.15
303.15
303.15
303.15
303.15
303.15
303.15
303.15
303.15
303.15
303.15
303.15
303.15
303.15
303.15
303.15
303.15
303.15
303.15
303.149
303.149
303.149
303.149
303.149
303.149
303.149
303.149
303.149
303.149
303.148
303.148
303.148
303.15
303.15
303.15
303.15
303.15
303.15
303.15
303.15
303.15
303.15
303.15
303.15
303.15
303.15
303.15
303.15
303.15
303.15
303.15
303.15
303.15
303.15
303.149
303.149
303.149
303.149
303.149
303.149
303.149
303.148
303.148
303.148
303.148
303.147
303.147
303.147
303.147
303.146
303.146
303.146
303.145
303.145
303.145
303.144
303.144
303.143
303.143
303.142
303.141
303.141
303.15
303.15
303.15
303.15
303.15
303.15
303.149
303.149
303.149
303.149
303.148
303.148
303.148
303.148
303.147
303.147
303.147
303.146
303.146
303.145
303.145
303.144
303.144
303.143
303.142
303.141
303.14
303.14
303.139
303.138
303.137
303.136
303.135
303.134
303.133
303.132
303.131
303.13
303.129
303.129
303.128
303.126
303.125
303.124
303.123
303.122
303.121
303.119
303.118
303.116
303.148
303.144
303.141
303.138
303.135
303.132
303.129
303.126
303.122
303.119
303.116
303.113
303.11
303.107
303.104
303.102
303.099
303.096
303.093
303.09
303.087
303.085
303.082
303.08
303.078
303.075
303.073
303.071
303.068
303.066
303.064
303.062
303.06
303.058
303.056
303.054
303.052
303.05
303.048
303.046
303.044
303.042
303.04
303.038
303.037
303.035
303.033
303.031
303.029
303.027
301.5
299.64
297.696
296.146
295.135
294.512
294.123
293.869
293.7
293.588
293.521
293.482
293.434
293.452
293.567
293.712
293.843
293.989
294.222
294.597
301.542
299.714
297.77
296.203
295.175
294.54
294.141
293.881
293.708
293.594
293.526
293.488
293.432
293.445
293.551
293.684
293.802
293.941
294.174
294.555
301.585
299.79
297.843
296.26
295.214
294.565
294.157
293.891
293.714
293.597
293.53
293.493
293.435
293.439
293.536
293.661
293.773
293.909
294.143
294.527
301.629
299.867
297.916
296.315
295.25
294.587
294.171
293.898
293.716
293.597
293.531
293.496
293.437
293.434
293.523
293.64
293.745
293.878
294.114
294.5
301.674
299.944
297.988
296.368
295.285
294.607
294.181
293.902
293.716
293.594
293.528
293.497
293.438
293.429
293.511
293.62
293.719
293.85
294.087
294.474
301.721
300.02
298.059
296.42
295.317
294.624
294.188
293.904
293.712
293.587
293.523
293.495
293.438
293.425
293.499
293.602
293.695
293.823
294.061
294.449
301.768
300.095
298.129
296.47
295.346
294.638
294.193
293.902
293.705
293.577
293.513
293.49
293.437
293.42
293.489
293.584
293.672
293.798
294.036
294.425
301.814
300.169
298.197
296.519
295.374
294.649
294.195
293.898
293.694
293.564
293.501
293.483
293.435
293.416
293.478
293.568
293.65
293.774
294.013
294.401
301.861
300.242
298.265
296.566
295.4
294.659
294.195
293.891
293.682
293.547
293.485
293.472
293.431
293.411
293.469
293.552
293.63
293.752
293.99
294.377
301.908
300.314
298.332
296.613
295.425
294.667
294.193
293.883
293.667
293.529
293.467
293.46
293.426
293.406
293.46
293.537
293.611
293.731
293.969
294.354
301.954
300.385
298.399
296.659
295.449
294.673
294.19
293.873
293.651
293.51
293.447
293.445
293.42
293.401
293.451
293.523
293.592
293.711
293.949
294.331
301.999
300.454
298.465
296.705
295.473
294.68
294.186
293.862
293.634
293.49
293.427
293.429
293.413
293.396
293.443
293.51
293.575
293.693
293.93
294.309
302.043
300.523
298.532
296.752
295.497
294.687
294.182
293.851
293.617
293.471
293.407
293.412
293.406
293.391
293.435
293.497
293.559
293.675
293.912
294.286
302.086
300.591
298.598
296.799
295.521
294.694
294.179
293.841
293.601
293.453
293.389
293.395
293.397
293.387
293.428
293.485
293.544
293.659
293.894
294.264
302.127
300.657
298.664
296.847
295.547
294.702
294.176
293.83
293.586
293.436
293.372
293.379
293.389
293.382
293.421
293.474
293.53
293.643
293.877
294.242
302.167
300.722
298.731
296.896
295.574
294.711
294.173
293.821
293.572
293.421
293.357
293.364
293.38
293.377
293.415
293.463
293.516
293.628
293.861
294.221
302.206
300.785
298.797
296.946
295.602
294.721
294.172
293.812
293.559
293.407
293.344
293.351
293.372
293.372
293.409
293.453
293.504
293.615
293.846
294.2
302.243
300.846
298.862
296.996
295.63
294.732
294.171
293.803
293.547
293.394
293.332
293.339
293.364
293.368
293.403
293.444
293.492
293.602
293.83
294.179
302.279
300.905
298.926
297.046
295.659
294.743
294.17
293.796
293.535
293.383
293.321
293.328
293.357
293.364
293.398
293.435
293.48
293.589
293.816
294.159
302.312
300.962
298.989
297.095
295.688
294.754
294.17
293.788
293.525
293.372
293.312
293.319
293.35
293.36
293.393
293.426
293.469
293.577
293.801
294.139
302.344
301.016
299.05
297.143
295.717
294.765
294.169
293.78
293.514
293.362
293.303
293.31
293.343
293.356
293.388
293.418
293.459
293.566
293.788
294.119
302.373
301.067
299.108
297.19
295.744
294.776
294.168
293.773
293.504
293.352
293.294
293.302
293.337
293.353
293.383
293.41
293.449
293.554
293.774
294.1
302.401
301.114
299.162
297.233
295.77
294.785
294.167
293.765
293.493
293.343
293.286
293.295
293.331
293.349
293.378
293.402
293.44
293.543
293.761
294.082
302.426
301.158
299.213
297.274
295.793
294.794
294.164
293.756
293.483
293.333
293.279
293.287
293.325
293.345
293.373
293.394
293.43
293.533
293.747
294.064
302.45
301.198
299.259
297.31
295.814
294.8
294.16
293.746
293.472
293.324
293.272
293.281
293.318
293.341
293.368
293.387
293.421
293.522
293.735
294.048
302.471
301.234
299.3
297.342
295.831
294.804
294.155
293.736
293.46
293.315
293.265
293.274
293.312
293.337
293.363
293.379
293.413
293.512
293.722
294.031
302.49
301.266
299.337
297.37
295.845
294.806
294.148
293.724
293.448
293.305
293.258
293.268
293.306
293.333
293.358
293.372
293.404
293.502
293.71
294.016
302.506
301.293
299.367
297.391
295.855
294.804
294.139
293.711
293.436
293.296
293.252
293.262
293.3
293.328
293.353
293.365
293.396
293.492
293.698
294.002
302.52
301.315
299.391
297.408
295.86
294.8
294.128
293.697
293.423
293.287
293.247
293.256
293.293
293.323
293.347
293.359
293.388
293.483
293.686
293.988
302.533
301.333
299.409
297.418
295.861
294.793
294.115
293.682
293.41
293.278
293.242
293.251
293.287
293.318
293.342
293.352
293.38
293.473
293.676
293.976
302.542
301.346
299.421
297.423
295.858
294.783
294.1
293.666
293.396
293.269
293.237
293.246
293.281
293.313
293.337
293.346
293.373
293.465
293.665
293.965
302.55
301.355
299.427
297.422
295.85
294.771
294.084
293.649
293.382
293.261
293.233
293.241
293.275
293.308
293.331
293.339
293.366
293.456
293.656
293.956
302.556
301.359
299.428
297.415
295.839
294.756
294.066
293.631
293.368
293.253
293.231
293.237
293.27
293.303
293.326
293.333
293.359
293.448
293.647
293.948
302.56
301.359
299.423
297.405
295.825
294.74
294.048
293.614
293.355
293.246
293.229
293.234
293.264
293.298
293.321
293.328
293.352
293.44
293.639
293.941
302.562
301.354
299.413
297.39
295.809
294.723
294.03
293.597
293.344
293.241
293.228
293.232
293.26
293.294
293.316
293.322
293.346
293.433
293.632
293.936
302.562
301.347
299.4
297.373
295.792
294.706
294.013
293.582
293.334
293.237
293.228
293.23
293.256
293.289
293.311
293.316
293.34
293.427
293.626
293.932
302.561
301.335
299.383
297.354
295.774
294.69
293.998
293.569
293.327
293.235
293.229
293.229
293.253
293.286
293.307
293.311
293.334
293.421
293.622
293.93
302.558
301.323
299.365
297.335
295.758
294.675
293.984
293.558
293.322
293.234
293.23
293.23
293.251
293.283
293.303
293.306
293.329
293.417
293.619
293.93
302.554
301.309
299.346
297.317
295.742
294.662
293.972
293.549
293.318
293.234
293.232
293.232
293.25
293.28
293.299
293.301
293.325
293.413
293.617
293.932
302.551
301.296
299.329
297.3
295.728
294.651
293.962
293.543
293.316
293.235
293.233
293.236
293.25
293.278
293.295
293.296
293.321
293.41
293.617
293.935
302.547
301.284
299.313
297.286
295.717
294.643
293.955
293.538
293.315
293.235
293.234
293.242
293.251
293.277
293.291
293.292
293.318
293.409
293.618
293.939
302.544
301.273
299.3
297.275
295.709
294.637
293.95
293.535
293.315
293.236
293.235
293.247
293.253
293.275
293.287
293.288
293.316
293.409
293.621
293.945
302.542
301.264
299.29
297.267
295.704
294.634
293.947
293.533
293.315
293.237
293.236
293.25
293.254
293.273
293.282
293.284
293.314
293.41
293.626
293.953
302.541
301.258
299.283
297.263
295.702
294.633
293.946
293.533
293.317
293.239
293.236
293.251
293.256
293.271
293.278
293.281
293.313
293.412
293.632
293.962
302.541
301.254
299.28
297.264
295.704
294.636
293.947
293.535
293.319
293.24
293.236
293.252
293.256
293.269
293.274
293.278
293.314
293.415
293.639
293.972
302.542
301.254
299.281
297.269
295.71
294.641
293.951
293.538
293.323
293.242
293.236
293.251
293.256
293.266
293.27
293.276
293.315
293.42
293.649
293.984
302.545
301.257
299.288
297.28
295.72
294.649
293.957
293.543
293.327
293.244
293.236
293.25
293.255
293.263
293.267
293.275
293.317
293.426
293.659
293.996
302.549
301.264
299.301
297.297
295.734
294.66
293.965
293.55
293.332
293.247
293.236
293.248
293.253
293.26
293.264
293.274
293.32
293.434
293.671
294.01
302.555
301.276
299.319
297.319
295.753
294.674
293.976
293.558
293.338
293.25
293.236
293.246
293.251
293.257
293.261
293.275
293.325
293.443
293.685
294.025
302.562
301.291
299.344
297.348
295.778
294.692
293.99
293.568
293.346
293.254
293.236
293.243
293.249
293.254
293.26
293.277
293.331
293.454
293.7
294.04
302.57
301.312
299.376
297.383
295.807
294.714
294.006
293.581
293.354
293.259
293.237
293.241
293.246
293.252
293.259
293.279
293.338
293.466
293.716
294.056
302.581
301.337
299.414
297.426
295.843
294.74
294.025
293.595
293.364
293.265
293.239
293.24
293.244
293.25
293.259
293.284
293.347
293.48
293.733
294.072
302.593
301.367
299.46
297.476
295.884
294.77
294.048
293.612
293.376
293.272
293.241
293.239
293.243
293.249
293.261
293.289
293.358
293.496
293.751
294.088
302.607
301.402
299.514
297.534
295.933
294.806
294.075
293.631
293.39
293.281
293.245
293.24
293.243
293.25
293.264
293.296
293.37
293.513
293.77
294.105
302.622
301.442
299.576
297.601
295.989
294.847
294.106
293.653
293.405
293.291
293.25
293.242
293.244
293.252
293.268
293.305
293.383
293.531
293.791
294.123
302.639
301.487
299.646
297.678
296.053
294.895
294.141
293.679
293.423
293.303
293.257
293.246
293.246
293.255
293.274
293.315
293.398
293.55
293.812
294.14
302.658
301.538
299.726
297.765
296.126
294.95
294.181
293.709
293.445
293.317
293.266
293.251
293.25
293.26
293.282
293.327
293.414
293.571
293.834
294.158
302.678
301.595
299.815
297.863
296.21
295.013
294.227
293.743
293.469
293.334
293.277
293.258
293.256
293.267
293.292
293.341
293.432
293.593
293.857
294.175
302.7
301.657
299.914
297.973
296.305
295.085
294.28
293.782
293.498
293.353
293.29
293.268
293.265
293.276
293.304
293.357
293.452
293.617
293.881
294.193
302.724
301.726
300.024
298.098
296.414
295.168
294.341
293.828
293.531
293.376
293.306
293.281
293.276
293.288
293.318
293.374
293.473
293.642
293.905
294.211
302.749
301.8
300.146
298.237
296.538
295.263
294.411
293.881
293.569
293.404
293.326
293.296
293.29
293.302
293.334
293.394
293.497
293.669
293.93
294.23
302.775
301.88
300.281
298.394
296.679
295.374
294.492
293.941
293.615
293.437
293.35
293.315
293.307
293.32
293.354
293.416
293.523
293.697
293.956
294.248
302.802
301.966
300.429
298.57
296.841
295.502
294.587
294.012
293.668
293.476
293.379
293.338
293.328
293.34
293.376
293.441
293.551
293.728
293.982
294.267
302.83
302.058
300.591
298.768
297.027
295.651
294.697
294.093
293.73
293.522
293.414
293.366
293.353
293.365
293.402
293.469
293.582
293.76
294.01
294.286
302.858
302.156
300.769
298.99
297.241
295.825
294.827
294.189
293.803
293.577
293.456
293.4
293.382
293.394
293.432
293.501
293.616
293.795
294.039
294.306
302.887
302.258
300.962
299.24
297.488
296.03
294.981
294.302
293.888
293.643
293.507
293.441
293.418
293.428
293.466
293.538
293.655
293.832
294.069
294.326
302.915
302.364
301.169
299.519
297.772
296.271
295.164
294.435
293.988
293.722
293.569
293.49
293.461
293.469
293.507
293.58
293.697
293.871
294.101
294.347
302.942
302.475
301.391
299.826
298.099
296.558
295.384
294.595
294.107
293.815
293.644
293.552
293.515
293.518
293.555
293.628
293.745
293.915
294.134
294.369
302.967
302.585
301.624
300.164
298.475
296.898
295.652
294.79
294.249
293.925
293.734
293.627
293.58
293.576
293.611
293.683
293.797
293.961
294.17
294.391
302.99
302.693
301.864
300.532
298.903
297.302
295.979
295.031
294.421
294.055
293.84
293.717
293.658
293.646
293.677
293.745
293.856
294.012
294.208
294.414
303.009
302.794
302.105
300.923
299.386
297.781
296.382
295.332
294.635
294.211
293.963
293.822
293.749
293.727
293.753
293.816
293.92
294.066
294.248
294.437
303.024
302.885
302.337
301.327
299.919
298.342
296.88
295.717
294.909
294.404
294.11
293.944
293.855
293.822
293.84
293.896
293.991
294.125
294.291
294.462
303.035
302.963
302.554
301.73
300.49
298.99
297.49
296.213
295.269
294.654
294.29
294.086
293.978
293.93
293.938
293.985
294.069
294.189
294.337
294.488
303.041
303.024
302.743
302.112
301.079
299.715
298.228
296.854
295.756
294.992
294.52
294.257
294.119
294.055
294.048
294.083
294.153
294.256
294.385
294.514
303.043
303.069
302.895
302.45
301.65
300.491
299.092
297.669
296.423
295.473
294.842
294.474
294.284
294.197
294.169
294.189
294.244
294.328
294.435
294.541
303.042
303.098
303.006
302.726
302.162
301.26
300.05
298.67
297.323
296.177
295.327
294.783
294.486
294.349
294.298
294.302
294.339
294.404
294.488
294.569
303.038
303.114
303.077
302.924
302.577
301.955
301.022
299.818
298.485
297.196
296.103
295.297
294.793
294.537
294.437
294.421
294.439
294.482
294.542
294.598
303.032
303.12
303.117
303.047
302.867
302.503
301.889
300.993
299.852
298.576
297.316
296.217
295.387
294.866
294.619
294.543
294.541
294.561
294.596
294.627
303.026
303.121
303.134
303.111
303.035
302.864
302.537
302
301.217
300.199
299.007
297.761
296.597
295.652
295.019
294.707
294.645
294.641
294.651
294.656
303.019
303.119
303.14
303.138
303.113
303.052
302.921
302.68
302.283
301.696
300.892
299.875
298.704
297.491
296.375
295.484
294.896
294.742
294.717
294.692
303.013
303.116
303.141
303.146
303.141
303.125
303.087
303.013
302.88
302.661
302.328
301.842
301.174
300.311
299.328
298.353
297.449
296.461
295.41
294.969
303.006
303.113
303.141
303.148
303.148
303.145
303.137
303.121
303.092
303.044
302.968
302.858
302.7
302.465
302.132
301.702
301.23
300.755
300.138
298.444
302.999
303.11
303.139
303.148
303.149
303.149
303.147
303.144
303.138
303.128
303.112
303.09
303.06
303.021
302.972
302.915
302.861
302.791
302.703
302.59
302.993
303.107
303.138
303.147
303.149
303.15
303.149
303.148
303.146
303.142
303.136
303.126
303.114
303.097
303.076
303.051
303.021
302.985
302.937
302.877
302.987
303.104
303.137
303.147
303.149
303.15
303.15
303.149
303.148
303.146
303.143
303.137
303.129
303.117
303.1
303.079
303.051
303.015
302.969
302.907
302.982
303.101
303.135
303.146
303.149
303.15
303.15
303.15
303.149
303.148
303.146
303.142
303.137
303.127
303.114
303.094
303.067
303.029
302.98
302.912
302.977
303.098
303.134
303.146
303.149
303.15
303.15
303.15
303.15
303.149
303.148
303.146
303.141
303.134
303.123
303.105
303.079
303.041
302.988
302.915
302.973
303.095
303.133
303.146
303.149
303.15
303.15
303.15
303.15
303.149
303.149
303.147
303.144
303.139
303.13
303.114
303.089
303.051
302.995
302.918
302.969
303.093
303.131
303.145
303.149
303.15
303.15
303.15
303.15
303.15
303.149
303.148
303.146
303.142
303.134
303.12
303.097
303.059
303.002
302.92
302.965
303.091
303.13
303.145
303.149
303.15
303.15
303.15
303.15
303.15
303.15
303.149
303.147
303.144
303.138
303.125
303.103
303.066
303.007
302.922
302.962
303.089
303.129
303.144
303.149
303.15
303.15
303.15
303.15
303.15
303.15
303.149
303.148
303.146
303.14
303.129
303.108
303.072
303.012
302.924
302.96
303.087
303.129
303.144
303.149
303.15
303.15
303.15
303.15
303.15
303.15
303.15
303.149
303.147
303.142
303.132
303.113
303.077
303.016
302.926
302.957
303.086
303.128
303.144
303.149
303.15
303.15
303.15
303.15
303.15
303.15
303.15
303.149
303.147
303.143
303.135
303.116
303.081
303.02
302.927
302.956
303.085
303.127
303.144
303.149
303.15
303.15
303.15
303.15
303.15
303.15
303.15
303.149
303.148
303.145
303.136
303.119
303.085
303.024
302.929
302.954
303.084
303.127
303.144
303.148
303.15
303.15
303.15
303.15
303.15
303.15
303.15
303.149
303.148
303.145
303.138
303.122
303.088
303.027
302.93
302.953
303.084
303.126
303.143
303.148
303.15
303.15
303.15
303.15
303.15
303.15
303.15
303.15
303.149
303.146
303.139
303.124
303.091
303.029
302.931
302.953
303.083
303.126
303.143
303.148
303.15
303.15
303.15
303.15
303.15
303.15
303.15
303.15
303.149
303.146
303.14
303.125
303.093
303.031
302.933
302.952
303.083
303.126
303.143
303.148
303.15
303.15
303.15
303.15
303.15
303.15
303.15
303.15
303.149
303.147
303.141
303.127
303.095
303.033
302.934
302.952
303.083
303.126
303.143
303.148
303.15
303.15
303.15
303.15
303.15
303.15
303.15
303.15
303.149
303.147
303.142
303.128
303.097
303.035
302.935
302.952
303.083
303.126
303.143
303.148
303.15
303.15
303.15
303.15
303.15
303.15
303.15
303.15
303.149
303.147
303.142
303.129
303.099
303.037
302.936
302.952
303.083
303.126
303.143
303.148
303.15
303.15
303.15
303.15
303.15
303.15
303.15
303.15
303.149
303.148
303.143
303.13
303.1
303.039
302.937
302.953
303.083
303.126
303.143
303.148
303.15
303.15
303.15
303.15
303.15
303.15
303.15
303.15
303.149
303.148
303.143
303.131
303.101
303.04
302.938
302.953
303.083
303.126
303.143
303.148
303.15
303.15
303.15
303.15
303.15
303.15
303.15
303.15
303.149
303.148
303.144
303.132
303.103
303.042
302.939
302.954
303.083
303.126
303.143
303.148
303.15
303.15
303.15
303.15
303.15
303.15
303.15
303.15
303.149
303.148
303.144
303.132
303.104
303.044
302.94
302.954
303.084
303.126
303.143
303.148
303.15
303.15
303.15
303.15
303.15
303.15
303.15
303.15
303.149
303.148
303.144
303.133
303.105
303.045
302.941
302.955
303.084
303.126
303.143
303.148
303.15
303.15
303.15
303.15
303.15
303.15
303.15
303.15
303.15
303.148
303.144
303.133
303.106
303.047
302.941
302.956
303.084
303.127
303.143
303.148
303.15
303.15
303.15
303.15
303.15
303.15
303.15
303.15
303.15
303.148
303.145
303.134
303.107
303.048
302.942
302.957
303.085
303.127
303.143
303.148
303.15
303.15
303.15
303.15
303.15
303.15
303.15
303.15
303.15
303.148
303.145
303.134
303.108
303.05
302.942
302.958
303.085
303.127
303.144
303.148
303.15
303.15
303.15
303.15
303.15
303.15
303.15
303.15
303.15
303.149
303.145
303.135
303.109
303.052
302.942
302.959
303.086
303.127
303.144
303.149
303.15
303.15
303.15
303.15
303.15
303.15
303.15
303.15
303.15
303.149
303.145
303.135
303.11
303.053
302.942
302.961
303.086
303.127
303.144
303.149
303.15
303.15
303.15
303.15
303.15
303.15
303.15
303.15
303.15
303.149
303.145
303.136
303.111
303.056
302.942
302.962
303.087
303.128
303.144
303.149
303.15
303.15
303.15
303.15
303.15
303.15
303.15
303.15
303.15
303.149
303.145
303.136
303.112
303.058
302.942
302.963
303.087
303.128
303.144
303.149
303.15
303.15
303.15
303.15
303.15
303.15
303.15
303.15
303.15
303.149
303.146
303.136
303.113
303.06
302.942
302.965
303.088
303.128
303.144
303.149
303.15
303.15
303.15
303.15
303.15
303.15
303.15
303.15
303.15
303.149
303.146
303.137
303.113
303.063
302.941
302.966
303.089
303.129
303.144
303.149
303.15
303.15
303.15
303.15
303.15
303.15
303.15
303.15
303.15
303.149
303.146
303.137
303.114
303.066
302.94
302.967
303.089
303.129
303.144
303.149
303.15
303.15
303.15
303.15
303.15
303.15
303.15
303.15
303.15
303.149
303.146
303.137
303.115
303.068
302.941
302.969
303.09
303.129
303.144
303.149
303.15
303.15
303.15
303.15
303.15
303.15
303.15
303.15
303.15
303.149
303.146
303.138
303.116
303.07
302.942
302.97
303.091
303.13
303.145
303.149
303.15
303.15
303.15
303.15
303.15
303.15
303.15
303.15
303.15
303.149
303.146
303.138
303.116
303.071
302.944
302.971
303.092
303.13
303.145
303.149
303.15
303.15
303.15
303.15
303.15
303.15
303.15
303.15
303.15
303.149
303.146
303.138
303.117
303.072
302.945
302.973
303.093
303.131
303.145
303.149
303.15
303.15
303.15
303.15
303.15
303.15
303.15
303.15
303.15
303.149
303.146
303.138
303.117
303.073
302.947
302.974
303.093
303.131
303.145
303.149
303.15
303.15
303.15
303.15
303.15
303.15
303.15
303.15
303.15
303.149
303.147
303.139
303.118
303.073
302.949
302.976
303.094
303.131
303.145
303.149
303.15
303.15
303.15
303.15
303.15
303.15
303.15
303.15
303.15
303.149
303.147
303.139
303.118
303.074
302.95
302.977
303.095
303.132
303.145
303.149
303.15
303.15
303.15
303.15
303.15
303.15
303.15
303.15
303.15
303.149
303.147
303.139
303.119
303.075
302.952
302.978
303.096
303.132
303.145
303.149
303.15
303.15
303.15
303.15
303.15
303.15
303.15
303.15
303.15
303.149
303.147
303.139
303.12
303.076
302.954
302.98
303.097
303.133
303.146
303.149
303.15
303.15
303.15
303.15
303.15
303.15
303.15
303.15
303.15
303.149
303.147
303.14
303.12
303.077
302.956
302.981
303.098
303.133
303.146
303.149
303.15
303.15
303.15
303.15
303.15
303.15
303.15
303.15
303.15
303.149
303.147
303.14
303.121
303.078
302.957
302.983
303.098
303.133
303.146
303.149
303.15
303.15
303.15
303.15
303.15
303.15
303.15
303.15
303.15
303.149
303.147
303.14
303.121
303.079
302.959
302.984
303.099
303.134
303.146
303.149
303.15
303.15
303.15
303.15
303.15
303.15
303.15
303.15
303.15
303.149
303.147
303.14
303.122
303.08
302.961
302.986
303.1
303.134
303.146
303.149
303.15
303.15
303.15
303.15
303.15
303.15
303.15
303.15
303.15
303.149
303.147
303.141
303.122
303.081
302.963
302.988
303.101
303.134
303.146
303.149
303.15
303.15
303.15
303.15
303.15
303.15
303.15
303.15
303.15
303.149
303.147
303.141
303.123
303.082
302.964
302.989
303.102
303.135
303.146
303.149
303.15
303.15
303.15
303.15
303.15
303.15
303.15
303.15
303.15
303.149
303.147
303.141
303.123
303.083
302.966
302.991
303.102
303.135
303.146
303.149
303.15
303.15
303.15
303.15
303.15
303.15
303.15
303.15
303.15
303.149
303.147
303.141
303.124
303.084
302.968
302.992
303.103
303.135
303.146
303.149
303.15
303.15
303.15
303.15
303.15
303.15
303.15
303.15
303.15
303.149
303.148
303.141
303.124
303.085
302.97
302.994
303.104
303.136
303.147
303.149
303.15
303.15
303.15
303.15
303.15
303.15
303.15
303.15
303.15
303.149
303.148
303.142
303.125
303.086
302.972
302.995
303.105
303.136
303.147
303.149
303.15
303.15
303.15
303.15
303.15
303.15
303.15
303.15
303.15
303.149
303.148
303.142
303.125
303.087
302.974
302.997
303.105
303.136
303.147
303.149
303.15
303.15
303.15
303.15
303.15
303.15
303.15
303.15
303.15
303.149
303.148
303.142
303.126
303.087
302.975
302.998
303.106
303.137
303.147
303.149
303.15
303.15
303.15
303.15
303.15
303.15
303.15
303.15
303.15
303.149
303.148
303.142
303.126
303.088
302.977
303
303.107
303.137
303.147
303.149
303.15
303.15
303.15
303.15
303.15
303.15
303.15
303.15
303.15
303.149
303.148
303.143
303.127
303.089
302.979
303.001
303.107
303.137
303.147
303.149
303.15
303.15
303.15
303.15
303.15
303.15
303.15
303.15
303.15
303.15
303.148
303.143
303.127
303.09
302.981
303.003
303.108
303.138
303.147
303.149
303.15
303.15
303.15
303.15
303.15
303.15
303.15
303.15
303.15
303.15
303.148
303.143
303.128
303.091
302.983
303.004
303.109
303.138
303.147
303.15
303.15
303.15
303.15
303.15
303.15
303.15
303.15
303.15
303.15
303.15
303.148
303.143
303.128
303.092
302.985
303.005
303.11
303.139
303.147
303.15
303.15
303.15
303.15
303.15
303.15
303.15
303.15
303.15
303.15
303.15
303.148
303.143
303.129
303.093
302.987
303.007
303.111
303.139
303.148
303.15
303.15
303.15
303.15
303.15
303.15
303.15
303.15
303.15
303.15
303.15
303.148
303.144
303.129
303.094
302.989
303.008
303.111
303.139
303.148
303.15
303.15
303.15
303.15
303.15
303.15
303.15
303.15
303.15
303.15
303.15
303.148
303.144
303.13
303.095
302.991
303.009
303.112
303.14
303.148
303.15
303.15
303.15
303.15
303.15
303.15
303.15
303.15
303.15
303.15
303.15
303.148
303.144
303.131
303.097
302.993
303.011
303.113
303.14
303.148
303.15
303.15
303.15
303.15
303.15
303.15
303.15
303.15
303.15
303.15
303.15
303.149
303.144
303.131
303.098
302.995
303.012
303.114
303.14
303.148
303.15
303.15
303.15
303.15
303.15
303.15
303.15
303.15
303.15
303.15
303.15
303.149
303.145
303.132
303.099
302.997
303.013
303.115
303.14
303.148
303.15
303.15
303.15
303.15
303.15
303.15
303.15
303.15
303.15
303.15
303.15
303.149
303.145
303.132
303.1
302.999
303.014
303.115
303.141
303.148
303.15
303.15
303.15
303.15
303.15
303.15
303.15
303.15
303.15
303.15
303.15
303.149
303.145
303.133
303.101
303.001
303.016
303.116
303.141
303.148
303.15
303.15
303.15
303.15
303.15
303.15
303.15
303.15
303.15
303.15
303.15
303.149
303.145
303.133
303.102
303.003
303.017
303.117
303.141
303.148
303.15
303.15
303.15
303.15
303.15
303.15
303.15
303.15
303.15
303.15
303.15
303.149
303.145
303.134
303.103
303.006
303.018
303.117
303.142
303.148
303.15
303.15
303.15
303.15
303.15
303.15
303.15
303.15
303.15
303.15
303.15
303.149
303.146
303.135
303.104
303.008
303.02
303.118
303.142
303.148
303.15
303.15
303.15
303.15
303.15
303.15
303.15
303.15
303.15
303.15
303.15
303.149
303.146
303.135
303.105
303.01
303.021
303.119
303.142
303.149
303.15
303.15
303.15
303.15
303.15
303.15
303.15
303.15
303.15
303.15
303.15
303.149
303.146
303.136
303.107
303.012
303.023
303.12
303.142
303.149
303.15
303.15
303.15
303.15
303.15
303.15
303.15
303.15
303.15
303.15
303.15
303.149
303.146
303.136
303.108
303.014
303.024
303.12
303.143
303.149
303.15
303.15
303.15
303.15
303.15
303.15
303.15
303.15
303.15
303.15
303.15
303.149
303.147
303.137
303.109
303.016
303.025
303.121
303.143
303.149
303.15
303.15
303.15
303.15
303.15
303.15
303.15
303.15
303.15
303.15
303.15
303.149
303.147
303.138
303.11
303.019
303.027
303.122
303.143
303.149
303.15
303.15
303.15
303.15
303.15
303.15
303.15
303.15
303.15
303.15
303.15
303.149
303.147
303.138
303.112
303.021
303.028
303.122
303.143
303.149
303.15
303.15
303.15
303.15
303.15
303.15
303.15
303.15
303.15
303.15
303.15
303.149
303.147
303.139
303.113
303.023
303.029
303.123
303.144
303.149
303.15
303.15
303.15
303.15
303.15
303.15
303.15
303.15
303.15
303.15
303.15
303.15
303.148
303.14
303.114
303.025
299.921
299.886
299.853
299.831
299.828
299.853
299.904
299.963
299.992
299.983
299.99
300.004
300.015
300.021
300.021
300.003
299.922
299.657
299.084
298.3
299.928
299.896
299.863
299.841
299.839
299.863
299.911
299.965
299.988
299.98
299.987
300.002
300.014
300.021
300.021
300.003
299.92
299.648
299.063
298.268
299.936
299.906
299.875
299.853
299.85
299.873
299.916
299.961
299.979
299.976
299.985
300.001
300.014
300.02
300.021
300.003
299.916
299.633
299.036
298.232
299.945
299.918
299.888
299.867
299.864
299.882
299.919
299.955
299.969
299.971
299.984
300.001
300.014
300.021
300.02
300.001
299.909
299.613
299.001
298.192
299.954
299.93
299.903
299.883
299.879
299.893
299.922
299.949
299.96
299.967
299.984
300.002
300.015
300.021
300.02
299.999
299.898
299.587
298.959
298.147
299.962
299.942
299.918
299.9
299.894
299.905
299.926
299.946
299.955
299.966
299.986
300.004
300.016
300.021
300.02
299.996
299.885
299.553
298.91
298.098
299.97
299.953
299.933
299.917
299.911
299.918
299.933
299.948
299.956
299.97
299.99
300.007
300.017
300.022
300.019
299.991
299.867
299.512
298.852
298.044
299.977
299.964
299.947
299.933
299.928
299.932
299.942
299.953
299.961
299.976
299.995
300.01
300.019
300.022
300.018
299.985
299.845
299.463
298.788
297.987
299.983
299.974
299.96
299.949
299.944
299.946
299.954
299.962
299.97
299.985
300.001
300.013
300.02
300.022
300.017
299.976
299.817
299.405
298.717
297.927
299.989
299.982
299.972
299.963
299.959
299.96
299.966
299.973
299.98
299.993
300.006
300.016
300.021
300.022
300.014
299.965
299.782
299.338
298.64
297.864
299.994
299.99
299.982
299.975
299.972
299.973
299.978
299.983
299.99
300.001
300.011
300.018
300.022
300.022
300.011
299.951
299.74
299.263
298.558
297.801
299.998
299.996
299.991
299.986
299.984
299.985
299.988
299.993
299.999
300.007
300.015
300.02
300.023
300.022
300.007
299.932
299.689
299.178
298.472
297.737
300.001
300.001
299.998
299.995
299.993
299.994
299.997
300.001
300.006
300.012
300.018
300.021
300.023
300.021
300.001
299.907
299.629
299.085
298.385
297.673
300.004
300.005
300.003
300.002
300.001
300.002
300.004
300.008
300.011
300.016
300.02
300.022
300.023
300.019
299.992
299.876
299.557
298.985
298.296
297.609
300.006
300.008
300.008
300.007
300.007
300.008
300.01
300.012
300.015
300.018
300.021
300.023
300.023
300.017
299.98
299.836
299.474
298.878
298.209
297.547
300.007
300.011
300.011
300.011
300.011
300.012
300.014
300.016
300.018
300.02
300.022
300.023
300.022
300.014
299.964
299.786
299.379
298.766
298.124
297.487
300.008
300.012
300.013
300.014
300.014
300.015
300.017
300.018
300.02
300.021
300.022
300.023
300.022
300.009
299.942
299.725
299.273
298.653
298.044
297.428
300.008
300.013
300.015
300.016
300.017
300.018
300.019
300.02
300.021
300.022
300.022
300.023
300.02
300.002
299.913
299.651
299.158
298.541
297.97
297.372
300.009
300.014
300.016
300.017
300.018
300.019
300.02
300.021
300.021
300.022
300.022
300.022
300.019
299.991
299.874
299.563
299.035
298.433
297.901
297.319
300.008
300.014
300.017
300.018
300.019
300.02
300.02
300.021
300.022
300.022
300.022
300.022
300.016
299.977
299.824
299.462
298.908
298.331
297.84
297.267
300.008
300.014
300.017
300.018
300.019
300.02
300.021
300.021
300.022
300.022
300.022
300.021
300.012
299.956
299.761
299.347
298.779
298.238
297.785
297.217
300.007
300.014
300.017
300.018
300.019
300.02
300.021
300.021
300.021
300.021
300.021
300.02
300.006
299.928
299.684
299.221
298.653
298.155
297.737
297.168
300.006
300.013
300.016
300.018
300.019
300.02
300.02
300.021
300.021
300.021
300.021
300.019
299.997
299.89
299.59
299.086
298.532
298.083
297.694
297.121
300.004
300.012
300.016
300.017
300.019
300.02
300.02
300.02
300.021
300.021
300.02
300.017
299.985
299.839
299.48
298.946
298.419
298.022
297.655
297.075
300.003
300.011
300.015
300.017
300.018
300.019
300.02
300.02
300.02
300.02
300.02
300.014
299.966
299.773
299.354
298.803
298.319
297.971
297.62
297.029
300.001
300.01
300.014
300.016
300.018
300.019
300.019
300.02
300.02
300.02
300.019
300.01
299.939
299.691
299.214
298.664
298.232
297.93
297.588
296.984
299.999
300.009
300.013
300.015
300.017
300.018
300.019
300.019
300.019
300.019
300.018
300.003
299.903
299.59
299.066
298.534
298.16
297.898
297.558
296.939
299.996
300.007
300.012
300.014
300.016
300.017
300.018
300.018
300.019
300.018
300.017
299.994
299.855
299.474
298.914
298.418
298.103
297.873
297.53
296.895
299.994
300.006
300.011
300.014
300.015
300.017
300.018
300.018
300.018
300.018
300.015
299.98
299.794
299.345
298.768
298.32
298.061
297.854
297.502
296.852
299.991
300.004
300.009
300.013
300.015
300.016
300.017
300.017
300.018
300.017
300.013
299.962
299.722
299.211
298.634
298.241
298.032
297.839
297.476
296.811
299.988
300.002
300.008
300.012
300.014
300.016
300.016
300.017
300.017
300.017
300.01
299.939
299.64
299.077
298.516
298.181
298.012
297.827
297.451
296.77
299.985
300
300.007
300.011
300.014
300.015
300.016
300.016
300.017
300.016
300.006
299.91
299.551
298.948
298.416
298.136
297.999
297.817
297.426
296.73
299.981
299.999
300.006
300.01
300.013
300.015
300.016
300.016
300.016
300.015
300.001
299.876
299.457
298.828
298.333
298.104
297.991
297.808
297.402
296.691
299.978
299.997
300.005
300.01
300.013
300.014
300.015
300.015
300.015
300.014
299.994
299.836
299.36
298.716
298.265
298.081
297.986
297.799
297.378
296.654
299.974
299.995
300.004
300.009
300.012
300.014
300.015
300.015
300.014
300.012
299.986
299.791
299.259
298.613
298.209
298.064
297.983
297.791
297.355
296.617
299.971
299.994
300.004
300.009
300.012
300.013
300.014
300.014
300.013
300.011
299.975
299.739
299.157
298.519
298.163
298.053
297.981
297.784
297.332
296.582
299.967
299.993
300.003
300.009
300.012
300.013
300.014
300.013
300.012
300.009
299.962
299.681
299.054
298.435
298.126
298.045
297.98
297.776
297.31
296.547
299.964
299.992
300.003
300.009
300.011
300.013
300.013
300.012
300.011
300.006
299.947
299.617
298.954
298.362
298.097
298.04
297.979
297.768
297.289
296.514
299.96
299.991
300.003
300.008
300.011
300.012
300.012
300.011
300.009
300.003
299.928
299.548
298.857
298.298
298.074
298.036
297.978
297.761
297.269
296.481
299.957
299.991
300.003
300.008
300.011
300.011
300.011
300.009
300.007
299.998
299.907
299.476
298.766
298.243
298.056
298.033
297.977
297.754
297.249
296.449
299.954
299.991
300.003
300.008
300.01
300.01
300.009
300.007
300.004
299.993
299.884
299.4
298.679
298.195
298.041
298.03
297.976
297.746
297.229
296.419
299.951
299.991
300.003
300.008
300.009
300.009
300.007
300.005
300
299.987
299.857
299.318
298.595
298.153
298.028
298.027
297.974
297.739
297.21
296.389
299.949
299.991
300.004
300.008
300.008
300.007
300.005
300.002
299.996
299.978
299.823
299.228
298.513
298.115
298.017
298.025
297.972
297.732
297.192
296.359
299.947
299.992
300.004
300.007
300.007
300.006
300.003
299.999
299.991
299.968
299.781
299.129
298.435
298.081
298.008
298.022
297.969
297.724
297.175
296.331
299.945
299.992
300.004
300.006
300.006
300.003
300
299.995
299.985
299.956
299.729
299.024
298.361
298.053
297.999
298.019
297.966
297.717
297.157
296.303
299.943
299.993
300.004
300.005
300.004
300.001
299.997
299.991
299.979
299.943
299.667
298.92
298.297
298.029
297.992
298.015
297.963
297.709
297.141
296.276
299.942
299.994
300.004
300.004
300.002
299.998
299.993
299.987
299.972
299.928
299.597
298.824
298.242
298.01
297.986
298.011
297.959
297.702
297.125
296.25
299.941
299.995
300.003
300.003
300
299.995
299.99
299.982
299.965
299.912
299.525
298.74
298.198
297.995
297.98
298.007
297.954
297.695
297.11
296.224
299.94
299.995
300.002
300.001
299.998
299.992
299.986
299.978
299.958
299.896
299.454
298.67
298.164
297.983
297.974
298.002
297.949
297.687
297.095
296.2
299.939
299.996
300.002
300
299.995
299.99
299.983
299.974
299.952
299.88
299.387
298.613
298.137
297.973
297.969
297.997
297.944
297.68
297.081
296.177
299.939
299.996
300.001
299.998
299.993
299.987
299.98
299.97
299.946
299.864
299.325
298.567
298.116
297.965
297.963
297.992
297.939
297.673
297.068
296.155
299.939
299.996
299.999
299.996
299.99
299.984
299.977
299.967
299.94
299.849
299.267
298.53
298.101
297.959
297.958
297.986
297.933
297.666
297.055
296.133
299.938
299.995
299.998
299.994
299.988
299.981
299.974
299.963
299.935
299.834
299.214
298.502
298.089
297.953
297.953
297.979
297.927
297.659
297.044
296.113
299.938
299.995
299.997
299.993
299.986
299.979
299.971
299.96
299.929
299.818
299.167
298.48
298.08
297.948
297.947
297.973
297.92
297.652
297.033
296.094
299.938
299.994
299.996
299.991
299.984
299.977
299.969
299.956
299.922
299.802
299.125
298.464
298.073
297.944
297.942
297.966
297.913
297.645
297.022
296.076
299.938
299.993
299.995
299.989
299.982
299.975
299.966
299.952
299.913
299.783
299.088
298.451
298.068
297.94
297.936
297.959
297.906
297.638
297.012
296.059
299.937
299.992
299.993
299.988
299.981
299.973
299.964
299.946
299.9
299.755
299.059
298.441
298.064
297.936
297.93
297.952
297.899
297.631
297.003
296.044
299.936
299.991
299.992
299.987
299.979
299.971
299.96
299.937
299.877
299.707
299.04
298.433
298.06
297.932
297.925
297.944
297.891
297.624
296.995
296.029
299.934
299.99
299.991
299.986
299.978
299.969
299.955
299.921
299.836
299.634
299.028
298.427
298.056
297.928
297.919
297.937
297.883
297.617
296.987
296.016
299.932
299.988
299.99
299.984
299.977
299.967
299.948
299.899
299.782
299.561
299.019
298.422
298.053
297.924
297.914
297.929
297.875
297.61
296.98
296.004
299.93
299.986
299.988
299.983
299.975
299.964
299.94
299.876
299.734
299.506
299.013
298.418
298.049
297.921
297.908
297.921
297.867
297.603
296.973
295.993
299.927
299.984
299.987
299.981
299.974
299.962
299.934
299.857
299.701
299.482
299.002
298.412
298.045
297.917
297.902
297.914
297.859
297.596
296.967
295.984
299.923
299.982
299.984
299.98
299.972
299.959
299.929
299.847
299.689
299.496
298.988
298.403
298.039
297.912
297.897
297.906
297.851
297.589
296.962
295.976
299.919
299.979
299.982
299.977
299.969
299.957
299.927
299.847
299.692
299.516
298.971
298.391
298.033
297.908
297.891
297.898
297.842
297.582
296.957
295.97
299.914
299.975
299.979
299.974
299.966
299.954
299.926
299.851
299.7
299.496
298.948
298.376
298.026
297.904
297.886
297.891
297.834
297.575
296.954
295.965
299.909
299.97
299.975
299.97
299.962
299.95
299.925
299.858
299.707
299.433
298.926
298.36
298.018
297.899
297.88
297.883
297.825
297.569
296.951
295.963
299.902
299.965
299.97
299.965
299.957
299.946
299.922
299.864
299.726
299.434
298.908
298.346
298.011
297.895
297.875
297.875
297.817
297.563
296.95
295.962
299.894
299.958
299.964
299.959
299.951
299.939
299.918
299.868
299.742
299.434
298.893
298.335
298.006
297.891
297.869
297.867
297.809
297.558
296.95
295.963
299.886
299.95
299.956
299.952
299.943
299.931
299.912
299.869
299.752
299.431
298.88
298.326
298.001
297.887
297.864
297.86
297.801
297.554
296.952
295.967
299.876
299.941
299.947
299.943
299.934
299.921
299.902
299.866
299.765
299.428
298.869
298.317
297.997
297.884
297.859
297.852
297.793
297.55
296.955
295.973
299.864
299.93
299.937
299.932
299.922
299.908
299.89
299.858
299.772
299.432
298.857
298.309
297.993
297.881
297.854
297.845
297.785
297.546
296.959
295.981
299.852
299.917
299.924
299.919
299.908
299.893
299.874
299.845
299.767
299.423
298.842
298.3
297.989
297.878
297.849
297.837
297.778
297.544
296.965
295.992
299.837
299.903
299.91
299.904
299.892
299.875
299.854
299.827
299.753
299.398
298.821
298.289
297.986
297.875
297.844
297.83
297.77
297.542
296.972
296.004
299.821
299.886
299.893
299.886
299.873
299.854
299.832
299.803
299.73
299.366
298.795
298.276
297.981
297.872
297.839
297.823
297.763
297.54
296.981
296.019
299.803
299.867
299.873
299.865
299.85
299.83
299.805
299.773
299.7
299.332
298.766
298.262
297.976
297.87
297.835
297.815
297.756
297.539
296.991
296.036
299.783
299.845
299.85
299.841
299.824
299.802
299.774
299.739
299.665
299.298
298.737
298.246
297.971
297.867
297.83
297.808
297.75
297.538
297.002
296.055
299.76
299.821
299.825
299.813
299.794
299.769
299.738
299.699
299.625
299.262
298.706
298.23
297.965
297.864
297.825
297.802
297.743
297.538
297.013
296.075
299.735
299.794
299.796
299.782
299.76
299.732
299.698
299.655
299.58
299.223
298.674
298.212
297.959
297.86
297.821
297.795
297.737
297.538
297.026
296.097
299.708
299.764
299.764
299.747
299.722
299.691
299.653
299.606
299.531
299.179
298.64
298.194
297.953
297.857
297.816
297.788
297.73
297.538
297.039
296.121
299.677
299.731
299.729
299.709
299.68
299.646
299.604
299.552
299.476
299.132
298.604
298.175
297.946
297.854
297.812
297.782
297.724
297.538
297.052
296.145
299.645
299.696
299.69
299.667
299.635
299.596
299.55
299.495
299.417
299.081
298.567
298.156
297.939
297.851
297.807
297.775
297.718
297.538
297.066
296.17
299.609
299.658
299.648
299.621
299.585
299.543
299.493
299.434
299.354
299.026
298.529
298.136
297.932
297.847
297.803
297.769
297.712
297.539
297.079
296.196
299.571
299.617
299.604
299.572
299.532
299.486
299.432
299.369
299.288
298.969
298.489
298.117
297.925
297.844
297.799
297.762
297.706
297.538
297.093
296.223
299.531
299.573
299.556
299.52
299.476
299.426
299.368
299.302
299.219
298.91
298.449
298.098
297.919
297.841
297.794
297.756
297.7
297.538
297.106
296.25
299.488
299.526
299.505
299.465
299.416
299.362
299.301
299.232
299.147
298.849
298.409
298.08
297.912
297.837
297.79
297.75
297.693
297.538
297.119
296.277
299.443
299.477
299.451
299.406
299.354
299.296
299.232
299.16
299.075
298.788
298.371
298.062
297.906
297.834
297.786
297.744
297.687
297.537
297.131
296.304
299.396
299.426
299.395
299.345
299.289
299.227
299.16
299.087
299.001
298.727
298.333
298.046
297.901
297.831
297.782
297.738
297.681
297.536
297.143
296.33
299.347
299.373
299.336
299.282
299.222
299.157
299.088
299.013
298.927
298.666
298.296
298.03
297.896
297.828
297.778
297.733
297.675
297.534
297.154
296.357
299.296
299.318
299.276
299.217
299.153
299.086
299.014
298.939
298.854
298.607
298.261
298.016
297.891
297.825
297.775
297.727
297.669
297.533
297.164
296.383
299.244
299.261
299.214
299.15
299.083
299.013
298.941
298.865
298.782
298.549
298.228
298.002
297.886
297.822
297.771
297.722
297.663
297.531
297.174
296.409
299.191
299.204
299.151
299.083
299.012
298.941
298.867
298.791
298.711
298.492
298.197
297.99
297.882
297.82
297.768
297.717
297.657
297.528
297.183
296.434
299.137
299.146
299.087
299.014
298.941
298.868
298.795
298.72
298.641
298.438
298.167
297.978
297.878
297.817
297.764
297.712
297.652
297.526
297.192
296.459
299.083
299.087
299.023
298.946
298.871
298.797
298.724
298.65
298.575
298.387
298.14
297.968
297.874
297.814
297.761
297.707
297.646
297.524
297.201
296.484
299.029
299.029
298.958
298.878
298.801
298.727
298.655
298.583
298.511
298.339
298.115
297.958
297.87
297.812
297.758
297.703
297.641
297.521
297.209
296.508
298.975
298.97
298.895
298.811
298.733
298.659
298.588
298.519
298.45
298.293
298.092
297.95
297.867
297.809
297.754
297.699
297.636
297.519
297.216
296.531
298.922
298.913
298.832
298.746
298.666
298.593
298.524
298.458
298.393
298.251
298.071
297.942
297.864
297.807
297.751
297.694
297.631
297.516
297.224
296.555
298.869
298.856
298.771
298.682
298.602
298.53
298.463
298.4
298.339
298.212
298.052
297.935
297.861
297.804
297.748
297.69
297.626
297.514
297.231
296.578
298.817
298.8
298.711
298.62
298.541
298.47
298.406
298.346
298.289
298.176
298.034
297.928
297.858
297.801
297.745
297.686
297.621
297.511
297.238
296.601
298.766
298.746
298.653
298.561
298.482
298.414
298.352
298.296
298.243
298.143
298.019
297.922
297.855
297.798
297.742
297.682
297.617
297.509
297.245
296.623
298.717
298.694
298.598
298.505
298.427
298.361
298.303
298.25
298.202
298.113
298.004
297.916
297.851
297.795
297.738
297.678
297.613
297.507
297.251
296.645
298.668
298.643
298.545
298.452
298.375
298.312
298.257
298.208
298.164
298.086
297.991
297.911
297.848
297.792
297.734
297.674
297.608
297.505
297.258
296.667
298.621
298.594
298.495
298.402
298.327
298.267
298.215
298.17
298.13
298.062
297.978
297.905
297.844
297.787
297.73
297.669
297.603
297.502
297.264
296.688
298.575
298.548
298.448
298.356
298.283
298.225
298.177
298.136
298.099
298.04
297.967
297.899
297.839
297.783
297.725
297.664
297.599
297.5
297.269
296.708
298.531
298.503
298.405
298.314
298.243
298.188
298.143
298.105
298.073
298.021
297.956
297.892
297.834
297.777
297.719
297.658
297.593
297.497
297.274
296.727
298.488
298.46
298.364
298.276
298.207
298.155
298.113
298.078
298.049
298.003
297.945
297.885
297.828
297.77
297.712
297.652
297.587
297.493
297.278
296.745
298.445
298.418
298.326
298.241
298.175
298.126
298.087
298.055
298.029
297.988
297.935
297.877
297.82
297.762
297.704
297.644
297.581
297.489
297.281
296.76
298.403
298.378
298.292
298.21
298.147
298.1
298.064
298.035
298.011
297.974
297.924
297.868
297.811
297.753
297.694
297.635
297.574
297.485
297.282
296.773
298.362
298.34
298.259
298.182
298.123
298.078
298.044
298.017
297.995
297.96
297.912
297.857
297.8
297.741
297.683
297.625
297.565
297.479
297.282
296.783
298.321
298.301
298.228
298.157
298.101
298.059
298.027
298.002
297.981
297.947
297.9
297.845
297.786
297.728
297.67
297.614
297.556
297.473
297.279
296.79
298.28
298.264
298.199
298.134
298.081
298.042
298.011
297.988
297.967
297.933
297.885
297.829
297.77
297.712
297.655
297.601
297.546
297.465
297.274
296.792
298.239
298.226
298.169
298.111
298.063
298.025
297.997
297.974
297.952
297.916
297.867
297.811
297.751
297.693
297.638
297.587
297.536
297.457
297.267
296.791
298.197
298.187
298.139
298.088
298.044
298.009
297.982
297.959
297.935
297.897
297.846
297.788
297.729
297.672
297.62
297.574
297.527
297.449
297.256
296.784
298.155
298.148
298.107
298.063
298.024
297.991
297.965
297.942
297.915
297.874
297.821
297.762
297.703
297.649
297.602
297.561
297.519
297.441
297.243
296.773
298.111
298.107
298.074
298.035
298
297.97
297.944
297.921
297.89
297.846
297.79
297.731
297.675
297.626
297.586
297.554
297.516
297.435
297.227
296.759
298.065
298.064
298.037
298.004
297.972
297.944
297.918
297.894
297.859
297.811
297.754
297.697
297.647
297.607
297.578
297.555
297.519
297.43
297.208
296.743
298.018
298.019
297.996
297.968
297.94
297.913
297.887
297.861
297.821
297.77
297.714
297.664
297.625
297.6
297.586
297.571
297.533
297.429
297.188
296.726
297.967
297.97
297.952
297.927
297.901
297.874
297.848
297.817
297.774
297.723
297.676
297.641
297.624
297.62
297.62
297.609
297.559
297.431
297.167
296.711
297.912
297.918
297.903
297.88
297.856
297.83
297.802
297.766
297.722
297.681
297.657
297.654
297.668
297.687
297.695
297.672
297.596
297.433
297.145
296.701
298.037
297.871
297.851
297.829
297.804
297.778
297.749
297.712
297.682
297.677
297.702
297.747
297.792
297.819
297.811
297.754
297.634
297.431
297.124
296.697
298.451
297.942
297.837
297.79
297.756
297.725
297.695
297.689
297.726
297.803
297.895
297.974
298.016
298.009
297.949
297.834
297.661
297.42
297.101
296.698
298.875
298.261
297.927
297.811
297.749
297.718
297.781
297.908
298.062
298.202
298.294
298.324
298.29
298.2
298.062
297.883
297.662
297.395
297.077
296.704
299.064
298.929
298.44
298.159
298.196
298.426
298.601
298.722
298.789
298.797
298.744
298.637
298.489
298.308
298.104
297.877
297.628
297.353
297.049
296.714
299.523
299.708
299.826
299.906
299.785
299.655
299.542
299.424
299.288
299.126
298.941
298.737
298.519
298.291
298.055
297.81
297.557
297.293
297.016
296.724
299.833
300.169
300.239
300.147
300.016
299.867
299.699
299.513
299.31
299.095
298.869
298.638
298.404
298.167
297.931
297.693
297.455
297.216
296.977
296.734
299.79
300.341
300.333
300.202
300.026
299.826
299.61
299.384
299.151
298.915
298.678
298.442
298.209
297.981
297.758
297.541
297.33
297.127
296.931
296.744
299.775
300.377
300.374
300.2
299.97
299.718
299.457
299.195
298.935
298.682
298.436
298.2
297.975
297.761
297.559
297.368
297.191
297.028
296.881
296.751
299.947
300.445
300.392
300.155
299.866
299.562
299.259
298.964
298.681
298.414
298.164
297.932
297.718
297.522
297.344
297.184
297.044
296.924
296.827
296.749
300.465
300.594
300.386
300.066
299.715
299.362
299.021
298.698
298.398
298.123
297.873
297.648
297.448
297.273
297.122
296.995
296.893
296.816
296.763
296.697
300.928
300.679
300.328
299.931
299.522
299.125
298.75
298.405
298.092
297.813
297.567
297.354
297.172
297.021
296.898
296.805
296.741
296.702
296.666
296.628
300.97
300.632
300.213
299.755
299.296
298.858
298.454
298.09
297.77
297.491
297.254
297.055
296.894
296.767
296.675
296.615
296.588
296.563
296.562
296.553
300.991
300.571
300.077
299.555
299.044
298.567
298.137
297.76
297.436
297.162
296.937
296.755
296.616
296.516
296.453
296.43
296.413
296.425
296.455
296.474
301.006
300.5
299.926
299.336
298.772
298.258
297.806
297.419
297.095
296.83
296.619
296.457
296.341
296.268
296.236
296.226
296.246
296.29
296.348
296.393
301.018
300.42
299.761
299.1
298.483
297.935
297.465
297.072
296.753
296.499
296.304
296.163
296.071
296.025
296.022
296.038
296.088
296.158
296.24
296.31
301.028
300.333
299.586
298.851
298.183
297.603
297.119
296.725
296.412
296.172
295.995
295.876
295.808
295.788
295.797
295.85
295.931
296.029
296.134
296.226
301.036
300.24
299.401
298.592
297.874
297.268
296.773
296.381
296.079
295.854
295.696
295.597
295.553
295.559
295.596
295.677
295.783
295.903
296.029
296.143
301.042
300.143
299.209
298.326
297.562
296.933
296.433
296.046
295.757
295.549
295.41
295.332
295.309
295.335
295.403
295.512
295.641
295.782
295.927
296.06
301.047
300.043
299.013
298.057
297.251
296.604
296.103
295.726
295.451
295.26
295.139
295.08
295.077
295.116
295.215
295.352
295.505
295.664
295.827
295.978
301.052
299.942
298.814
297.789
296.946
296.287
295.79
295.425
295.165
294.991
294.887
294.846
294.859
294.92
295.044
295.203
295.376
295.552
295.729
295.897
301.055
299.84
298.616
297.525
296.652
295.986
295.497
295.146
294.903
294.745
294.657
294.63
294.656
294.74
294.886
295.065
295.254
295.443
295.633
295.817
301.059
299.741
298.422
297.271
296.372
295.706
295.228
294.894
294.667
294.524
294.45
294.434
294.47
294.573
294.74
294.936
295.139
295.34
295.54
295.737
301.062
299.645
298.235
297.029
296.113
295.45
294.987
294.67
294.459
294.331
294.267
294.258
294.3
294.42
294.604
294.816
295.031
295.241
295.45
295.66
301.066
299.554
298.058
296.804
295.875
295.221
294.774
294.475
294.28
294.163
294.108
294.105
294.15
294.283
294.481
294.705
294.93
295.146
295.361
295.583
301.071
299.47
297.892
296.598
295.662
295.02
294.591
294.309
294.127
294.021
293.972
293.972
294.02
294.162
294.369
294.603
294.835
295.055
295.276
295.509
301.077
299.393
297.742
296.413
295.475
294.847
294.436
294.17
294.002
293.903
293.858
293.859
293.909
294.057
294.27
294.51
294.746
294.969
295.193
295.437
301.084
299.326
297.607
296.25
295.315
294.702
294.309
294.057
293.899
293.807
293.765
293.765
293.817
293.965
294.181
294.425
294.663
294.886
295.113
295.366
301.092
299.269
297.491
296.112
295.18
294.583
294.206
293.967
293.818
293.73
293.689
293.688
293.74
293.886
294.102
294.347
294.585
294.807
295.036
295.298
301.103
299.222
297.393
295.996
295.071
294.488
294.126
293.897
293.754
293.67
293.628
293.625
293.675
293.818
294.032
294.277
294.512
294.732
294.961
295.233
301.116
299.186
297.314
295.905
294.985
294.416
294.065
293.845
293.706
293.623
293.581
293.575
293.622
293.759
293.97
294.212
294.444
294.66
294.89
295.171
301.13
299.162
297.255
295.835
294.922
294.363
294.021
293.807
293.671
293.588
293.545
293.535
293.578
293.709
293.916
294.154
294.381
294.592
294.822
295.111
301.148
299.15
297.214
295.786
294.877
294.327
293.992
293.781
293.646
293.563
293.517
293.505
293.542
293.666
293.867
294.1
294.321
294.527
294.756
295.054
301.167
299.148
297.192
295.757
294.85
294.305
293.974
293.765
293.63
293.545
293.498
293.482
293.513
293.629
293.824
294.051
294.265
294.465
294.694
295
301.19
299.157
297.186
295.745
294.838
294.296
293.967
293.757
293.621
293.535
293.485
293.466
293.49
293.597
293.786
294.006
294.212
294.406
294.635
294.949
301.214
299.176
297.196
295.748
294.839
294.297
293.967
293.756
293.618
293.53
293.477
293.455
293.472
293.57
293.751
293.964
294.162
294.35
294.578
294.9
301.241
299.204
297.221
295.764
294.851
294.306
293.974
293.76
293.62
293.529
293.474
293.449
293.458
293.546
293.72
293.925
294.114
294.296
294.525
294.855
301.269
299.24
297.258
295.792
294.872
294.322
293.986
293.769
293.626
293.532
293.475
293.447
293.447
293.526
293.692
293.888
294.069
294.245
294.474
294.811
301.299
299.284
297.306
295.829
294.9
294.344
294.002
293.781
293.634
293.538
293.478
293.448
293.439
293.509
293.666
293.854
294.026
294.197
294.426
294.771
301.331
299.333
297.363
295.875
294.934
294.369
294.02
293.795
293.645
293.546
293.484
293.451
293.435
293.494
293.643
293.822
293.986
294.151
294.38
294.732
301.365
299.389
297.426
295.926
294.972
294.397
294.041
293.81
293.657
293.555
293.492
293.457
293.432
293.481
293.621
293.792
293.947
294.107
294.337
294.696
301.401
299.452
297.494
295.98
295.013
294.427
294.063
293.826
293.669
293.564
293.501
293.465
293.431
293.47
293.601
293.764
293.911
294.066
294.296
294.661
301.44
299.52
297.565
296.037
295.055
294.457
294.085
293.842
293.681
293.574
293.51
293.477
293.433
293.461
293.583
293.737
293.876
294.027
294.258
294.628
)
;

boundaryField
{
    wall
    {
        type            zeroGradient;
    }
    inlet
    {
        type            fixedValue;
        value           uniform 303.15;
    }
    outlet
    {
        type            inletOutlet;
        inletValue      uniform 300;
        value           nonuniform List<scalar> 
20
(
299.33
299.711
300
300
300
300
300
300
300
300
300
300
300
300.001
300.003
300.007
300.013
300.019
300.023
300.011
)
;
    }
    heatWall
    {
        type            fixedGradient;
        gradient        uniform -1000;
    }
}


// ************************************************************************* //
