/*--------------------------------*- C++ -*----------------------------------*\
  =========                 |
  \\      /  F ield         | OpenFOAM: The Open Source CFD Toolbox
   \\    /   O peration     | Website:  https://openfoam.org
    \\  /    A nd           | Version:  8
     \\/     M anipulation  |
\*---------------------------------------------------------------------------*/
FoamFile
{
    version     2.0;
    format      ascii;
    class       volScalarField;
    location    "1000";
    object      alphat;
}
// * * * * * * * * * * * * * * * * * * * * * * * * * * * * * * * * * * * * * //

dimensions      [1 -1 -1 0 0 0 0];

internalField   nonuniform List<scalar> 
8400
(
0.346683
0.346367
0.346049
0.345729
0.345407
0.345083
0.344756
0.344426
0.344094
0.343757
0.343418
0.343074
0.342727
0.342375
0.342019
0.341659
0.341293
0.340923
0.340547
0.340166
0.33978
0.339388
0.338991
0.338587
0.338178
0.337764
0.337345
0.336925
0.336506
0.336089
0.335676
0.335268
0.334867
0.334476
0.334096
0.333731
0.333384
0.33306
0.332762
0.332497
0.332271
0.332091
0.331969
0.331914
0.331942
0.332072
0.332329
0.332747
0.333369
0.334256
0.147186
0.147252
0.147312
0.147368
0.147422
0.147474
0.147525
0.147574
0.147622
0.147669
0.147715
0.14776
0.147805
0.147849
0.147892
0.147936
0.147981
0.148026
0.148073
0.148122
0.148174
0.148229
0.148288
0.148352
0.148423
0.148501
0.148587
0.148676
0.148769
0.148866
0.148968
0.149076
0.149191
0.149313
0.149444
0.149585
0.149738
0.149904
0.150084
0.150283
0.150501
0.150743
0.151012
0.151312
0.15165
0.152032
0.152467
0.152968
0.153548
0.15423
0.0927447
0.0929212
0.0930976
0.0932735
0.0934487
0.0936232
0.093797
0.0939702
0.0941428
0.0943148
0.0944863
0.0946574
0.094828
0.0949984
0.0951686
0.0953387
0.0955089
0.0956793
0.0958502
0.0960218
0.0961942
0.0963678
0.0965429
0.09672
0.0968997
0.0970824
0.0972668
0.0974516
0.097637
0.0978229
0.0980095
0.0981971
0.0983857
0.0985756
0.098767
0.0989601
0.0991553
0.0993529
0.0995532
0.0997569
0.0999644
0.100176
0.100394
0.100617
0.100847
0.101087
0.101336
0.101598
0.101875
0.102171
0.0871915
0.0873582
0.0875254
0.0876929
0.0878609
0.0880292
0.0881981
0.0883674
0.0885372
0.0887075
0.0888784
0.0890497
0.0892216
0.0893941
0.0895671
0.0897408
0.089915
0.09009
0.0902656
0.090442
0.0906191
0.090797
0.0909757
0.0911551
0.0913351
0.0915157
0.091697
0.0918789
0.0920615
0.0922447
0.0924286
0.0926132
0.0927985
0.0929844
0.0931711
0.0933585
0.0935467
0.0937356
0.0939254
0.0941159
0.0943073
0.0944996
0.0946929
0.0948872
0.0950826
0.0952792
0.0954771
0.0956767
0.095878
0.0960816
0.0873152
0.0874785
0.0876425
0.0878072
0.0879725
0.0881384
0.0883049
0.0884722
0.0886401
0.0888087
0.0889781
0.0891481
0.0893189
0.0894905
0.0896628
0.0898359
0.0900098
0.0901846
0.0903601
0.0905363
0.0907133
0.0908911
0.0910696
0.0912489
0.0914289
0.0916096
0.091791
0.091973
0.0921557
0.092339
0.0925228
0.0927072
0.092892
0.0930772
0.0932627
0.0934485
0.0936344
0.0938203
0.094006
0.0941915
0.0943764
0.0945607
0.0947439
0.0949258
0.095106
0.095284
0.0954593
0.0956313
0.095799
0.0959616
0.0888213
0.0889912
0.0891618
0.0893331
0.0895049
0.0896773
0.0898504
0.0900241
0.0901984
0.0903734
0.0905491
0.0907255
0.0909026
0.0910804
0.0912589
0.0914381
0.0916181
0.0917987
0.0919801
0.0921623
0.0923452
0.0925288
0.0927133
0.0928984
0.0930844
0.093271
0.0934584
0.0936465
0.0938354
0.0940249
0.094215
0.0944058
0.0945972
0.0947891
0.0949815
0.0951743
0.0953676
0.0955611
0.0957548
0.0959485
0.0961423
0.0963359
0.0965291
0.0967218
0.0969138
0.0971048
0.0972945
0.0974827
0.097669
0.0978531
0.0898174
0.0899911
0.0901655
0.0903404
0.090516
0.0906922
0.090869
0.0910465
0.0912247
0.0914035
0.0915831
0.0917635
0.0919445
0.0921264
0.092309
0.0924923
0.0926764
0.0928612
0.0930468
0.0932333
0.0934205
0.0936084
0.0937972
0.0939867
0.0941769
0.0943679
0.0945596
0.094752
0.094945
0.0951387
0.095333
0.0955277
0.0957229
0.0959185
0.0961145
0.0963106
0.0965068
0.0967029
0.0968988
0.0970944
0.0972893
0.0974833
0.0976762
0.0978676
0.098057
0.0982441
0.0984283
0.098609
0.0987855
0.0989569
0.0911689
0.0913487
0.0915292
0.0917104
0.0918922
0.0920746
0.0922576
0.0924413
0.0926256
0.0928106
0.0929963
0.0931828
0.0933699
0.0935578
0.0937464
0.0939357
0.0941258
0.0943167
0.0945084
0.0947008
0.094894
0.095088
0.0952828
0.0954784
0.0956747
0.0958717
0.0960695
0.0962681
0.0964673
0.0966671
0.0968676
0.0970687
0.0972703
0.0974724
0.0976748
0.0978776
0.0980806
0.0982836
0.0984867
0.0986895
0.0988919
0.0990938
0.0992948
0.0994947
0.0996932
0.0998899
0.100084
0.100276
0.100465
0.100651
0.0922858
0.0924706
0.0926562
0.0928424
0.0930292
0.0932166
0.0934046
0.0935933
0.0937826
0.0939727
0.0941634
0.0943549
0.0945471
0.09474
0.0949337
0.0951282
0.0953234
0.0955194
0.0957163
0.0959139
0.0961123
0.0963115
0.0965115
0.0967122
0.0969138
0.0971161
0.0973191
0.0975228
0.0977273
0.0979323
0.098138
0.0983442
0.0985509
0.0987579
0.0989653
0.0991729
0.0993807
0.0995883
0.0997957
0.100003
0.100209
0.100415
0.100619
0.100822
0.101023
0.101221
0.101417
0.101609
0.101798
0.101981
0.0935269
0.0937176
0.0939091
0.0941012
0.0942938
0.0944871
0.094681
0.0948755
0.0950707
0.0952665
0.0954631
0.0956604
0.0958585
0.0960573
0.0962568
0.0964572
0.0966583
0.0968602
0.0970629
0.0972664
0.0974707
0.0976758
0.0978817
0.0980884
0.0982959
0.0985042
0.0987132
0.0989229
0.0991333
0.0993444
0.0995561
0.0997684
0.0999811
0.100194
0.100408
0.100621
0.100835
0.101049
0.101263
0.101476
0.101688
0.1019
0.10211
0.102319
0.102526
0.10273
0.102932
0.10313
0.103324
0.103513
0.0947331
0.09493
0.0951277
0.0953259
0.0955247
0.0957242
0.0959242
0.0961249
0.0963262
0.0965283
0.096731
0.0969345
0.0971386
0.0973436
0.0975493
0.0977558
0.097963
0.0981711
0.09838
0.0985897
0.0988002
0.0990115
0.0992236
0.0994365
0.0996503
0.0998648
0.10008
0.100296
0.100513
0.10073
0.100948
0.101167
0.101386
0.101606
0.101826
0.102047
0.102267
0.102488
0.102708
0.102928
0.103148
0.103367
0.103584
0.103801
0.104015
0.104228
0.104438
0.104645
0.104848
0.105047
0.0958839
0.0960867
0.0962902
0.0964941
0.0966986
0.0969037
0.0971094
0.0973158
0.0975227
0.0977304
0.0979388
0.0981478
0.0983576
0.0985682
0.0987795
0.0989916
0.0992045
0.0994182
0.0996327
0.099848
0.100064
0.100281
0.100499
0.100717
0.100937
0.101157
0.101378
0.1016
0.101822
0.102045
0.102269
0.102493
0.102718
0.102943
0.103169
0.103394
0.10362
0.103846
0.104071
0.104296
0.10452
0.104743
0.104964
0.105184
0.105401
0.105616
0.105827
0.106033
0.106235
0.10643
0.0971825
0.0973925
0.0976032
0.0978145
0.0980263
0.0982387
0.0984518
0.0986654
0.0988797
0.0990946
0.0993102
0.0995265
0.0997436
0.0999613
0.10018
0.100399
0.100619
0.10084
0.101062
0.101284
0.101508
0.101732
0.101957
0.102183
0.10241
0.102637
0.102865
0.103095
0.103324
0.103555
0.103787
0.104019
0.104251
0.104485
0.104718
0.104953
0.105187
0.105422
0.105656
0.105891
0.106125
0.106359
0.106592
0.106824
0.107055
0.107284
0.107511
0.107735
0.107956
0.108174
0.0982369
0.0984531
0.09867
0.0988872
0.099105
0.0993233
0.0995421
0.0997615
0.0999815
0.100202
0.100423
0.100645
0.100868
0.101091
0.101315
0.10154
0.101766
0.101992
0.102219
0.102447
0.102676
0.102906
0.103136
0.103367
0.103599
0.103832
0.104066
0.1043
0.104535
0.10477
0.105007
0.105244
0.105481
0.105718
0.105956
0.106194
0.106433
0.10667
0.106908
0.107145
0.107381
0.107615
0.107848
0.108079
0.108307
0.108532
0.108752
0.108968
0.109177
0.109379
0.0998555
0.100081
0.100307
0.100534
0.100761
0.100988
0.101216
0.101445
0.101674
0.101903
0.102133
0.102364
0.102595
0.102827
0.10306
0.103293
0.103527
0.103762
0.103997
0.104233
0.10447
0.104708
0.104946
0.105185
0.105425
0.105666
0.105908
0.10615
0.106392
0.106636
0.10688
0.107125
0.10737
0.107615
0.107861
0.108107
0.108353
0.108599
0.108845
0.109091
0.109336
0.109579
0.109822
0.110064
0.110303
0.110541
0.110776
0.111009
0.111239
0.111466
0.101711
0.101952
0.102193
0.102433
0.102673
0.102913
0.103153
0.103393
0.103633
0.103873
0.104113
0.104353
0.104594
0.104834
0.105075
0.105316
0.105558
0.105799
0.106041
0.106284
0.106526
0.106769
0.107012
0.107256
0.1075
0.107744
0.107988
0.108232
0.108476
0.108719
0.108963
0.109206
0.109448
0.109689
0.109928
0.110166
0.110402
0.110635
0.110864
0.11109
0.111311
0.111527
0.111736
0.111938
0.11213
0.112313
0.112483
0.11264
0.112781
0.112905
0.108741
0.109021
0.109301
0.109579
0.109856
0.110132
0.110406
0.110678
0.11095
0.111219
0.111488
0.111755
0.112022
0.112287
0.112551
0.112814
0.113077
0.113338
0.113599
0.113858
0.114117
0.114375
0.114632
0.114888
0.115142
0.115396
0.115647
0.115897
0.116145
0.11639
0.116633
0.116871
0.117106
0.117336
0.11756
0.117778
0.117987
0.118188
0.118377
0.118554
0.118716
0.118861
0.118986
0.119088
0.119162
0.119206
0.119213
0.119179
0.119097
0.11896
0.131099
0.131504
0.131902
0.132295
0.132682
0.133065
0.133443
0.133816
0.134185
0.13455
0.134911
0.135267
0.13562
0.135969
0.136314
0.136656
0.136994
0.137329
0.137661
0.137989
0.138313
0.138634
0.138951
0.139264
0.139573
0.139876
0.140175
0.140467
0.140752
0.141029
0.141296
0.141553
0.141798
0.142028
0.142241
0.142435
0.142605
0.142748
0.14286
0.142934
0.142965
0.142943
0.142861
0.142707
0.142465
0.14212
0.141647
0.141018
0.140196
0.139127
0.197218
0.197758
0.198308
0.19886
0.199413
0.199966
0.20052
0.201074
0.201628
0.202182
0.202737
0.203293
0.203849
0.204406
0.204964
0.205522
0.206081
0.206641
0.207201
0.207762
0.208323
0.208884
0.209444
0.210004
0.210561
0.211116
0.211668
0.212215
0.212756
0.21329
0.213814
0.214327
0.214826
0.215307
0.215768
0.216203
0.216609
0.216978
0.217304
0.217578
0.21779
0.217928
0.217976
0.217915
0.217721
0.21736
0.216788
0.215942
0.214741
0.213067
0.376327
0.376762
0.377203
0.377648
0.378098
0.378553
0.379013
0.379479
0.379951
0.38043
0.380914
0.381406
0.381904
0.382408
0.38292
0.383439
0.383965
0.384498
0.385038
0.385585
0.386139
0.386701
0.38727
0.387846
0.388429
0.389019
0.389617
0.390221
0.390833
0.391451
0.392076
0.392707
0.393345
0.393988
0.394637
0.39529
0.395948
0.396609
0.397273
0.397938
0.398603
0.399267
0.399927
0.400582
0.401229
0.401864
0.402484
0.403083
0.403655
0.40419
1.08355
1.06874
1.05457
1.04097
1.02789
1.01526
1.00302
0.991132
0.979585
0.968364
0.957455
0.946845
0.936524
0.926481
0.916706
0.907189
0.897922
0.888895
0.880102
0.871533
0.863182
0.855041
0.847103
0.839362
0.831811
0.824445
0.817258
0.810244
0.803398
0.796715
0.79019
0.783819
0.777598
0.771523
0.765589
0.759794
0.754135
0.748608
0.7432
0.737895
0.732686
0.727568
0.722532
0.717569
0.712668
0.707813
0.702982
0.698138
0.693212
0.688076
1.07683
1.05216
1.02859
1.00603
0.984429
0.963764
0.944006
0.9251
0.906993
0.889635
0.872982
0.85699
0.841621
0.826839
0.812612
0.798907
0.785698
0.772956
0.760658
0.74878
0.737301
0.726201
0.715461
0.705064
0.694992
0.68523
0.675764
0.66658
0.657664
0.649004
0.640587
0.632403
0.624441
0.616687
0.609132
0.601765
0.594575
0.587552
0.580699
0.574021
0.567513
0.561168
0.554979
0.54894
0.543044
0.537284
0.531653
0.526142
0.52074
0.51543
1.0768
1.05207
1.02836
1.00568
0.983955
0.963152
0.943214
0.924088
0.905725
0.88808
0.871111
0.854779
0.839049
0.823888
0.809265
0.795152
0.781522
0.768352
0.755619
0.743301
0.731379
0.719833
0.708648
0.697805
0.68729
0.677088
0.667186
0.65757
0.648229
0.639152
0.630326
0.621743
0.613393
0.605267
0.597357
0.589656
0.582155
0.574848
0.567728
0.560788
0.554024
0.547429
0.541
0.53473
0.528616
0.522654
0.516841
0.511174
0.505649
0.500263
1.0768
1.05225
1.02876
1.00628
0.984746
0.964102
0.944292
0.925267
0.906979
0.889389
0.872456
0.856145
0.840423
0.825259
0.810625
0.796494
0.782841
0.769642
0.756875
0.744521
0.732559
0.720972
0.709742
0.698854
0.688293
0.678044
0.668095
0.658432
0.649043
0.639918
0.631046
0.622417
0.614021
0.60585
0.597895
0.590148
0.582602
0.57525
0.568085
0.561101
0.554293
0.547654
0.541181
0.534867
0.52871
0.522704
0.516847
0.511135
0.505565
0.500131
1.0768
1.05225
1.02875
1.00625
0.984678
0.963996
0.944148
0.92509
0.906775
0.889164
0.872218
0.8559
0.840176
0.825016
0.810389
0.796268
0.782628
0.769444
0.756694
0.744358
0.732415
0.720847
0.709637
0.698769
0.688227
0.677997
0.668066
0.658422
0.649051
0.639943
0.631087
0.622474
0.614093
0.605936
0.597994
0.59026
0.582725
0.575384
0.568229
0.561254
0.554453
0.54782
0.541351
0.535041
0.528885
0.522878
0.517018
0.511299
0.505718
0.500271
1.0768
1.05226
1.02879
1.00633
0.984802
0.964168
0.944369
0.925358
0.907088
0.889517
0.872607
0.85632
0.840623
0.825485
0.810876
0.79677
0.783141
0.769965
0.757221
0.744888
0.732947
0.721378
0.710167
0.699295
0.688749
0.678514
0.668577
0.658925
0.649546
0.64043
0.631565
0.622942
0.614551
0.606383
0.59843
0.590684
0.583138
0.575783
0.568614
0.561625
0.554809
0.54816
0.541674
0.535345
0.529169
0.523141
0.517256
0.511511
0.505902
0.500422
1.0768
1.05227
1.0288
1.00634
0.984815
0.964177
0.944371
0.925349
0.907066
0.889482
0.872558
0.856258
0.840548
0.825399
0.81078
0.796665
0.783029
0.769847
0.757099
0.744762
0.732819
0.721249
0.710037
0.699166
0.688621
0.678388
0.668453
0.658804
0.649428
0.640315
0.631454
0.622834
0.614447
0.606283
0.598333
0.59059
0.583047
0.575695
0.568528
0.561541
0.554725
0.548077
0.54159
0.535259
0.529079
0.523046
0.517155
0.511401
0.50578
0.500288
1.0768
1.05227
1.02881
1.00635
0.984836
0.964207
0.944411
0.925401
0.907131
0.889559
0.872648
0.856361
0.840664
0.825526
0.810918
0.796814
0.783187
0.770013
0.757272
0.744942
0.733003
0.721438
0.710229
0.699361
0.688818
0.678585
0.66865
0.659
0.649623
0.640508
0.631643
0.62302
0.614628
0.606459
0.598504
0.590755
0.583204
0.575845
0.568669
0.561672
0.554846
0.548185
0.541685
0.53534
0.529144
0.523093
0.517182
0.511406
0.505762
0.500243
1.0768
1.05227
1.02881
1.00636
0.984842
0.964215
0.94442
0.925409
0.907137
0.889563
0.872648
0.856357
0.840655
0.825512
0.8109
0.79679
0.783158
0.76998
0.757234
0.744899
0.732957
0.721388
0.710176
0.699305
0.688759
0.678524
0.668587
0.658935
0.649556
0.640439
0.631574
0.622949
0.614556
0.606385
0.598429
0.590678
0.583125
0.575762
0.568584
0.561583
0.554753
0.548087
0.541581
0.535229
0.529025
0.522964
0.517042
0.511254
0.505595
0.50006
1.0768
1.05227
1.02881
1.00636
0.984846
0.96422
0.944427
0.925418
0.907148
0.889576
0.872664
0.856375
0.840676
0.825536
0.810926
0.796819
0.78319
0.770014
0.757271
0.744938
0.732998
0.72143
0.71022
0.699349
0.688804
0.678569
0.668632
0.65898
0.6496
0.640482
0.631615
0.622988
0.614593
0.606419
0.598459
0.590704
0.583147
0.575779
0.568595
0.561587
0.554748
0.548074
0.541558
0.535194
0.528978
0.522903
0.516965
0.51116
0.505481
0.499925
1.0768
1.05227
1.02881
1.00636
0.984846
0.96422
0.944426
0.925417
0.907148
0.889576
0.872664
0.856374
0.840675
0.825535
0.810925
0.796818
0.783188
0.770012
0.757268
0.744935
0.732994
0.721426
0.710215
0.699344
0.688797
0.678562
0.668623
0.65897
0.649589
0.640469
0.6316
0.622971
0.614573
0.606396
0.598433
0.590674
0.583112
0.57574
0.56855
0.561535
0.55469
0.548008
0.541482
0.535108
0.52888
0.522793
0.51684
0.511019
0.505323
0.499747
1.0768
1.05227
1.02881
1.00636
0.984842
0.964215
0.944419
0.925408
0.907136
0.889562
0.872647
0.856355
0.840653
0.82551
0.810896
0.796786
0.783153
0.769974
0.757227
0.744891
0.732947
0.721377
0.710163
0.69929
0.688741
0.678504
0.668564
0.658908
0.649525
0.640404
0.631533
0.622902
0.614502
0.606323
0.598357
0.590596
0.583031
0.575655
0.568461
0.561442
0.554591
0.547903
0.54137
0.534988
0.528751
0.522653
0.516689
0.510854
0.505143
0.49955
1.0768
1.05227
1.02881
1.00635
0.984836
0.964206
0.944411
0.9254
0.90713
0.889558
0.872646
0.856358
0.84066
0.825521
0.810913
0.796807
0.783178
0.770004
0.75726
0.744928
0.732987
0.721419
0.710207
0.699334
0.688787
0.678549
0.668609
0.658953
0.649568
0.640445
0.631571
0.622937
0.614534
0.606351
0.59838
0.590613
0.583042
0.575659
0.568458
0.56143
0.55457
0.547871
0.541327
0.534932
0.52868
0.522566
0.516585
0.510731
0.504999
0.499384
1.0768
1.05227
1.0288
1.00634
0.984815
0.964176
0.94437
0.925347
0.907065
0.88948
0.872555
0.856254
0.840544
0.825393
0.810773
0.796656
0.783018
0.769835
0.757084
0.744745
0.732798
0.721225
0.710008
0.699133
0.688582
0.678343
0.668401
0.658743
0.649359
0.640235
0.631361
0.622727
0.614324
0.606141
0.598171
0.590404
0.582833
0.57545
0.568248
0.561219
0.554357
0.547656
0.541109
0.534709
0.528452
0.522332
0.516343
0.510479
0.504736
0.499108
1.0768
1.05226
1.02879
1.00633
0.984802
0.964167
0.944368
0.925357
0.907086
0.889515
0.872603
0.856315
0.840617
0.825477
0.810867
0.796758
0.783127
0.769948
0.757201
0.744864
0.732918
0.721345
0.710127
0.699249
0.688696
0.678453
0.668506
0.658843
0.649452
0.640322
0.631441
0.622799
0.614388
0.606196
0.598217
0.59044
0.582859
0.575465
0.568251
0.56121
0.554335
0.547619
0.541057
0.534641
0.528367
0.522227
0.516217
0.510331
0.504563
0.498909
1.0768
1.05225
1.02875
1.00625
0.984678
0.963995
0.944147
0.925088
0.906773
0.889161
0.872214
0.855895
0.84017
0.825007
0.810379
0.796255
0.782612
0.769425
0.756672
0.744332
0.732384
0.720811
0.709594
0.698719
0.688169
0.67793
0.667989
0.658332
0.648947
0.639823
0.630949
0.622314
0.613909
0.605725
0.597751
0.589981
0.582406
0.575017
0.567808
0.560772
0.553901
0.547188
0.540628
0.534214
0.52794
0.521799
0.515786
0.509896
0.504123
0.498461
1.0768
1.05225
1.02876
1.00628
0.984745
0.964101
0.944291
0.925265
0.906977
0.889385
0.872451
0.856138
0.840415
0.825249
0.810613
0.796478
0.782822
0.769619
0.756848
0.744489
0.732521
0.720928
0.709691
0.698794
0.688224
0.677964
0.668002
0.658325
0.64892
0.639777
0.630884
0.622231
0.613808
0.605606
0.597616
0.58983
0.582239
0.574835
0.567612
0.560562
0.553678
0.546953
0.540382
0.533957
0.527674
0.521526
0.515509
0.509617
0.503847
0.498196
1.0768
1.05207
1.02836
1.00567
0.983955
0.963151
0.943212
0.924086
0.905722
0.888076
0.871106
0.854773
0.839041
0.823878
0.809253
0.795137
0.781505
0.768332
0.755595
0.743273
0.731346
0.719795
0.708604
0.697755
0.687233
0.677024
0.667114
0.657489
0.648139
0.639051
0.630215
0.62162
0.613256
0.605116
0.597189
0.589468
0.581945
0.574613
0.567465
0.560495
0.553696
0.547065
0.540595
0.534282
0.528125
0.52212
0.516267
0.51057
0.505037
0.499683
1.07683
1.05216
1.02859
1.00602
0.984428
0.963763
0.944005
0.925099
0.906992
0.889635
0.872982
0.856991
0.841623
0.826843
0.812617
0.798914
0.785707
0.772969
0.760675
0.748803
0.737331
0.726239
0.71551
0.705125
0.69507
0.685328
0.675886
0.666731
0.65785
0.649233
0.640869
0.632747
0.62486
0.617199
0.609756
0.602525
0.5955
0.588676
0.582047
0.575612
0.569367
0.563312
0.557447
0.551775
0.5463
0.541034
0.535992
0.531206
0.526732
0.522687
1.08355
1.06874
1.05457
1.04097
1.02789
1.01526
1.00302
0.99113
0.979583
0.96836
0.957449
0.946838
0.936515
0.926468
0.91669
0.907169
0.897897
0.888865
0.880065
0.871489
0.863129
0.854978
0.847029
0.839274
0.831708
0.824324
0.817115
0.810077
0.803202
0.796486
0.789924
0.783509
0.777238
0.771104
0.765102
0.759229
0.753479
0.747847
0.742328
0.736918
0.731612
0.726403
0.721288
0.71626
0.711314
0.706442
0.701637
0.69689
0.69219
0.68752
0.463726
0.251407
0.194342
0.186906
0.183043
0.181783
0.179049
0.177365
0.17502
0.173053
0.171035
0.168829
0.167126
0.164658
0.163282
0.160455
0.160173
0.163109
0.207944
0.388744
0.464298
0.252014
0.195036
0.187621
0.183767
0.182497
0.179765
0.178073
0.175728
0.173754
0.171734
0.169523
0.167816
0.165344
0.163963
0.161133
0.160844
0.16378
0.208615
0.389296
0.464875
0.252602
0.195731
0.18834
0.184497
0.183218
0.180488
0.178788
0.176442
0.174461
0.172439
0.170222
0.168512
0.166036
0.164649
0.161816
0.161521
0.164457
0.209282
0.389797
0.465457
0.253183
0.19643
0.189066
0.185233
0.183944
0.181216
0.179508
0.177162
0.175175
0.17315
0.170928
0.169215
0.166735
0.165342
0.162507
0.162205
0.165137
0.209903
0.390305
0.466044
0.253764
0.197133
0.189797
0.185976
0.184676
0.181951
0.180234
0.177888
0.175894
0.173868
0.171641
0.169923
0.167439
0.166041
0.163203
0.162894
0.165817
0.210508
0.39082
0.466636
0.254348
0.197842
0.190535
0.186724
0.185415
0.182692
0.180966
0.178621
0.17662
0.174592
0.172359
0.170638
0.168151
0.166747
0.163907
0.163589
0.166498
0.211106
0.391341
0.467233
0.254936
0.198557
0.191278
0.187479
0.18616
0.183439
0.181705
0.17936
0.177352
0.175322
0.173084
0.171359
0.168868
0.167459
0.164617
0.16429
0.167183
0.211703
0.39187
0.467835
0.255529
0.199277
0.192028
0.18824
0.186911
0.184193
0.18245
0.180105
0.17809
0.176059
0.173816
0.172087
0.169592
0.168177
0.165333
0.164997
0.167872
0.2123
0.392404
0.468442
0.256127
0.200005
0.192784
0.189008
0.187668
0.184953
0.183202
0.180857
0.178835
0.176802
0.174554
0.172821
0.170323
0.168903
0.166056
0.165711
0.168567
0.212901
0.392945
0.469054
0.256731
0.200738
0.193546
0.189782
0.188432
0.18572
0.18396
0.181615
0.179587
0.177551
0.175298
0.173562
0.171061
0.169634
0.166785
0.166431
0.169266
0.213505
0.393493
0.469671
0.25734
0.201479
0.194315
0.190563
0.189202
0.186493
0.184724
0.18238
0.180345
0.178308
0.176049
0.174309
0.171805
0.170373
0.167521
0.167158
0.169972
0.214114
0.394047
0.470294
0.257955
0.202226
0.195091
0.19135
0.189979
0.187273
0.185495
0.183152
0.18111
0.179071
0.176807
0.175064
0.172556
0.171118
0.168264
0.167891
0.170684
0.214727
0.394608
0.470921
0.258576
0.20298
0.195873
0.192144
0.190763
0.18806
0.186273
0.18393
0.181881
0.179841
0.177572
0.175825
0.173314
0.17187
0.169014
0.168631
0.171403
0.215347
0.395175
0.471555
0.259202
0.203741
0.196661
0.192945
0.191553
0.188854
0.187058
0.184715
0.18266
0.180617
0.178344
0.176593
0.174079
0.172629
0.16977
0.169378
0.172128
0.215972
0.395749
0.472193
0.259835
0.204509
0.197457
0.193753
0.192351
0.189654
0.18785
0.185508
0.183445
0.181401
0.179123
0.177368
0.174851
0.173395
0.170534
0.170132
0.17286
0.216603
0.39633
0.472837
0.260474
0.205284
0.19826
0.194568
0.193155
0.190462
0.188648
0.186307
0.184238
0.182192
0.179909
0.17815
0.17563
0.174168
0.171305
0.170893
0.173599
0.217241
0.396918
0.473487
0.261119
0.206066
0.199069
0.19539
0.193966
0.191277
0.189454
0.187113
0.185037
0.18299
0.180702
0.178939
0.176416
0.174948
0.172083
0.171661
0.174344
0.217885
0.397512
0.474142
0.261769
0.206856
0.199885
0.196219
0.194784
0.192098
0.190267
0.187927
0.185844
0.183795
0.181502
0.179735
0.177209
0.175736
0.172868
0.172436
0.175097
0.218536
0.398114
0.474803
0.262426
0.207652
0.200709
0.197056
0.19561
0.192928
0.191087
0.188748
0.186658
0.184607
0.18231
0.180539
0.17801
0.17653
0.17366
0.173219
0.175858
0.219193
0.398722
0.475469
0.263089
0.208456
0.20154
0.197899
0.196442
0.193764
0.191914
0.189576
0.18748
0.185427
0.183125
0.18135
0.178818
0.177333
0.17446
0.174008
0.176626
0.219858
0.399338
0.476141
0.263758
0.209268
0.202378
0.198751
0.197282
0.194608
0.192749
0.190412
0.188309
0.186254
0.183947
0.182169
0.179634
0.178142
0.175268
0.174806
0.177401
0.22053
0.399961
0.47682
0.264434
0.210087
0.203223
0.199609
0.19813
0.19546
0.193592
0.191255
0.189145
0.187089
0.184778
0.182995
0.180457
0.17896
0.176083
0.175611
0.178184
0.22121
0.400591
0.477503
0.265115
0.210913
0.204076
0.200475
0.198985
0.196319
0.194441
0.192106
0.189989
0.187932
0.185616
0.18383
0.181288
0.179785
0.176907
0.176424
0.178975
0.221897
0.401229
0.478193
0.265803
0.211747
0.204937
0.201349
0.199848
0.197185
0.195299
0.192965
0.190841
0.188782
0.186461
0.184671
0.182127
0.180618
0.177738
0.177244
0.179774
0.222591
0.401874
0.478889
0.266497
0.212589
0.205805
0.202231
0.200718
0.19806
0.196165
0.193831
0.191701
0.18964
0.187315
0.185521
0.182974
0.181458
0.178577
0.178073
0.180581
0.223293
0.402527
0.479591
0.267198
0.213438
0.206681
0.203121
0.201596
0.198943
0.197038
0.194706
0.192569
0.190507
0.188177
0.186379
0.18383
0.182307
0.179424
0.178909
0.181396
0.224003
0.403188
0.480299
0.267905
0.214296
0.207564
0.204019
0.202482
0.199833
0.19792
0.195589
0.193445
0.191381
0.189047
0.187245
0.184693
0.183164
0.180279
0.179754
0.182219
0.224721
0.403857
0.481012
0.268618
0.215161
0.208456
0.204924
0.203377
0.200732
0.198809
0.196479
0.194329
0.192263
0.189925
0.188119
0.185564
0.184029
0.181143
0.180607
0.183051
0.225447
0.404533
0.481733
0.269339
0.216034
0.209356
0.205838
0.204279
0.201639
0.199707
0.197378
0.195221
0.193154
0.190812
0.189001
0.186444
0.184903
0.182015
0.181468
0.183891
0.226181
0.405218
0.482459
0.270066
0.216916
0.210263
0.20676
0.20519
0.202554
0.200613
0.198286
0.196122
0.194053
0.191707
0.189892
0.187333
0.185785
0.182896
0.182338
0.18474
0.226924
0.405911
0.483192
0.270799
0.217806
0.21118
0.207691
0.206109
0.203478
0.201528
0.199202
0.197032
0.194961
0.19261
0.190792
0.18823
0.186676
0.183785
0.183217
0.185598
0.227674
0.406612
0.483931
0.27154
0.218704
0.212104
0.20863
0.207036
0.20441
0.202451
0.200126
0.19795
0.195878
0.193522
0.1917
0.189136
0.187575
0.184683
0.184104
0.186464
0.228434
0.407321
0.484676
0.272287
0.219611
0.213037
0.209578
0.207972
0.205351
0.203383
0.201059
0.198876
0.196803
0.194444
0.192617
0.190051
0.188484
0.185591
0.185
0.18734
0.229202
0.408039
0.485428
0.273041
0.220527
0.213978
0.210534
0.208917
0.206301
0.204323
0.202001
0.199812
0.197737
0.195374
0.193543
0.190974
0.189401
0.186507
0.185905
0.188225
0.229979
0.408766
0.486187
0.273803
0.221451
0.214928
0.2115
0.20987
0.207259
0.205273
0.202952
0.200757
0.19868
0.196313
0.194478
0.191907
0.190327
0.187432
0.186819
0.189119
0.230765
0.409501
0.486952
0.274571
0.222384
0.215887
0.212474
0.210833
0.208227
0.206231
0.203913
0.20171
0.199632
0.197261
0.195423
0.19285
0.191263
0.188367
0.187743
0.190022
0.23156
0.410246
0.487723
0.275347
0.223325
0.216855
0.213457
0.211804
0.209204
0.207199
0.204882
0.202673
0.200594
0.198219
0.196376
0.193801
0.192208
0.189311
0.188676
0.190935
0.232365
0.410999
0.488502
0.27613
0.224276
0.217832
0.21445
0.212785
0.21019
0.208176
0.205861
0.203646
0.201565
0.199186
0.197339
0.194763
0.193163
0.190265
0.189618
0.191858
0.233178
0.411762
0.489287
0.276921
0.225237
0.218819
0.215452
0.213775
0.211185
0.209163
0.206849
0.204628
0.202545
0.200163
0.198312
0.195733
0.194127
0.191229
0.19057
0.192791
0.234001
0.412533
0.490079
0.277719
0.226206
0.219814
0.216463
0.214774
0.212191
0.210159
0.207847
0.20562
0.203536
0.20115
0.199294
0.196714
0.195101
0.192202
0.191532
0.193733
0.234834
0.413315
0.490878
0.278525
0.227185
0.220819
0.217484
0.215783
0.213205
0.211164
0.208854
0.206621
0.204536
0.202146
0.200287
0.197705
0.196085
0.193186
0.192505
0.194686
0.235677
0.414106
0.491685
0.279338
0.228173
0.221833
0.218515
0.216802
0.21423
0.21218
0.209871
0.207632
0.205546
0.203153
0.201289
0.198706
0.197079
0.19418
0.193487
0.195649
0.23653
0.414906
0.492498
0.28016
0.229171
0.222858
0.219555
0.217831
0.215264
0.213205
0.210899
0.208654
0.206566
0.20417
0.202302
0.199717
0.198083
0.195184
0.194479
0.196623
0.237393
0.415717
0.493318
0.280989
0.230179
0.223892
0.220606
0.218869
0.216309
0.214241
0.211937
0.209686
0.207596
0.205197
0.203325
0.200738
0.199098
0.196198
0.195482
0.197607
0.238266
0.416537
0.494146
0.281827
0.231197
0.224936
0.221666
0.219918
0.217363
0.215287
0.212985
0.210728
0.208637
0.206235
0.204358
0.201771
0.200123
0.197224
0.196496
0.198602
0.23915
0.417368
0.494981
0.282673
0.232225
0.22599
0.222737
0.220977
0.218429
0.216344
0.214043
0.211781
0.209688
0.207283
0.205402
0.202813
0.201159
0.19826
0.19752
0.199608
0.240044
0.418209
0.495823
0.283527
0.233263
0.227054
0.223819
0.222047
0.219504
0.217411
0.215112
0.212844
0.21075
0.208342
0.206457
0.203867
0.202206
0.199307
0.198556
0.200626
0.240949
0.419061
0.496673
0.284389
0.234312
0.228129
0.22491
0.223127
0.220591
0.218488
0.216192
0.213918
0.211823
0.209412
0.207523
0.204932
0.203265
0.200366
0.199602
0.201654
0.241865
0.419923
0.49753
0.28526
0.235371
0.229215
0.226013
0.224218
0.221688
0.219577
0.217283
0.215004
0.212907
0.210494
0.2086
0.206009
0.204334
0.201436
0.20066
0.202694
0.242792
0.420796
0.498395
0.28614
0.236441
0.230311
0.227127
0.22532
0.222796
0.220677
0.218385
0.2161
0.214003
0.211586
0.209689
0.207096
0.205415
0.202517
0.20173
0.203746
0.243731
0.42168
0.499268
0.287029
0.237521
0.231418
0.228251
0.226432
0.223915
0.221788
0.219498
0.217208
0.21511
0.21269
0.210789
0.208196
0.206507
0.20361
0.202811
0.20481
0.244681
0.422575
0.500149
0.287927
0.238613
0.232536
0.229387
0.227556
0.225046
0.22291
0.220623
0.218328
0.216228
0.213806
0.211901
0.209307
0.207611
0.204715
0.203904
0.205886
0.245643
0.423482
0.501037
0.288833
0.239716
0.233665
0.230534
0.228692
0.226188
0.224044
0.221759
0.219459
0.217358
0.214934
0.213024
0.21043
0.208728
0.205832
0.205009
0.206974
0.246617
0.4244
0.501934
0.289749
0.24083
0.234806
0.231693
0.229839
0.227342
0.22519
0.222907
0.220602
0.2185
0.216074
0.21416
0.211565
0.209856
0.206962
0.206126
0.208075
0.247603
0.42533
0.502838
0.290675
0.241956
0.235958
0.232863
0.230998
0.228508
0.226348
0.224067
0.221757
0.219654
0.217226
0.215308
0.212713
0.210997
0.208104
0.207256
0.209188
0.248602
0.426272
0.503751
0.29161
0.243093
0.237122
0.234046
0.232169
0.229686
0.227518
0.22524
0.222925
0.220821
0.21839
0.216468
0.213873
0.21215
0.209259
0.208398
0.210315
0.249613
0.427226
0.504672
0.292555
0.244242
0.238298
0.23524
0.233352
0.230876
0.2287
0.226425
0.224105
0.222
0.219568
0.217642
0.215046
0.213316
0.210426
0.209554
0.211454
0.250636
0.428193
0.505601
0.293509
0.245403
0.239486
0.236447
0.234547
0.232078
0.229895
0.227622
0.225298
0.223192
0.220758
0.218828
0.216233
0.214496
0.211607
0.210723
0.212607
0.251673
0.429172
0.506539
0.294474
0.246577
0.240687
0.237666
0.235755
0.233293
0.231102
0.228832
0.226504
0.224397
0.221961
0.220027
0.217432
0.215688
0.212801
0.211904
0.213773
0.252723
0.430164
0.507486
0.295449
0.247762
0.2419
0.238898
0.236975
0.234521
0.232323
0.230055
0.227723
0.225615
0.223177
0.221239
0.218645
0.216894
0.214009
0.2131
0.214954
0.253787
0.431168
0.508441
0.296434
0.248961
0.243125
0.240142
0.238209
0.235762
0.233556
0.231291
0.228955
0.226846
0.224407
0.222465
0.219871
0.218114
0.215231
0.214309
0.216148
0.254864
0.432186
0.509405
0.297429
0.250172
0.244363
0.2414
0.239455
0.237016
0.234803
0.232541
0.230201
0.228091
0.225651
0.223705
0.221112
0.219347
0.216467
0.215533
0.217356
0.255955
0.433218
0.510378
0.298436
0.251396
0.245615
0.24267
0.240715
0.238283
0.236063
0.233804
0.23146
0.22935
0.226909
0.224959
0.222366
0.220595
0.217717
0.216771
0.21858
0.257061
0.434263
0.511359
0.299453
0.252633
0.24688
0.243954
0.241989
0.239565
0.237338
0.235082
0.232734
0.230622
0.22818
0.226227
0.223635
0.221857
0.218981
0.218023
0.219818
0.258181
0.435322
0.51235
0.300481
0.253884
0.248158
0.245252
0.243276
0.240859
0.238626
0.236373
0.234021
0.23191
0.229467
0.227509
0.224919
0.223134
0.220261
0.21929
0.221071
0.259315
0.436395
0.51335
0.30152
0.255148
0.24945
0.246564
0.244577
0.242168
0.239928
0.237678
0.235323
0.233211
0.230768
0.228807
0.226217
0.224425
0.221555
0.220572
0.222339
0.260465
0.437482
0.51436
0.302571
0.256426
0.250756
0.24789
0.245893
0.243492
0.241245
0.238998
0.23664
0.234527
0.232083
0.230119
0.227531
0.225732
0.222865
0.221869
0.223623
0.26163
0.438585
0.515379
0.303633
0.257718
0.252076
0.24923
0.247222
0.24483
0.242577
0.240333
0.237972
0.235859
0.233414
0.231446
0.22886
0.227055
0.224191
0.223183
0.224923
0.26281
0.439702
0.516407
0.304708
0.259024
0.25341
0.250584
0.248567
0.246182
0.243923
0.241683
0.239319
0.237206
0.234761
0.232789
0.230204
0.228393
0.225532
0.224512
0.226239
0.264007
0.440834
0.517446
0.305794
0.260345
0.254759
0.251954
0.249926
0.24755
0.245285
0.243048
0.240682
0.238568
0.236123
0.234148
0.231565
0.229747
0.226889
0.225857
0.227572
0.265219
0.441982
0.518494
0.306892
0.26168
0.256123
0.253338
0.251301
0.248933
0.246663
0.244429
0.24206
0.239946
0.237501
0.235523
0.232942
0.231117
0.228263
0.227218
0.228921
0.266448
0.443146
0.519552
0.308003
0.26303
0.257502
0.254737
0.252691
0.250331
0.248056
0.245826
0.243454
0.24134
0.238896
0.236914
0.234335
0.232504
0.229654
0.228597
0.230287
0.267694
0.444325
0.52062
0.309127
0.264395
0.258896
0.256152
0.254097
0.251745
0.249465
0.247238
0.244865
0.24275
0.240307
0.238321
0.235745
0.233907
0.231062
0.229992
0.231671
0.268957
0.445521
0.521698
0.310263
0.265776
0.260306
0.257583
0.255518
0.253176
0.25089
0.248667
0.246292
0.244177
0.241735
0.239746
0.237172
0.235328
0.232487
0.231405
0.233073
0.270237
0.446734
0.522787
0.311412
0.267173
0.261732
0.25903
0.256956
0.254622
0.252332
0.250113
0.247736
0.245621
0.243179
0.241188
0.238617
0.236767
0.23393
0.232836
0.234492
0.271536
0.447963
0.523886
0.312575
0.268585
0.263174
0.260493
0.258411
0.256085
0.25379
0.251575
0.249197
0.247083
0.244642
0.242647
0.240079
0.238223
0.23539
0.234285
0.23593
0.272852
0.44921
0.524995
0.313751
0.270014
0.264633
0.261973
0.259882
0.257566
0.255266
0.253055
0.250676
0.248561
0.246122
0.244125
0.24156
0.239697
0.23687
0.235752
0.237387
0.274186
0.450475
0.526116
0.314941
0.271459
0.266108
0.263469
0.26137
0.259063
0.256759
0.254552
0.252172
0.250058
0.24762
0.24562
0.243058
0.24119
0.238367
0.237238
0.238863
0.27554
0.451757
0.527247
0.316145
0.27292
0.2676
0.264982
0.262876
0.260577
0.25827
0.256067
0.253686
0.251573
0.249137
0.247134
0.244576
0.242702
0.239884
0.238743
0.240358
0.276913
0.453058
0.52839
0.317364
0.274399
0.269109
0.266513
0.264399
0.26211
0.259799
0.2576
0.255219
0.253106
0.250672
0.248667
0.246113
0.244232
0.241421
0.240267
0.241873
0.278305
0.454377
0.529543
0.318597
0.275895
0.270636
0.268062
0.265941
0.263661
0.261347
0.259152
0.256771
0.254659
0.252227
0.250219
0.247669
0.245783
0.242977
0.241811
0.243409
0.279718
0.455715
0.530709
0.319844
0.277409
0.272181
0.269629
0.2675
0.26523
0.262913
0.260722
0.258342
0.25623
0.253801
0.251791
0.249245
0.247353
0.244553
0.243376
0.244965
0.28115
0.457073
0.531885
0.321107
0.27894
0.273744
0.271214
0.269078
0.266817
0.264498
0.262312
0.259932
0.257821
0.255395
0.253382
0.250841
0.248944
0.24615
0.244961
0.246542
0.282604
0.45845
0.533073
0.322385
0.28049
0.275326
0.272817
0.270676
0.268424
0.266103
0.263921
0.261542
0.259432
0.257009
0.254994
0.252457
0.250555
0.247767
0.246567
0.24814
0.284079
0.459848
0.534273
0.323679
0.282058
0.276926
0.27444
0.272292
0.27005
0.267727
0.26555
0.263172
0.261064
0.258643
0.256627
0.254095
0.252187
0.249407
0.248195
0.249761
0.285576
0.461266
0.535485
0.324989
0.283645
0.278546
0.276082
0.273928
0.271696
0.269372
0.2672
0.264823
0.262716
0.260299
0.258281
0.255754
0.253841
0.251067
0.249845
0.251403
0.287094
0.462705
0.53671
0.326315
0.285251
0.280185
0.277743
0.275585
0.273362
0.271037
0.26887
0.266494
0.264389
0.261976
0.259956
0.257435
0.255517
0.252751
0.251517
0.253069
0.288636
0.464165
0.537946
0.327658
0.286877
0.281844
0.279425
0.277261
0.275049
0.272723
0.27056
0.268187
0.266083
0.263675
0.261653
0.259138
0.257216
0.254456
0.253212
0.254758
0.2902
0.465647
0.539196
0.329018
0.288522
0.283523
0.281126
0.278959
0.276756
0.27443
0.272273
0.269902
0.2678
0.265395
0.263373
0.260863
0.258937
0.256185
0.25493
0.25647
0.291789
0.467152
0.540457
0.330394
0.290188
0.285223
0.282849
0.280677
0.278485
0.276158
0.274007
0.271639
0.269539
0.267139
0.265116
0.262612
0.260681
0.257938
0.256672
0.258206
0.293401
0.468679
0.541732
0.331789
0.291874
0.286943
0.284593
0.282417
0.280236
0.277909
0.275763
0.273398
0.2713
0.268906
0.266882
0.264384
0.26245
0.259714
0.258438
0.259968
0.295038
0.470229
0.54302
0.333201
0.293581
0.288686
0.286358
0.284179
0.282008
0.279683
0.277542
0.275181
0.273085
0.270696
0.268671
0.266181
0.264242
0.261515
0.260228
0.261754
0.2967
0.471803
0.544321
0.334631
0.29531
0.29045
0.288145
0.285963
0.283803
0.281479
0.279344
0.276987
0.274894
0.27251
0.270485
0.268001
0.266059
0.263341
0.262044
0.263566
0.298387
0.473402
0.545636
0.33608
0.29706
0.292236
0.289954
0.287771
0.285621
0.283298
0.28117
0.278816
0.276726
0.274348
0.272323
0.269847
0.267902
0.265193
0.263886
0.265405
0.300101
0.475025
0.546964
0.337548
0.298832
0.294044
0.291786
0.289601
0.287462
0.285142
0.283019
0.280671
0.278584
0.276212
0.274187
0.271719
0.26977
0.267071
0.265754
0.26727
0.301842
0.476673
0.548307
0.339036
0.300627
0.295876
0.293641
0.291455
0.289327
0.28701
0.284893
0.28255
0.280466
0.278101
0.276077
0.273616
0.271665
0.268975
0.26765
0.269163
0.303611
0.478347
0.549663
0.340543
0.302444
0.297731
0.29552
0.293333
0.291216
0.288902
0.286792
0.284454
0.282374
0.280016
0.277993
0.275541
0.273587
0.270907
0.269572
0.271084
0.305407
0.480047
0.551034
0.34207
0.304285
0.299611
0.297423
0.295236
0.29313
0.29082
0.288717
0.286385
0.284308
0.281958
0.279935
0.277492
0.275536
0.272867
0.271523
0.273034
0.307232
0.481774
0.552419
0.343618
0.30615
0.301514
0.29935
0.297164
0.29507
0.292763
0.290667
0.288342
0.286269
0.283927
0.281905
0.279471
0.277513
0.274855
0.273502
0.275012
0.309087
0.483528
0.553819
0.345187
0.308039
0.303442
0.301302
0.299117
0.297035
0.294733
0.292644
0.290326
0.288258
0.285923
0.283903
0.281479
0.279518
0.276872
0.275511
0.277021
0.310972
0.485311
0.555234
0.346777
0.309953
0.305396
0.30328
0.301096
0.299026
0.29673
0.294648
0.292337
0.290274
0.287948
0.28593
0.283515
0.281554
0.278918
0.277549
0.27906
0.312887
0.487122
0.556664
0.348389
0.311891
0.307375
0.305283
0.303102
0.301044
0.298754
0.29668
0.294377
0.292318
0.290001
0.287986
0.285581
0.283619
0.280995
0.279619
0.281131
0.314834
0.488963
0.55811
0.350023
0.313856
0.309381
0.307313
0.305135
0.303089
0.300806
0.29874
0.296445
0.294391
0.292084
0.290071
0.287677
0.285714
0.283103
0.28172
0.283233
0.316813
0.490834
0.559571
0.351681
0.315846
0.311414
0.30937
0.307196
0.305162
0.302886
0.300828
0.298542
0.296495
0.294197
0.292187
0.289804
0.287841
0.285243
0.283852
0.285368
0.318826
0.492735
0.561049
0.353361
0.317864
0.313474
0.311455
0.309285
0.307264
0.304995
0.302946
0.30067
0.298628
0.296341
0.294335
0.291963
0.29
0.287415
0.286018
0.287537
0.320872
0.494668
0.562542
0.355065
0.319908
0.315562
0.313567
0.311403
0.309394
0.307134
0.305094
0.302827
0.300792
0.298516
0.296514
0.294154
0.292191
0.289621
0.288217
0.28974
0.322952
0.496632
0.564052
0.356794
0.32198
0.317679
0.315708
0.31355
0.311555
0.309304
0.307272
0.305017
0.302988
0.300724
0.298725
0.296378
0.294416
0.29186
0.29045
0.291978
0.325069
0.49863
0.565579
0.358547
0.324081
0.319824
0.317878
0.315727
0.313745
0.311504
0.309482
0.307238
0.305216
0.302964
0.30097
0.298636
0.296676
0.294134
0.292719
0.294251
0.327221
0.500661
0.567123
0.360325
0.32621
0.321999
0.320079
0.317935
0.315966
0.313736
0.311724
0.309491
0.307478
0.305237
0.303249
0.300928
0.29897
0.296443
0.295023
0.296562
0.329411
0.502727
0.568684
0.36213
0.328368
0.324205
0.322309
0.320174
0.318219
0.316
0.313998
0.311778
0.309772
0.307545
0.305562
0.303256
0.3013
0.298788
0.297364
0.29891
0.331639
0.504828
0.570263
0.363961
0.330557
0.326442
0.324571
0.322446
0.320504
0.318298
0.316306
0.314099
0.312102
0.309888
0.307912
0.305619
0.303666
0.301171
0.299743
0.301296
0.333906
0.506965
0.57186
0.365819
0.332776
0.32871
0.326864
0.324749
0.322823
0.320629
0.318648
0.316455
0.314467
0.312267
0.310297
0.30802
0.30607
0.303592
0.302161
0.303722
0.336213
0.509139
0.573475
0.367705
0.335027
0.33101
0.32919
0.327086
0.325174
0.322994
0.321025
0.318846
0.316867
0.314682
0.31272
0.310458
0.308513
0.306052
0.304618
0.306188
0.338561
0.511351
0.575108
0.369619
0.337309
0.333343
0.331549
0.329458
0.32756
0.325395
0.323437
0.321273
0.319305
0.317135
0.315181
0.312935
0.310995
0.308552
0.307116
0.308696
0.340951
0.513601
0.576761
0.371562
0.339624
0.33571
0.333941
0.331863
0.329981
0.327831
0.325886
0.323738
0.32178
0.319627
0.317681
0.315452
0.313517
0.311092
0.309655
0.311246
0.343385
0.515891
0.578432
0.373535
0.341973
0.338112
0.336368
0.334305
0.332439
0.330304
0.328372
0.326241
0.324295
0.322158
0.320221
0.318009
0.31608
0.313675
0.312236
0.31384
0.345863
0.518222
0.580123
0.375538
0.344355
0.340548
0.33883
0.336783
0.334932
0.332815
0.330896
0.328783
0.326848
0.324729
0.322802
0.320608
0.318686
0.3163
0.314862
0.316477
0.348387
0.520595
0.581834
0.377572
0.346772
0.34302
0.341329
0.339298
0.337464
0.335365
0.33346
0.331364
0.329442
0.327341
0.325425
0.32325
0.321335
0.31897
0.317532
0.319161
0.350957
0.52301
0.583565
0.379638
0.349224
0.345529
0.343864
0.34185
0.340033
0.337954
0.336063
0.333987
0.332078
0.329995
0.328091
0.325935
0.324028
0.321684
0.320247
0.321892
0.353575
0.525469
0.585317
0.381737
0.351713
0.348075
0.346437
0.344442
0.342642
0.340583
0.338707
0.336651
0.334756
0.332693
0.330801
0.328664
0.326767
0.324445
0.32301
0.32467
0.356243
0.527973
0.587089
0.383869
0.354239
0.35066
0.349048
0.347074
0.345292
0.343253
0.341393
0.339358
0.337477
0.335434
0.333555
0.33144
0.329553
0.327253
0.325821
0.327498
0.358961
0.530523
0.588883
0.386036
0.356803
0.353284
0.351699
0.349746
0.347982
0.345965
0.344122
0.342108
0.340244
0.338222
0.336356
0.334263
0.332386
0.33011
0.328682
0.330376
0.361731
0.53312
0.590699
0.388238
0.359405
0.355948
0.35439
0.352459
0.350714
0.348721
0.346894
0.344903
0.343055
0.341055
0.339205
0.337133
0.335269
0.333016
0.331593
0.333306
0.364555
0.535766
0.592536
0.390476
0.362047
0.358652
0.357122
0.355215
0.35349
0.351521
0.349712
0.347745
0.345914
0.343936
0.342102
0.340054
0.338202
0.335974
0.334557
0.33629
0.367433
0.538462
0.594397
0.392751
0.36473
0.361399
0.359897
0.358015
0.35631
0.354366
0.352576
0.350633
0.34882
0.346867
0.345049
0.343024
0.341186
0.338984
0.337574
0.339328
0.370368
0.541208
0.59628
0.395064
0.367454
0.364189
0.362714
0.360859
0.359175
0.357257
0.355487
0.35357
0.351776
0.349847
0.348046
0.346047
0.344224
0.342049
0.340646
0.342422
0.37336
0.544007
0.598187
0.397416
0.37022
0.367022
0.365576
0.363749
0.362086
0.360196
0.358446
0.356556
0.354781
0.352878
0.351097
0.349123
0.347316
0.345168
0.343774
0.345574
0.376412
0.54686
0.600117
0.399808
0.37303
0.3699
0.368483
0.366686
0.365044
0.363183
0.361455
0.359592
0.357839
0.355963
0.354201
0.352254
0.350463
0.348345
0.346961
0.348785
0.379525
0.549768
0.602072
0.402242
0.375885
0.372825
0.371437
0.36967
0.368052
0.36622
0.364515
0.362681
0.36095
0.359101
0.35736
0.355442
0.353669
0.35158
0.350207
0.352057
0.382701
0.552733
0.604052
0.404719
0.378785
0.375796
0.374438
0.372703
0.371109
0.369309
0.367627
0.365822
0.364115
0.362295
0.360576
0.358687
0.356933
0.354875
0.353515
0.355391
0.385941
0.555755
0.606057
0.40724
0.381732
0.378815
0.377487
0.375787
0.374217
0.37245
0.370793
0.369019
0.367336
0.365546
0.36385
0.361991
0.360258
0.358232
0.356885
0.358789
0.389247
0.558838
0.608088
0.409806
0.384727
0.381884
0.380587
0.378922
0.377378
0.375645
0.374013
0.372271
0.370614
0.368855
0.367185
0.365356
0.363645
0.361652
0.36032
0.362254
0.392622
0.561982
0.610146
0.412419
0.387771
0.385004
0.383737
0.38211
0.380592
0.378895
0.37729
0.375581
0.373951
0.372224
0.37058
0.368784
0.367097
0.365138
0.363822
0.365786
0.396066
0.565189
0.61223
0.41508
0.390865
0.388175
0.386941
0.385352
0.383862
0.382201
0.380625
0.378951
0.377349
0.375655
0.374039
0.372276
0.370614
0.36869
0.367392
0.369388
0.399582
0.568461
0.614343
0.417792
0.394012
0.3914
0.390197
0.388649
0.387188
0.385566
0.384019
0.382381
0.380809
0.37915
0.377562
0.375835
0.374199
0.372312
0.371033
0.373061
0.403171
0.571799
0.616484
0.420556
0.397211
0.394679
0.39351
0.392004
0.390573
0.38899
0.387474
0.385873
0.384333
0.38271
0.381153
0.379461
0.377853
0.376004
0.374746
0.376809
0.406836
0.575206
0.618654
0.423374
0.400465
0.398014
0.396879
0.395417
0.394017
0.392475
0.390992
0.38943
0.387922
0.386336
0.384811
0.383158
0.38158
0.37977
0.378534
0.380631
0.410578
0.578683
0.620853
0.426248
0.403775
0.401407
0.400306
0.39889
0.397523
0.396023
0.394574
0.393052
0.391579
0.390032
0.388541
0.386926
0.38538
0.38361
0.382399
0.384531
0.414399
0.582232
0.623084
0.429181
0.407143
0.404858
0.403793
0.402425
0.401092
0.399636
0.398222
0.396742
0.395305
0.393799
0.392343
0.390769
0.389255
0.387528
0.386343
0.388511
0.418301
0.585855
0.625346
0.432175
0.410571
0.408371
0.407342
0.406023
0.404726
0.403316
0.401939
0.400502
0.399102
0.397638
0.39622
0.394687
0.393209
0.391525
0.390368
0.392573
0.422286
0.589553
0.62764
0.435234
0.414059
0.411945
0.410954
0.409687
0.408426
0.407064
0.405726
0.404333
0.402973
0.401552
0.400173
0.398685
0.397244
0.395605
0.394477
0.396719
0.426355
0.59333
0.629967
0.438359
0.417611
0.415583
0.414631
0.413417
0.412195
0.410882
0.409584
0.408238
0.406919
0.405544
0.404206
0.402762
0.401361
0.399769
0.398672
0.400952
0.430511
0.597187
0.632329
0.441556
0.421229
0.419287
0.418376
0.417216
0.416035
0.414772
0.413517
0.412219
0.410943
0.409615
0.40832
0.406923
0.405563
0.404019
0.402955
0.405273
0.434754
0.601125
0.634727
0.444828
0.424914
0.423059
0.422189
0.421087
0.419948
0.418737
0.417526
0.416278
0.415048
0.413768
0.412518
0.41117
0.409853
0.408359
0.40733
0.409684
0.439086
0.605147
0.637162
0.448182
0.428666
0.4269
0.426074
0.42503
0.423935
0.422779
0.421614
0.420418
0.419234
0.418005
0.416802
0.415504
0.414233
0.412791
0.411799
0.414188
0.443508
0.609255
0.639635
0.451623
0.432487
0.430813
0.430032
0.429049
0.428
0.4269
0.425783
0.424641
0.423506
0.422329
0.421175
0.419929
0.418707
0.417318
0.416365
0.418788
0.448021
0.613451
0.642147
0.455157
0.436381
0.4348
0.434065
0.433145
0.432145
0.431103
0.430036
0.428949
0.427865
0.426742
0.425639
0.424448
0.423276
0.421942
0.42103
0.423484
0.452624
0.617735
0.644702
0.458791
0.440349
0.438863
0.438178
0.437322
0.436372
0.43539
0.434375
0.433345
0.432314
0.431247
0.430198
0.429062
0.427944
0.426666
0.425797
0.42828
0.457319
0.622112
0.6473
0.462534
0.444394
0.443005
0.442371
0.441582
0.440684
0.439763
0.438803
0.437832
0.436856
0.435847
0.434853
0.433776
0.432713
0.431493
0.430668
0.433176
0.462102
0.62658
0.649966
0.466363
0.448518
0.447229
0.446648
0.445927
0.445084
0.444227
0.443322
0.442412
0.441493
0.440544
0.439609
0.438591
0.437587
0.436426
0.435648
0.438174
0.466974
0.631143
0.65271
0.470278
0.452725
0.451537
0.451012
0.450361
0.449575
0.448783
0.447937
0.44709
0.44623
0.445342
0.444467
0.44351
0.442567
0.441468
0.440738
0.443276
0.47193
0.6358
0.655541
0.474282
0.457018
0.455933
0.455466
0.454888
0.45416
0.453436
0.452649
0.451867
0.451068
0.450244
0.449431
0.448537
0.447658
0.446622
0.44594
0.448482
0.476966
0.640553
0.658471
0.478381
0.461401
0.46042
0.460013
0.45951
0.458843
0.458188
0.457463
0.456747
0.456011
0.455252
0.454504
0.453675
0.452862
0.45189
0.451258
0.453793
0.482076
0.645401
0.661513
0.482579
0.465877
0.465002
0.464658
0.464231
0.463627
0.463042
0.462381
0.461733
0.461062
0.46037
0.459688
0.458926
0.458182
0.457275
0.456694
0.459208
0.487251
0.650345
0.664683
0.486883
0.470451
0.469683
0.469405
0.469055
0.468515
0.468004
0.467407
0.46683
0.466225
0.465601
0.464988
0.464293
0.463621
0.46278
0.46225
0.464726
0.492476
0.655381
0.668005
0.491299
0.475128
0.474468
0.474256
0.473987
0.473513
0.473076
0.472546
0.472039
0.471503
0.470948
0.470405
0.46978
0.469181
0.468407
0.467928
0.470344
0.497732
0.660507
0.671507
0.495835
0.479913
0.479361
0.479219
0.47903
0.478623
0.478262
0.4778
0.477366
0.476899
0.476415
0.475944
0.475389
0.474866
0.474159
0.473729
0.476058
0.502989
0.665719
0.67523
0.500502
0.484812
0.484368
0.484296
0.484191
0.483852
0.483568
0.483175
0.482814
0.482418
0.482005
0.481608
0.481123
0.480678
0.480038
0.479655
0.481861
0.508203
0.67101
0.679228
0.505311
0.489833
0.489495
0.489494
0.489473
0.489202
0.488997
0.488673
0.488387
0.488063
0.487722
0.4874
0.486985
0.48662
0.486046
0.485708
0.487745
0.513315
0.676367
0.683577
0.510279
0.49498
0.494747
0.494817
0.494882
0.494679
0.494554
0.4943
0.49409
0.493838
0.493569
0.493324
0.492979
0.492696
0.492186
0.491887
0.493695
0.51823
0.681769
0.404904
0.210655
0.137718
0.11876
0.11301
0.111691
0.109572
0.108389
0.106618
0.105242
0.103696
0.10216
0.100832
0.0991225
0.0980346
0.0961177
0.0962879
0.10249
0.155049
0.335384
0.405349
0.208196
0.136325
0.11859
0.113126
0.111927
0.109774
0.108617
0.106818
0.105452
0.103895
0.102356
0.101033
0.0993073
0.0982403
0.0962948
0.0965268
0.102865
0.156041
0.336991
0.405751
0.206349
0.135268
0.118524
0.113275
0.112173
0.109984
0.108852
0.107027
0.10567
0.104103
0.102561
0.101242
0.0995014
0.0984534
0.096482
0.0967681
0.103219
0.15687
0.338242
0.406121
0.204898
0.13446
0.118532
0.113448
0.112427
0.110203
0.109093
0.107244
0.105895
0.104318
0.102773
0.101458
0.0997039
0.098673
0.0966782
0.0970114
0.103554
0.157581
0.339255
0.406466
0.203732
0.133843
0.118597
0.11364
0.112686
0.11043
0.109339
0.107467
0.106127
0.10454
0.102992
0.101681
0.099914
0.0988982
0.0968824
0.0972563
0.103875
0.158203
0.340101
0.40679
0.202787
0.133376
0.118704
0.113848
0.112949
0.110664
0.10959
0.107697
0.106364
0.104768
0.103218
0.10191
0.100131
0.0991283
0.0970936
0.0975026
0.104184
0.158755
0.340823
0.407097
0.202022
0.133028
0.118844
0.114069
0.113217
0.110904
0.109846
0.107933
0.106607
0.105002
0.10345
0.102143
0.100354
0.0993628
0.0973111
0.0977502
0.104484
0.159252
0.341447
0.40739
0.201404
0.132777
0.119011
0.114301
0.113488
0.111149
0.110105
0.108175
0.106854
0.105241
0.103687
0.102382
0.100583
0.0996011
0.0975341
0.097999
0.104776
0.159703
0.341994
0.407672
0.20091
0.132607
0.119199
0.114541
0.113761
0.1114
0.110368
0.108422
0.107105
0.105485
0.103928
0.102624
0.100816
0.0998429
0.0977621
0.0982489
0.105062
0.160116
0.342477
0.407944
0.200521
0.132503
0.119405
0.114789
0.114038
0.111656
0.110633
0.108673
0.10736
0.105733
0.104174
0.10287
0.101054
0.100088
0.0979946
0.0984999
0.105342
0.160499
0.342906
0.408208
0.200222
0.132456
0.119625
0.115044
0.114316
0.111916
0.110902
0.108928
0.107619
0.105985
0.104423
0.10312
0.101296
0.100336
0.0982311
0.0987521
0.105619
0.160856
0.343291
0.408466
0.199998
0.132456
0.119856
0.115304
0.114597
0.112179
0.111173
0.109187
0.10788
0.10624
0.104676
0.103372
0.101542
0.100586
0.0984713
0.0990055
0.105892
0.161191
0.343639
0.408718
0.19984
0.132496
0.120098
0.115569
0.114879
0.112447
0.111447
0.10945
0.108144
0.106499
0.104932
0.103628
0.101791
0.100839
0.0987148
0.09926
0.106162
0.161509
0.343954
0.408967
0.199738
0.132571
0.120349
0.115839
0.115164
0.112717
0.111722
0.109715
0.108412
0.106761
0.105192
0.103886
0.102044
0.101094
0.0989615
0.0995157
0.10643
0.161811
0.344243
0.409212
0.199684
0.132675
0.120607
0.116113
0.11545
0.112991
0.112
0.109984
0.108681
0.107025
0.105453
0.104147
0.102299
0.101351
0.099211
0.0997726
0.106697
0.162101
0.344508
0.409455
0.199672
0.132804
0.120871
0.116391
0.115738
0.113268
0.11228
0.110256
0.108953
0.107292
0.105718
0.104411
0.102557
0.101611
0.0994631
0.100031
0.106962
0.162381
0.344754
0.409696
0.199696
0.132954
0.12114
0.116672
0.116028
0.113547
0.112562
0.11053
0.109227
0.107562
0.105985
0.104676
0.102817
0.101872
0.0997178
0.10029
0.107227
0.162653
0.344982
0.409935
0.19975
0.133123
0.121415
0.116956
0.116319
0.113829
0.112846
0.110807
0.109504
0.107834
0.106254
0.104944
0.10308
0.102135
0.0999749
0.100551
0.107492
0.162917
0.345197
0.410174
0.199831
0.133308
0.121694
0.117242
0.116612
0.114113
0.113132
0.111086
0.109782
0.108108
0.106525
0.105213
0.103345
0.1024
0.100234
0.100813
0.107756
0.163177
0.345399
0.410412
0.199935
0.133507
0.121977
0.117532
0.116907
0.1144
0.113419
0.111367
0.110062
0.108385
0.106799
0.105485
0.103612
0.102667
0.100496
0.101076
0.108021
0.163432
0.345591
0.41065
0.200059
0.133718
0.122264
0.117824
0.117203
0.114689
0.113709
0.111651
0.110345
0.108663
0.107074
0.105759
0.103881
0.102936
0.100759
0.101341
0.108286
0.163684
0.345774
0.410888
0.200201
0.13394
0.122554
0.118118
0.117501
0.11498
0.114
0.111936
0.110629
0.108943
0.107352
0.106034
0.104153
0.103206
0.101024
0.101607
0.108551
0.163935
0.345949
0.411126
0.200357
0.134171
0.122847
0.118415
0.117801
0.115273
0.114293
0.112224
0.110915
0.109226
0.107631
0.106312
0.104426
0.103478
0.101292
0.101875
0.108818
0.164184
0.346117
0.411365
0.200527
0.13441
0.123143
0.118714
0.118102
0.115568
0.114587
0.112514
0.111203
0.10951
0.107913
0.106591
0.104701
0.103752
0.101561
0.102144
0.109085
0.164424
0.346285
0.411605
0.200708
0.134656
0.123441
0.119015
0.118405
0.115865
0.114884
0.112805
0.111492
0.109796
0.108196
0.106871
0.104978
0.104028
0.101832
0.102414
0.109352
0.164654
0.346456
0.411846
0.200899
0.134909
0.123742
0.119318
0.118709
0.116164
0.115181
0.113099
0.111783
0.110084
0.10848
0.107154
0.105256
0.104305
0.102105
0.102686
0.109616
0.164878
0.346629
0.412088
0.201099
0.135167
0.124045
0.119623
0.119015
0.116465
0.115481
0.113394
0.112077
0.110374
0.108767
0.107438
0.105537
0.104583
0.102379
0.102959
0.109877
0.165097
0.346804
0.412331
0.201307
0.135431
0.124351
0.11993
0.119323
0.116768
0.115782
0.113691
0.112371
0.110666
0.109055
0.107724
0.105819
0.104864
0.102656
0.103234
0.110138
0.165313
0.346982
0.412575
0.201521
0.135699
0.124659
0.120239
0.119633
0.117072
0.116085
0.11399
0.112668
0.110959
0.109345
0.108012
0.106103
0.105146
0.102934
0.103509
0.110397
0.165526
0.347161
0.412821
0.201742
0.135971
0.124969
0.12055
0.119944
0.117379
0.11639
0.114291
0.112966
0.111254
0.109637
0.108302
0.106389
0.10543
0.103213
0.103786
0.110656
0.165736
0.347343
0.413068
0.201968
0.136247
0.12528
0.120863
0.120257
0.117687
0.116696
0.114593
0.113266
0.111551
0.109931
0.108593
0.106676
0.105715
0.103495
0.104064
0.110915
0.165944
0.347526
0.413317
0.202199
0.136527
0.125594
0.121178
0.120571
0.117997
0.117005
0.114897
0.113568
0.111849
0.110226
0.108886
0.106965
0.106002
0.103778
0.104344
0.111174
0.166152
0.347712
0.413568
0.202435
0.13681
0.12591
0.121495
0.120887
0.118309
0.117314
0.115203
0.113871
0.11215
0.110523
0.10918
0.107256
0.10629
0.104062
0.104624
0.111433
0.166358
0.347899
0.41382
0.202674
0.137096
0.126228
0.121813
0.121205
0.118622
0.117626
0.115511
0.114176
0.112452
0.110822
0.109476
0.107549
0.106581
0.104349
0.104907
0.111693
0.166564
0.348088
0.414074
0.202918
0.137385
0.126548
0.122133
0.121525
0.118938
0.117939
0.115821
0.114483
0.112755
0.111122
0.109774
0.107843
0.106873
0.104636
0.105191
0.111954
0.16677
0.348279
0.41433
0.203165
0.137676
0.12687
0.122455
0.121846
0.119255
0.118254
0.116132
0.114791
0.113061
0.111424
0.110074
0.108139
0.107167
0.104926
0.105476
0.112215
0.166976
0.348471
0.414587
0.203414
0.13797
0.127193
0.122779
0.122169
0.119574
0.118571
0.116445
0.115101
0.113368
0.111728
0.110375
0.108437
0.107462
0.105217
0.105763
0.112477
0.167182
0.348666
0.414846
0.203667
0.138267
0.127519
0.123105
0.122494
0.119895
0.118889
0.11676
0.115413
0.113677
0.112034
0.110679
0.108736
0.10776
0.10551
0.106052
0.112741
0.167389
0.348862
0.415108
0.203923
0.138566
0.127846
0.123433
0.12282
0.120217
0.119209
0.117077
0.115727
0.113988
0.112341
0.110983
0.109038
0.108059
0.105804
0.106342
0.113005
0.167596
0.34906
0.415371
0.204181
0.138867
0.128175
0.123763
0.123149
0.120542
0.119531
0.117396
0.116043
0.114301
0.11265
0.11129
0.109341
0.108359
0.1061
0.106633
0.113271
0.167804
0.34926
0.415636
0.204442
0.139171
0.128506
0.124094
0.123479
0.120868
0.119855
0.117716
0.11636
0.114615
0.112961
0.111599
0.109645
0.108662
0.106398
0.106927
0.113538
0.168013
0.349461
0.415902
0.204706
0.139476
0.128839
0.124427
0.123811
0.121196
0.120181
0.118038
0.116679
0.114931
0.113274
0.111909
0.109952
0.108966
0.106698
0.107222
0.113807
0.168224
0.349664
0.416171
0.204971
0.139784
0.129174
0.124763
0.124144
0.121526
0.120508
0.118362
0.117
0.115249
0.113588
0.112221
0.11026
0.109272
0.106999
0.107519
0.114077
0.168435
0.349869
0.416442
0.205239
0.140094
0.129511
0.1251
0.12448
0.121858
0.120837
0.118688
0.117323
0.115569
0.113905
0.112535
0.11057
0.10958
0.107302
0.107817
0.114349
0.168648
0.350076
0.416715
0.205509
0.140406
0.129849
0.125439
0.124817
0.122192
0.121168
0.119016
0.117647
0.115891
0.114223
0.11285
0.110882
0.109889
0.107607
0.108117
0.114622
0.168862
0.350284
0.41699
0.205781
0.14072
0.13019
0.12578
0.125157
0.122528
0.121501
0.119346
0.117974
0.116214
0.114543
0.113168
0.111195
0.1102
0.107914
0.108419
0.114896
0.169077
0.350495
0.417267
0.206056
0.141037
0.130532
0.126123
0.125498
0.122866
0.121836
0.119677
0.118302
0.11654
0.114865
0.113487
0.111511
0.110514
0.108222
0.108723
0.115173
0.169294
0.350707
0.417546
0.206332
0.141355
0.130877
0.126468
0.125841
0.123205
0.122172
0.120011
0.118632
0.116867
0.115188
0.113808
0.111828
0.110829
0.108532
0.109028
0.115451
0.169512
0.35092
0.417827
0.206611
0.141675
0.131223
0.126814
0.126186
0.123547
0.122511
0.120346
0.118964
0.117196
0.115514
0.114131
0.112147
0.111145
0.108844
0.109336
0.115731
0.169732
0.351136
0.41811
0.206891
0.141997
0.131571
0.127163
0.126533
0.12389
0.122851
0.120683
0.119298
0.117527
0.115841
0.114456
0.112468
0.111464
0.109158
0.109645
0.116012
0.169953
0.351353
0.418395
0.207174
0.142322
0.131921
0.127514
0.126882
0.124236
0.123194
0.121023
0.119634
0.11786
0.116171
0.114783
0.112791
0.111785
0.109474
0.109956
0.116295
0.170176
0.351572
0.418682
0.207458
0.142648
0.132273
0.127867
0.127232
0.124583
0.123538
0.121364
0.119971
0.118195
0.116502
0.115112
0.113115
0.112107
0.109791
0.110268
0.116581
0.170401
0.351793
0.418971
0.207745
0.142977
0.132627
0.128222
0.127585
0.124932
0.123884
0.121707
0.120311
0.118532
0.116835
0.115443
0.113442
0.112431
0.110111
0.110583
0.116867
0.170627
0.352016
0.419263
0.208034
0.143307
0.132984
0.128579
0.12794
0.125284
0.124232
0.122052
0.120653
0.118871
0.11717
0.115775
0.113771
0.112757
0.110432
0.110899
0.117156
0.170855
0.352241
0.419557
0.208324
0.14364
0.133342
0.128937
0.128297
0.125637
0.124583
0.122399
0.120996
0.119212
0.117507
0.11611
0.114101
0.113086
0.110756
0.111218
0.117447
0.171084
0.352467
0.419852
0.208617
0.143974
0.133702
0.129298
0.128655
0.125993
0.124935
0.122749
0.121342
0.119555
0.117846
0.116446
0.114433
0.113416
0.111081
0.111538
0.117739
0.171316
0.352695
0.42015
0.208911
0.144311
0.134064
0.129662
0.129016
0.12635
0.125289
0.1231
0.121689
0.1199
0.118187
0.116785
0.114768
0.113748
0.111408
0.11186
0.118034
0.171549
0.352925
0.420451
0.209208
0.14465
0.134428
0.130027
0.129379
0.12671
0.125645
0.123453
0.122039
0.120247
0.11853
0.117125
0.115104
0.114082
0.111737
0.112185
0.11833
0.171784
0.353157
0.420753
0.209506
0.144991
0.134795
0.130394
0.129744
0.127072
0.126004
0.123809
0.122391
0.120596
0.118875
0.117468
0.115443
0.114418
0.112069
0.112511
0.118628
0.172021
0.353391
0.421058
0.209807
0.145334
0.135163
0.130764
0.130111
0.127436
0.126364
0.124166
0.122745
0.120947
0.119223
0.117813
0.115783
0.114756
0.112402
0.112839
0.118928
0.172259
0.353627
0.421365
0.210109
0.145679
0.135534
0.131135
0.13048
0.127802
0.126727
0.124526
0.1231
0.1213
0.119572
0.118159
0.116126
0.115096
0.112737
0.113169
0.11923
0.1725
0.353865
0.421674
0.210414
0.146027
0.135907
0.131509
0.130851
0.12817
0.127091
0.124887
0.123458
0.121655
0.119923
0.118508
0.11647
0.115438
0.113074
0.113501
0.119535
0.172742
0.354105
0.421985
0.210721
0.146376
0.136281
0.131885
0.131225
0.12854
0.127458
0.125251
0.123818
0.122012
0.120276
0.118859
0.116817
0.115783
0.113414
0.113835
0.119841
0.172986
0.354346
0.422299
0.211029
0.146728
0.136658
0.132263
0.1316
0.128913
0.127827
0.125617
0.12418
0.122372
0.120632
0.119212
0.117166
0.116129
0.113755
0.114172
0.120149
0.173232
0.35459
0.422614
0.21134
0.147082
0.137038
0.132644
0.131978
0.129288
0.128198
0.125986
0.124545
0.122734
0.12099
0.119567
0.117517
0.116477
0.114099
0.11451
0.120459
0.17348
0.354835
0.422933
0.211652
0.147438
0.137419
0.133026
0.132358
0.129665
0.128571
0.126356
0.124911
0.123097
0.121349
0.119924
0.11787
0.116828
0.114444
0.114851
0.120772
0.17373
0.355083
0.423253
0.211967
0.147796
0.137803
0.133411
0.13274
0.130044
0.128947
0.126729
0.12528
0.123463
0.121711
0.120284
0.118225
0.11718
0.114792
0.115193
0.121086
0.173982
0.355332
0.423576
0.212283
0.148157
0.138188
0.133799
0.133124
0.130425
0.129324
0.127103
0.125651
0.123832
0.122076
0.120645
0.118582
0.117535
0.115142
0.115538
0.121403
0.174236
0.355584
0.423901
0.212602
0.14852
0.138576
0.134188
0.133511
0.130809
0.129704
0.127481
0.126024
0.124202
0.122442
0.121009
0.118942
0.117892
0.115494
0.115885
0.121722
0.174492
0.355837
0.424229
0.212923
0.148885
0.138967
0.13458
0.133899
0.131195
0.130086
0.12786
0.126399
0.124575
0.122811
0.121375
0.119304
0.118252
0.115848
0.116234
0.122042
0.17475
0.356093
0.424558
0.213246
0.149252
0.139359
0.134974
0.134291
0.131584
0.130471
0.128242
0.126777
0.12495
0.123181
0.121743
0.119668
0.118613
0.116205
0.116585
0.122365
0.175009
0.35635
0.424891
0.21357
0.149622
0.139754
0.135371
0.134684
0.131974
0.130857
0.128626
0.127157
0.125327
0.123555
0.122114
0.120034
0.118977
0.116564
0.116938
0.122691
0.175271
0.35661
0.425225
0.213897
0.149994
0.140152
0.13577
0.13508
0.132367
0.131246
0.129012
0.127539
0.125707
0.12393
0.122487
0.120403
0.119343
0.116925
0.117294
0.123018
0.175535
0.356872
0.425562
0.214226
0.150368
0.140551
0.136171
0.135478
0.132763
0.131638
0.129401
0.127923
0.126089
0.124308
0.122862
0.120773
0.119711
0.117288
0.117652
0.123348
0.175801
0.357136
0.425901
0.214557
0.150745
0.140953
0.136575
0.135878
0.133161
0.132031
0.129792
0.12831
0.126473
0.124688
0.123239
0.121147
0.120081
0.117653
0.118012
0.12368
0.17607
0.357402
0.426243
0.21489
0.151124
0.141357
0.136982
0.136281
0.133561
0.132427
0.130185
0.128699
0.12686
0.12507
0.123619
0.121522
0.120454
0.118021
0.118374
0.124014
0.17634
0.35767
0.426587
0.215225
0.151505
0.141764
0.13739
0.136686
0.133964
0.132826
0.130581
0.129091
0.127249
0.125455
0.124001
0.1219
0.120829
0.118391
0.118739
0.124351
0.176612
0.35794
0.426934
0.215562
0.151889
0.142173
0.137801
0.137094
0.134369
0.133227
0.13098
0.129485
0.12764
0.125842
0.124386
0.12228
0.121207
0.118764
0.119106
0.124689
0.176887
0.358212
0.427283
0.215901
0.152275
0.142585
0.138215
0.137504
0.134777
0.13363
0.13138
0.129881
0.128034
0.126232
0.124772
0.122663
0.121587
0.119139
0.119475
0.125031
0.177163
0.358487
0.427634
0.216242
0.152663
0.142999
0.138631
0.137916
0.135187
0.134036
0.131784
0.13028
0.12843
0.126624
0.125162
0.123048
0.121969
0.119516
0.119847
0.125374
0.177442
0.358764
0.427988
0.216585
0.153054
0.143415
0.13905
0.138331
0.1356
0.134444
0.13219
0.130682
0.128829
0.127018
0.125554
0.123435
0.122354
0.119896
0.120221
0.12572
0.177723
0.359043
0.428344
0.21693
0.153448
0.143834
0.139472
0.138749
0.136015
0.134855
0.132598
0.131085
0.12923
0.127415
0.125948
0.123825
0.122741
0.120278
0.120598
0.126068
0.178007
0.359324
0.428703
0.217278
0.153844
0.144256
0.139895
0.139169
0.136433
0.135268
0.133009
0.131492
0.129634
0.127814
0.126345
0.124217
0.12313
0.120663
0.120977
0.126419
0.178292
0.359607
0.429064
0.217627
0.154242
0.14468
0.140322
0.139592
0.136853
0.135684
0.133422
0.1319
0.13004
0.128216
0.126744
0.124612
0.123522
0.12105
0.121358
0.126772
0.17858
0.359893
0.429428
0.217979
0.154643
0.145106
0.140751
0.140017
0.137276
0.136102
0.133838
0.132312
0.130449
0.128621
0.127145
0.12501
0.123917
0.12144
0.121742
0.127128
0.17887
0.36018
0.429794
0.218332
0.155046
0.145535
0.141183
0.140444
0.137702
0.136523
0.134256
0.132726
0.130861
0.129028
0.12755
0.12541
0.124314
0.121832
0.122128
0.127486
0.179162
0.36047
0.430163
0.218688
0.155452
0.145967
0.141617
0.140875
0.13813
0.136946
0.134678
0.133142
0.131275
0.129437
0.127957
0.125812
0.124714
0.122226
0.122517
0.127847
0.179457
0.360763
0.430534
0.219045
0.15586
0.146401
0.142055
0.141308
0.138561
0.137372
0.135101
0.133561
0.131691
0.129849
0.128366
0.126217
0.125116
0.122624
0.122909
0.12821
0.179754
0.361057
0.430908
0.219405
0.156271
0.146838
0.142494
0.141743
0.138994
0.137801
0.135528
0.133983
0.132111
0.130264
0.128778
0.126625
0.12552
0.123024
0.123303
0.128575
0.180053
0.361354
0.431284
0.219767
0.156685
0.147278
0.142937
0.142181
0.139431
0.138233
0.135957
0.134407
0.132533
0.130682
0.129193
0.127035
0.125928
0.123426
0.123699
0.128944
0.180355
0.361653
0.431662
0.22013
0.157101
0.14772
0.143382
0.142622
0.13987
0.138667
0.136389
0.134834
0.132957
0.131102
0.12961
0.127448
0.126338
0.123831
0.124098
0.129314
0.180658
0.361955
0.432043
0.220496
0.157519
0.148165
0.14383
0.143066
0.140311
0.139103
0.136823
0.135264
0.133385
0.131524
0.13003
0.127864
0.12675
0.124239
0.1245
0.129688
0.180965
0.362259
0.432427
0.220864
0.157941
0.148612
0.144281
0.143512
0.140756
0.139543
0.137261
0.135696
0.133815
0.13195
0.130453
0.128282
0.127166
0.124649
0.124905
0.130064
0.181273
0.362565
0.432812
0.221234
0.158365
0.149062
0.144735
0.143961
0.141203
0.139985
0.137701
0.136131
0.134247
0.132378
0.130878
0.128703
0.127584
0.125062
0.125312
0.130442
0.181584
0.362873
0.433201
0.221606
0.158791
0.149515
0.145191
0.144413
0.141653
0.14043
0.138143
0.136569
0.134683
0.132809
0.131306
0.129127
0.128004
0.125478
0.125721
0.130824
0.181897
0.363184
0.433591
0.221981
0.15922
0.149971
0.145651
0.144868
0.142106
0.140878
0.138589
0.13701
0.135121
0.133242
0.131737
0.129553
0.128428
0.125897
0.126134
0.131208
0.182213
0.363497
0.433985
0.222357
0.159652
0.15043
0.146113
0.145325
0.142562
0.141328
0.139038
0.137453
0.135562
0.133679
0.132171
0.129982
0.128854
0.126318
0.126549
0.131594
0.182531
0.363812
0.43438
0.222735
0.160087
0.150891
0.146578
0.145785
0.143021
0.141781
0.139489
0.1379
0.136006
0.134118
0.132607
0.130414
0.129283
0.126742
0.126967
0.131984
0.182851
0.36413
0.434778
0.223116
0.160525
0.151355
0.147046
0.146248
0.143482
0.142237
0.139943
0.138349
0.136453
0.13456
0.133047
0.130849
0.129714
0.127169
0.127387
0.132376
0.183174
0.36445
0.435179
0.223498
0.160965
0.151822
0.147517
0.146714
0.143947
0.142697
0.1404
0.138801
0.136902
0.135005
0.133489
0.131287
0.130149
0.127599
0.127811
0.132771
0.183499
0.364772
0.435581
0.223883
0.161408
0.152292
0.147991
0.147183
0.144414
0.143158
0.14086
0.139255
0.137355
0.135453
0.133934
0.131728
0.130586
0.128031
0.128237
0.133168
0.183826
0.365097
0.435987
0.224269
0.161853
0.152765
0.148468
0.147655
0.144884
0.143623
0.141323
0.139713
0.13781
0.135904
0.134382
0.132171
0.131027
0.128467
0.128666
0.133569
0.184156
0.365424
0.436394
0.224658
0.162302
0.153241
0.148948
0.14813
0.145358
0.144091
0.141789
0.140174
0.138269
0.136357
0.134833
0.132617
0.13147
0.128905
0.129098
0.133972
0.184488
0.365754
0.436804
0.225049
0.162753
0.153719
0.149431
0.148607
0.145834
0.144562
0.142258
0.140637
0.13873
0.136814
0.135286
0.133067
0.131916
0.129346
0.129533
0.134378
0.184823
0.366085
0.437216
0.225442
0.163208
0.154201
0.149917
0.149088
0.146313
0.145035
0.14273
0.141104
0.139194
0.137273
0.135743
0.133519
0.132365
0.12979
0.129971
0.134787
0.18516
0.366419
0.437631
0.225837
0.163665
0.154685
0.150406
0.149571
0.146796
0.145512
0.143205
0.141573
0.139662
0.137736
0.136203
0.133974
0.132817
0.130238
0.130411
0.135199
0.185499
0.366756
0.438048
0.226234
0.164125
0.155173
0.150898
0.150058
0.147281
0.145992
0.143682
0.142046
0.140132
0.138201
0.136665
0.134432
0.133272
0.130688
0.130855
0.135613
0.185841
0.367094
0.438467
0.226633
0.164588
0.155663
0.151393
0.150547
0.14777
0.146474
0.144163
0.142522
0.140605
0.13867
0.137131
0.134894
0.13373
0.131141
0.131301
0.136031
0.186185
0.367435
0.438888
0.227035
0.165054
0.156157
0.151891
0.15104
0.148262
0.14696
0.144648
0.143
0.141082
0.139142
0.1376
0.135358
0.134191
0.131597
0.131751
0.136451
0.186532
0.367778
0.439311
0.227438
0.165523
0.156653
0.152393
0.151536
0.148757
0.147449
0.145135
0.143482
0.141561
0.139616
0.138072
0.135826
0.134655
0.132056
0.132204
0.136875
0.186881
0.368124
0.439737
0.227844
0.165994
0.157153
0.152898
0.152035
0.149255
0.147941
0.145625
0.143967
0.142044
0.140094
0.138547
0.136296
0.135122
0.132519
0.132659
0.137301
0.187232
0.368472
0.440165
0.228251
0.166469
0.157656
0.153405
0.152537
0.149756
0.148436
0.146119
0.144455
0.14253
0.140575
0.139025
0.13677
0.135592
0.132984
0.133118
0.13773
0.187586
0.368822
0.440595
0.228661
0.166947
0.158162
0.153917
0.153042
0.15026
0.148934
0.146615
0.144946
0.143019
0.141059
0.139506
0.137247
0.136065
0.133453
0.13358
0.138163
0.187942
0.369174
0.441027
0.229073
0.167429
0.158671
0.154431
0.15355
0.150768
0.149436
0.147115
0.14544
0.143511
0.141547
0.13999
0.137727
0.136542
0.133925
0.134045
0.138598
0.188301
0.369529
0.441462
0.229487
0.167913
0.159183
0.154949
0.154062
0.151279
0.14994
0.147619
0.145938
0.144007
0.142037
0.140478
0.13821
0.137022
0.1344
0.134513
0.139037
0.188662
0.369886
0.441898
0.229904
0.1684
0.159698
0.15547
0.154576
0.151793
0.150448
0.148125
0.146439
0.144505
0.142531
0.140969
0.138696
0.137504
0.134878
0.134984
0.139478
0.189026
0.370245
0.442337
0.230322
0.168891
0.160217
0.155994
0.155094
0.152311
0.150959
0.148635
0.146943
0.145007
0.143028
0.141463
0.139186
0.137991
0.13536
0.135458
0.139923
0.189392
0.370606
0.442778
0.230743
0.169385
0.160739
0.156522
0.155616
0.152832
0.151474
0.149148
0.14745
0.145513
0.143529
0.141961
0.139679
0.13848
0.135845
0.135936
0.140371
0.18976
0.370969
0.44322
0.231166
0.169882
0.161264
0.157053
0.156141
0.153356
0.151992
0.149665
0.147961
0.146022
0.144032
0.142461
0.140176
0.138973
0.136333
0.136417
0.140822
0.190131
0.371335
0.443665
0.231591
0.170382
0.161793
0.157588
0.156669
0.153884
0.152513
0.150185
0.148475
0.146534
0.14454
0.142966
0.140675
0.139469
0.136824
0.136901
0.141276
0.190505
0.371703
0.444112
0.232018
0.170886
0.162325
0.158126
0.1572
0.154415
0.153038
0.150708
0.148993
0.147049
0.14505
0.143473
0.141179
0.139969
0.137319
0.137389
0.141733
0.190881
0.372073
0.44456
0.232448
0.171393
0.16286
0.158667
0.157735
0.15495
0.153566
0.151235
0.149514
0.147568
0.145564
0.143984
0.141685
0.140472
0.137818
0.13788
0.142194
0.191259
0.372445
0.445011
0.23288
0.171903
0.163399
0.159213
0.158273
0.155488
0.154097
0.151766
0.150038
0.148091
0.146082
0.144499
0.142195
0.140978
0.13832
0.138375
0.142658
0.191641
0.372819
0.445464
0.233314
0.172417
0.163942
0.159761
0.158815
0.15603
0.154632
0.1523
0.150567
0.148617
0.146603
0.145017
0.142709
0.141488
0.138825
0.138872
0.143126
0.192024
0.373196
0.445919
0.23375
0.172934
0.164487
0.160314
0.159361
0.156575
0.155171
0.152837
0.151098
0.149147
0.147127
0.145539
0.143226
0.142001
0.139334
0.139374
0.143597
0.192411
0.373574
0.446375
0.234189
0.173455
0.165037
0.16087
0.15991
0.157124
0.155713
0.153378
0.151633
0.14968
0.147656
0.146064
0.143747
0.142519
0.139847
0.139879
0.144071
0.1928
0.373955
0.446834
0.234631
0.17398
0.16559
0.16143
0.160462
0.157677
0.156259
0.153923
0.152172
0.150217
0.148188
0.146593
0.144272
0.143039
0.140363
0.140387
0.144549
0.193191
0.374338
0.447294
0.235075
0.174508
0.166146
0.161993
0.161018
0.158234
0.156809
0.154472
0.152715
0.150758
0.148723
0.147125
0.1448
0.143564
0.140883
0.1409
0.14503
0.193586
0.374723
0.447757
0.235521
0.175039
0.166707
0.16256
0.161578
0.158794
0.157362
0.155024
0.153261
0.151302
0.149262
0.147662
0.145332
0.144092
0.141406
0.141415
0.145515
0.193983
0.37511
0.448221
0.23597
0.175575
0.167271
0.163132
0.162142
0.159358
0.157919
0.155581
0.153811
0.15185
0.149806
0.148202
0.145867
0.144623
0.141934
0.141935
0.146004
0.194383
0.3755
0.448688
0.236421
0.176114
0.167839
0.163707
0.16271
0.159926
0.15848
0.156141
0.154365
0.152402
0.150353
0.148746
0.146407
0.145159
0.142465
0.142458
0.146496
0.194786
0.375891
0.449156
0.236875
0.176657
0.16841
0.164286
0.163281
0.160498
0.159045
0.156705
0.154923
0.152958
0.150903
0.149293
0.14695
0.145698
0.143
0.142985
0.146992
0.195192
0.376285
0.449627
0.237332
0.177204
0.168986
0.164869
0.163857
0.161074
0.159613
0.157273
0.155485
0.153518
0.151458
0.149845
0.147498
0.146242
0.143539
0.143516
0.147492
0.195601
0.376681
0.450099
0.237791
0.177755
0.169565
0.165456
0.164436
0.161654
0.160186
0.157845
0.156051
0.154082
0.152017
0.150401
0.148049
0.146789
0.144082
0.144051
0.147995
0.196013
0.377079
0.450573
0.238253
0.17831
0.170149
0.166047
0.165019
0.162238
0.160763
0.158421
0.156621
0.15465
0.15258
0.15096
0.148605
0.14734
0.144629
0.14459
0.148503
0.196428
0.377479
0.45105
0.238718
0.178869
0.170736
0.166642
0.165606
0.162827
0.161343
0.159001
0.157194
0.155222
0.153147
0.151524
0.149164
0.147896
0.14518
0.145133
0.149014
0.196846
0.377882
0.451528
0.239186
0.179432
0.171328
0.167241
0.166198
0.163419
0.161928
0.159585
0.157773
0.155798
0.153718
0.152092
0.149728
0.148455
0.145735
0.14568
0.14953
0.197267
0.378287
0.452009
0.239657
0.179999
0.171923
0.167845
0.166794
0.164015
0.162517
0.160174
0.158355
0.156379
0.154293
0.152664
0.150295
0.149019
0.146294
0.146231
0.150049
0.197691
0.378694
0.452491
0.240131
0.18057
0.172523
0.168453
0.167393
0.164616
0.163111
0.160766
0.158941
0.156963
0.154873
0.153241
0.150868
0.149587
0.146858
0.146786
0.150573
0.198119
0.379103
0.452976
0.240608
0.181146
0.173127
0.169065
0.167998
0.165222
0.163708
0.161364
0.159532
0.157552
0.155456
0.153821
0.151444
0.150159
0.147426
0.147346
0.151101
0.19855
0.379515
0.453463
0.241089
0.181726
0.173736
0.169682
0.168606
0.165831
0.16431
0.161965
0.160127
0.158146
0.156045
0.154406
0.152025
0.150736
0.147998
0.14791
0.151633
0.198984
0.379929
0.453952
0.241572
0.182311
0.174349
0.170304
0.169219
0.166446
0.164917
0.162571
0.160727
0.158744
0.156637
0.154996
0.15261
0.151317
0.148575
0.148478
0.15217
0.199422
0.380345
0.454443
0.242059
0.1829
0.174966
0.170929
0.169836
0.167064
0.165528
0.163182
0.161331
0.159346
0.157234
0.15559
0.1532
0.151902
0.149156
0.14905
0.152711
0.199863
0.380764
0.454937
0.24255
0.183494
0.175588
0.17156
0.170458
0.167688
0.166143
0.163797
0.16194
0.159953
0.157836
0.156188
0.153794
0.152492
0.149742
0.149628
0.153256
0.200308
0.381186
0.455433
0.243044
0.184093
0.176214
0.172195
0.171085
0.168316
0.166763
0.164417
0.162554
0.160565
0.158443
0.156791
0.154393
0.153086
0.150332
0.150209
0.153806
0.200756
0.381609
0.455931
0.243542
0.184696
0.176846
0.172835
0.171716
0.168948
0.167388
0.165041
0.163172
0.161181
0.159054
0.157399
0.154996
0.153686
0.150927
0.150796
0.15436
0.201208
0.382036
0.456432
0.244044
0.185305
0.177481
0.17348
0.172352
0.169586
0.168018
0.165671
0.163795
0.161802
0.15967
0.158012
0.155605
0.15429
0.151527
0.151386
0.154919
0.201663
0.382465
0.456935
0.244549
0.185918
0.178122
0.174129
0.172993
0.170228
0.168652
0.166305
0.164422
0.162428
0.16029
0.158629
0.156218
0.154898
0.152132
0.151982
0.155482
0.202121
0.382896
0.457441
0.245058
0.186536
0.178767
0.174784
0.173638
0.170875
0.169291
0.166944
0.165055
0.163059
0.160916
0.159251
0.156836
0.155512
0.152741
0.152583
0.15605
0.202583
0.38333
0.457949
0.245572
0.187159
0.179418
0.175443
0.174289
0.171528
0.169935
0.167588
0.165693
0.163694
0.161546
0.159879
0.157459
0.15613
0.153356
0.153188
0.156622
0.203047
0.383767
0.45846
0.24609
0.187788
0.180073
0.176108
0.174944
0.172185
0.170584
0.168237
0.166335
0.164335
0.162182
0.160511
0.158087
0.156754
0.153975
0.153798
0.157199
0.203515
0.384207
0.458973
0.246611
0.188421
0.180733
0.176778
0.175604
0.172848
0.171239
0.168892
0.166983
0.164981
0.162823
0.161148
0.15872
0.157383
0.154599
0.154413
0.15778
0.203985
0.384649
0.459489
0.247137
0.189061
0.181398
0.177453
0.17627
0.173515
0.171898
0.169551
0.167636
0.165632
0.163469
0.161791
0.159359
0.158016
0.155229
0.155033
0.158366
0.204456
0.385094
0.460008
0.247667
0.189705
0.182069
0.178133
0.176941
0.174188
0.172563
0.170216
0.168295
0.166289
0.16412
0.162439
0.160002
0.158655
0.155864
0.155658
0.158955
0.204929
0.385541
0.460529
0.248201
0.190355
0.182745
0.178818
0.177617
0.174867
0.173233
0.170886
0.168958
0.16695
0.164776
0.163092
0.160651
0.1593
0.156504
0.156289
0.159548
0.205401
0.385991
0.461054
0.248738
0.191009
0.183426
0.179509
0.178298
0.17555
0.173908
0.171562
0.169627
0.167618
0.165438
0.163751
0.161306
0.15995
0.157149
0.156924
0.160145
0.205872
0.386444
0.461581
0.249278
0.191669
0.184112
0.180206
0.178985
0.17624
0.174589
0.172243
0.170302
0.16829
0.166106
0.164415
0.161965
0.160605
0.1578
0.157565
0.160743
0.206336
0.386899
0.462111
0.249819
0.192334
0.184804
0.180908
0.179677
0.176934
0.175276
0.17293
0.170982
0.168969
0.166779
0.165085
0.162631
0.161266
0.158456
0.15821
0.161343
0.20679
0.387357
0.462643
0.25036
0.193003
0.185501
0.181615
0.180375
0.177635
0.175968
0.173622
0.171668
0.169653
0.167458
0.165761
0.163302
0.161933
0.159118
0.158861
0.161942
0.207229
0.387816
0.463178
0.250898
0.193675
0.186203
0.182328
0.181078
0.178341
0.176666
0.17432
0.17236
0.170343
0.168142
0.166442
0.163979
0.162606
0.159786
0.159517
0.162536
0.20764
0.388275
)
;

boundaryField
{
    wall
    {
        type            compressible::alphatJayatillekeWallFunction;
        Prt             0.85;
        value           uniform 0;
    }
    inlet
    {
        type            calculated;
        value           uniform 37.903;
    }
    outlet
    {
        type            calculated;
        value           nonuniform List<scalar> 
20
(
0.346683
0.147186
0.0927447
0.0871915
0.0873152
0.0888213
0.0898174
0.0911689
0.0922858
0.0935269
0.0947331
0.0958839
0.0971825
0.0982369
0.0998555
0.101711
0.108741
0.131099
0.197218
0.376327
)
;
    }
    heatWall
    {
        type            compressible::alphatJayatillekeWallFunction;
        Prt             0.85;
        value           nonuniform List<scalar> 
840
(
0
0
0
0
0.0422935
0.0417864
0.0412945
0.0408167
0.0403525
0.0399013
0.0394625
0.0390356
0.0386203
0.038216
0.0378225
0.0374392
0.037066
0.0367023
0.0363479
0.0360025
0.0356657
0.0353373
0.035017
0.0347044
0.0343994
0.0341017
0.033811
0.0335271
0.0332498
0.0329788
0.032714
0.0324551
0.0322019
0.0319541
0.0317117
0.0314744
0.031242
0.0310144
0.0307912
0.0305723
0.0303575
0.0301466
0.0299394
0.0297356
0.029535
0.0293372
0.029142
0.0289489
0.0287574
0.0285667
0.0163769
0.0164004
0.0164219
0.0164437
0.0164659
0.0164882
0.0165109
0.0165338
0.0165569
0.0165803
0.016604
0.0166279
0.0166521
0.0166766
0.0167013
0.0167263
0.0167516
0.0167771
0.016803
0.0168291
0.0168555
0.0168822
0.0169092
0.0169364
0.016964
0.0169919
0.0170201
0.0170486
0.0170775
0.0171066
0.0171361
0.017166
0.0171961
0.0172266
0.0172575
0.0172887
0.0173202
0.0173522
0.0173845
0.0174171
0.0174502
0.0174836
0.0175174
0.0175517
0.0175863
0.0176213
0.0176568
0.0176927
0.017729
0.0177657
0.0178029
0.0178405
0.0178786
0.0179172
0.0179562
0.0179958
0.0180358
0.0180763
0.0181173
0.0181589
0.0182009
0.0182435
0.0182867
0.0183303
0.0183746
0.0184194
0.0184648
0.0185108
0.0185575
0.0186047
0.0186525
0.018701
0.0187502
0.0188
0.0188504
0.0189016
0.0189535
0.019006
0.0190594
0.0191134
0.0191682
0.0192238
0.0192802
0.0193373
0.0193953
0.0194541
0.0195138
0.0195744
0.0196358
0.0196981
0.0197614
0.0198256
0.0198908
0.0199569
0.0200241
0.0200923
0.0201615
0.0202318
0.0203032
0.0203757
0.0204494
0.0205242
0.0206003
0.0206775
0.0207561
0.0208359
0.020917
0.0209994
0.0210832
0.0211685
0.0212551
0.0213433
0.0214329
0.0215241
0.0216169
0.0217113
0.0218074
0.0219052
0.0220047
0.022106
0.0222092
0.0223142
0.0224212
0.0225302
0.0226412
0.0227543
0.0228695
0.0229869
0.0231067
0.0232287
0.0233531
0.02348
0.0236094
0.0237413
0.0238759
0.0240133
0.0241535
0.0242965
0.0244425
0.0245915
0.0247436
0.0248989
0.0250575
0.0252195
0.0253848
0.0255537
0.0257262
0.0259023
0.0260821
0.0262657
0.0264532
0.0266444
0.0268396
0.0270386
0.0272414
0.0274479
0.0276579
0.0278714
0.0280879
0.0283069
0.0141874
0.0142532
0.0143046
0.0143464
0.0143815
0.0144115
0.0144377
0.0144606
0.014481
0.0144993
0.0145157
0.0145307
0.0145443
0.0145568
0.0145684
0.0145792
0.0145893
0.0145989
0.0146079
0.0146165
0.0146247
0.0146326
0.0146402
0.0146478
0.0146555
0.0146633
0.0146712
0.0146791
0.0146872
0.0146953
0.0147034
0.0147117
0.01472
0.0147284
0.0147368
0.0147453
0.0147539
0.0147625
0.0147712
0.0147799
0.0147888
0.0147976
0.0148066
0.0148156
0.0148246
0.0148337
0.0148429
0.0148521
0.0148614
0.0148708
0.0148802
0.0148897
0.0148993
0.0149089
0.0149186
0.0149283
0.0149381
0.014948
0.0149579
0.0149679
0.014978
0.0149881
0.0149984
0.0150086
0.015019
0.0150294
0.0150399
0.0150504
0.015061
0.0150717
0.0150825
0.0150933
0.0151042
0.0151152
0.0151263
0.0151374
0.0151486
0.0151599
0.0151713
0.0151827
0.0151942
0.0152058
0.0152175
0.0152292
0.015241
0.015253
0.0152649
0.015277
0.0152892
0.0153014
0.0153137
0.0153261
0.0153385
0.0153511
0.0153637
0.0153765
0.0153893
0.0154021
0.0154151
0.0154282
0.0154413
0.0154545
0.0154678
0.0154812
0.0154946
0.0155082
0.0155218
0.0155355
0.0155493
0.0155632
0.0155771
0.0155911
0.0156052
0.0156194
0.0156337
0.015648
0.0156624
0.0156769
0.0156915
0.0157061
0.0157208
0.0157356
0.0157505
0.0157655
0.0157805
0.0157956
0.0158108
0.015826
0.0158413
0.0158567
0.0158722
0.0158877
0.0159034
0.0159191
0.0159348
0.0159507
0.0159666
0.0159826
0.0159987
0.0160149
0.0160312
0.0160475
0.016064
0.0160805
0.0160971
0.0161138
0.0161306
0.0161475
0.0161645
0.0161816
0.0161987
0.016216
0.0162334
0.0162509
0.0162684
0.0162861
0.0163039
0.0163217
0.0163397
0.0163576
0.014672
0.014659
0.014646
0.0146328
0.0146196
0.0146063
0.0145928
0.0145793
0.0145656
0.0145518
0.0145378
0.0145237
0.0145095
0.014495
0.0144804
0.0144655
0.0144505
0.0144353
0.0144198
0.0144042
0.0143883
0.0143721
0.0143558
0.0143392
0.0143223
0.0143053
0.014288
0.0142707
0.0142534
0.0142363
0.0142192
0.0142024
0.0141858
0.0141696
0.0141539
0.0141388
0.0141244
0.0141109
0.0140985
0.0140874
0.0140779
0.0140702
0.0140649
0.0140623
0.0140631
0.0140679
0.014078
0.0140945
0.0141193
0.0141547
0.0195049
0.0195295
0.0195544
0.0195795
0.0196047
0.0196302
0.0196558
0.0196817
0.0197077
0.019734
0.0197604
0.0197871
0.0198139
0.019841
0.0198683
0.0198958
0.0199235
0.0199514
0.0199795
0.0200079
0.0200365
0.0200653
0.0200943
0.0201236
0.0201531
0.0201828
0.0202128
0.020243
0.0202734
0.0203041
0.020335
0.0203662
0.0203976
0.0204293
0.0204613
0.0204935
0.0205259
0.0205586
0.0205916
0.0206248
0.0206583
0.0206921
0.0207262
0.0207605
0.0207952
0.0208301
0.0208653
0.0209007
0.0209365
0.0209726
0.021009
0.0210456
0.0210826
0.0211199
0.0211575
0.0211955
0.0212337
0.0212723
0.0213112
0.0213505
0.02139
0.02143
0.0214702
0.0215108
0.0215518
0.0215932
0.0216348
0.0216769
0.0217194
0.0217622
0.0218054
0.021849
0.0218929
0.0219373
0.0219821
0.0220273
0.0220729
0.0221189
0.0221654
0.0222123
0.0222596
0.0223073
0.0223556
0.0224042
0.0224534
0.022503
0.0225531
0.0226036
0.0226547
0.0227062
0.0227583
0.0228109
0.022864
0.0229176
0.0229718
0.0230265
0.0230817
0.0231375
0.0231939
0.0232509
0.0233085
0.0233666
0.0234254
0.0234848
0.0235448
0.0236054
0.0236667
0.0237286
0.0237913
0.0238546
0.0239186
0.0239833
0.0240487
0.0241148
0.0241817
0.0242493
0.0243177
0.0243869
0.0244569
0.0245277
0.0245993
0.0246718
0.0247451
0.0248193
0.0248943
0.0249703
0.0250472
0.025125
0.0252038
0.0252836
0.0253644
0.0254462
0.025529
0.0256129
0.0256979
0.025784
0.0258713
0.0259597
0.0260494
0.0261402
0.0262324
0.0263258
0.0264206
0.0265168
0.0266144
0.0267135
0.0268141
0.0269164
0.0270204
0.027127
0.0272366
0.0273497
0.0274667
0.027588
0.0277143
0.0278466
0.0279858
0.0281337
0.0282921
0.028464
0
0
0
0
0.0422935
0.0417864
0.0412945
0.0408168
0.0403527
0.0399015
0.0394627
0.039036
0.0386207
0.0382166
0.0378232
0.0374401
0.0370671
0.0367037
0.0363496
0.0360045
0.0356681
0.0353401
0.0350203
0.0347083
0.034404
0.0341071
0.0338174
0.0335346
0.0332585
0.032989
0.0327259
0.0324689
0.032218
0.0319729
0.0317335
0.0314997
0.0312714
0.0310484
0.0308302
0.0306162
0.0304062
0.0301998
0.0299968
0.0297968
0.0295994
0.029404
0.0292097
0.0290151
0.0288177
0.0286123
0.0158784
0.0158962
0.0159143
0.0159326
0.015951
0.0159697
0.0159886
0.0160077
0.016027
0.0160467
0.0160665
0.0160867
0.0161071
0.0161278
0.0161488
0.0161701
0.0161916
0.0162135
0.0162356
0.016258
0.0162808
0.0163038
0.0163271
0.0163507
0.0163747
0.0163989
0.0164234
0.0164482
0.0164733
0.0164986
0.0165243
0.0165502
0.0165764
0.0166028
0.0166295
0.0166564
0.0166834
0.0167107
0.016738
0.0167655
0.0167929
0.0168204
0.0168478
0.016875
0.016902
0.0169286
0.0169546
0.01698
0.0170046
0.017028
0.0170775
0.0170981
0.0171168
0.0171339
0.0171498
0.0171648
0.0171789
0.0171924
0.0172054
0.0172178
0.0172299
0.0172417
0.0172533
0.0172646
0.0172758
0.0172868
0.0172977
0.0173085
0.0173193
0.01733
0.0173408
0.0173514
0.0173621
0.0173728
0.0173835
0.0173943
0.017405
0.0174158
0.0174267
0.0174375
0.0174485
0.0174594
0.0174705
0.0174815
0.0174927
0.0175039
0.0175151
0.0175265
0.0175378
0.0175493
0.0175608
0.0175724
0.017584
0.0175957
0.0176075
0.0176194
0.0176313
0.0176433
0.0176554
0.0176675
0.0176797
0.017692
0.0177043
0.0177168
0.0177293
0.0177418
0.0177545
0.0177672
0.01778
0.0177929
0.0178059
0.0178189
0.017832
0.0178452
0.0178585
0.0178718
0.0178852
0.0178988
0.0179124
0.017926
0.0179398
0.0179536
0.0179675
0.0179815
0.0179956
0.0180098
0.0180241
0.0180384
0.0180528
0.0180673
0.0180819
0.0180966
0.0181114
0.0181262
0.0181411
0.0181562
0.0181713
0.0181865
0.0182017
0.0182171
0.0182325
0.0182481
0.0182637
0.0182794
0.0182952
0.0183111
0.018327
0.0183431
0.0183592
0.0183754
0.0183917
0.0184081
0.0184245
0.0184411
0.0184577
0.0184744
0.0184911
0.018508
0.0185249
0.0185419
0.018559
0.0185761
0.0185934
0.0186106
0.018628
0.0186455
0.018663
0.0186805
0.0186982
0.0187159
0.0187337
0.0187515
0.0187694
0.0187874
0.0188054
0.0188235
0.0188417
0.01886
0.0188783
0.0188966
0.018915
0.0189335
0.0189521
0.0189707
0.0189894
0.0190082
0.019027
0.0190459
0.0190649
0.0190839
0.019103
0.0191222
0.0191415
0.0191608
0.0191802
0.0191997
0.0192193
0.019239
0.0192588
0.0192786
0.0192985
0.0193186
0.0193387
0.0193589
0.0193792
0.0193997
0.0194202
0.0194408
0.0194616
0.0194824
)
;
    }
}


// ************************************************************************* //
