/*--------------------------------*- C++ -*----------------------------------*\
  =========                 |
  \\      /  F ield         | OpenFOAM: The Open Source CFD Toolbox
   \\    /   O peration     | Website:  https://openfoam.org
    \\  /    A nd           | Version:  8
     \\/     M anipulation  |
\*---------------------------------------------------------------------------*/
FoamFile
{
    version     2.0;
    format      ascii;
    class       volScalarField;
    location    "800";
    object      T;
}
// * * * * * * * * * * * * * * * * * * * * * * * * * * * * * * * * * * * * * //

dimensions      [0 0 0 1 0 0 0];

internalField   nonuniform List<scalar> 
8400
(
300.88
300.866
300.859
300.851
300.844
300.837
300.831
300.825
300.82
300.815
300.81
300.805
300.801
300.796
300.791
300.786
300.781
300.775
300.769
300.763
300.756
300.749
300.742
300.734
300.726
300.717
300.707
300.698
300.687
300.677
300.665
300.654
300.642
300.629
300.616
300.603
300.59
300.576
300.562
300.548
300.533
300.519
300.504
300.49
300.475
300.46
300.445
300.43
300.413
300.396
300.656
300.643
300.635
300.628
300.62
300.614
300.608
300.603
300.598
300.593
300.589
300.584
300.58
300.576
300.572
300.568
300.564
300.56
300.556
300.552
300.548
300.543
300.539
300.534
300.529
300.523
300.518
300.512
300.506
300.5
300.494
300.487
300.481
300.474
300.467
300.46
300.452
300.445
300.438
300.43
300.423
300.415
300.408
300.4
300.393
300.385
300.378
300.37
300.363
300.355
300.536
300.525
300.52
300.515
300.511
300.506
300.502
300.499
300.495
300.492
300.489
300.486
300.483
300.48
300.477
300.475
300.472
300.469
300.466
300.463
300.459
300.456
300.453
300.449
300.446
300.442
300.438
300.434
300.43
300.426
300.421
300.417
300.412
300.407
300.403
300.398
300.393
300.388
300.383
300.378
300.373
300.368
300.364
300.359
300.354
300.349
300.345
300.34
300.336
300.332
300.369
300.361
300.357
300.354
300.35
300.347
300.344
300.342
300.339
300.337
300.335
300.333
300.331
300.329
300.327
300.325
300.323
300.321
300.319
300.317
300.315
300.313
300.311
300.309
300.307
300.305
300.303
300.301
300.299
300.297
300.295
300.292
300.29
300.288
300.286
300.284
300.281
300.279
300.277
300.275
300.273
300.271
300.269
300.267
300.266
300.264
300.262
300.261
300.26
300.258
300.248
300.241
300.241
300.24
300.238
300.237
300.236
300.235
300.234
300.233
300.232
300.231
300.23
300.229
300.228
300.227
300.226
300.225
300.225
300.224
300.223
300.222
300.221
300.22
300.219
300.218
300.217
300.216
300.215
300.214
300.213
300.212
300.211
300.21
300.209
300.208
300.207
300.206
300.205
300.204
300.203
300.203
300.202
300.201
300.201
300.2
300.2
300.2
300.2
300.2
300.153
300.15
300.15
300.149
300.149
300.149
300.148
300.148
300.148
300.147
300.147
300.146
300.146
300.146
300.145
300.145
300.145
300.144
300.144
300.144
300.144
300.143
300.143
300.143
300.142
300.142
300.142
300.142
300.141
300.141
300.141
300.141
300.14
300.14
300.14
300.14
300.14
300.14
300.14
300.14
300.14
300.14
300.14
300.14
300.141
300.141
300.141
300.142
300.143
300.144
300.089
300.085
300.087
300.087
300.088
300.088
300.088
300.089
300.089
300.089
300.089
300.09
300.09
300.09
300.09
300.09
300.09
300.09
300.09
300.09
300.09
300.091
300.091
300.091
300.091
300.091
300.091
300.091
300.091
300.091
300.091
300.091
300.091
300.091
300.091
300.092
300.092
300.092
300.093
300.093
300.093
300.094
300.094
300.095
300.095
300.096
300.096
300.097
300.098
300.099
300.049
300.048
300.049
300.05
300.05
300.051
300.052
300.052
300.053
300.053
300.054
300.054
300.054
300.055
300.055
300.055
300.055
300.056
300.056
300.056
300.056
300.056
300.056
300.057
300.057
300.057
300.057
300.057
300.057
300.057
300.058
300.058
300.058
300.058
300.059
300.059
300.059
300.06
300.06
300.06
300.061
300.061
300.061
300.062
300.062
300.063
300.063
300.064
300.065
300.066
300.022
300.02
300.021
300.022
300.023
300.023
300.024
300.025
300.026
300.026
300.027
300.027
300.028
300.028
300.029
300.029
300.029
300.03
300.03
300.03
300.031
300.031
300.031
300.032
300.032
300.032
300.032
300.033
300.033
300.033
300.034
300.034
300.034
300.035
300.035
300.035
300.035
300.036
300.036
300.036
300.037
300.037
300.037
300.038
300.038
300.039
300.039
300.04
300.041
300.042
300.007
300.006
300.006
300.006
300.007
300.007
300.008
300.009
300.009
300.01
300.01
300.011
300.011
300.012
300.012
300.013
300.013
300.013
300.014
300.014
300.014
300.015
300.015
300.015
300.016
300.016
300.016
300.017
300.017
300.017
300.018
300.018
300.018
300.019
300.019
300.019
300.02
300.02
300.02
300.021
300.021
300.021
300.022
300.022
300.023
300.023
300.024
300.024
300.025
300.026
300.002
300.002
300.003
300.004
300.004
300.004
300.005
300.005
300.005
300.005
300.006
300.006
300.006
300.007
300.007
300.007
300.007
300.008
300.008
300.008
300.009
300.009
300.009
300.01
300.01
300.01
300.01
300.011
300.011
300.011
300.012
300.012
300.012
300.013
300.013
300.013
300.014
300.014
300.015
300.015
300.016
300.016
300.017
300.017
300.018
300.018
300.019
300.02
300.02
300.021
300.004
300.004
300.005
300.005
300.005
300.006
300.006
300.006
300.007
300.007
300.007
300.008
300.008
300.008
300.009
300.009
300.01
300.01
300.01
300.011
300.011
300.011
300.012
300.012
300.013
300.013
300.013
300.014
300.014
300.015
300.015
300.015
300.016
300.016
300.017
300.017
300.018
300.018
300.019
300.019
300.02
300.02
300.021
300.022
300.022
300.023
300.024
300.025
300.025
300.026
300.004
300.005
300.005
300.006
300.007
300.007
300.008
300.009
300.009
300.01
300.01
300.011
300.012
300.012
300.013
300.014
300.014
300.015
300.016
300.016
300.017
300.018
300.018
300.019
300.02
300.02
300.021
300.021
300.022
300.023
300.023
300.024
300.025
300.025
300.026
300.027
300.027
300.028
300.029
300.029
300.03
300.031
300.032
300.032
300.033
300.034
300.035
300.035
300.036
300.037
300.012
300.014
300.015
300.017
300.018
300.019
300.02
300.021
300.022
300.023
300.024
300.024
300.025
300.026
300.027
300.027
300.028
300.029
300.029
300.03
300.031
300.031
300.032
300.033
300.033
300.034
300.034
300.035
300.036
300.036
300.037
300.037
300.038
300.039
300.039
300.04
300.04
300.041
300.042
300.042
300.043
300.044
300.044
300.045
300.046
300.046
300.047
300.048
300.049
300.049
300.005
300.005
300.004
300.003
300.003
300.003
300.003
300.004
300.004
300.005
300.005
300.006
300.007
300.008
300.008
300.009
300.01
300.011
300.012
300.013
300.014
300.015
300.016
300.017
300.018
300.019
300.02
300.021
300.022
300.023
300.024
300.025
300.027
300.028
300.029
300.03
300.032
300.033
300.034
300.035
300.037
300.038
300.04
300.041
300.042
300.044
300.045
300.047
300.048
300.049
300.024
300.029
300.033
300.037
300.04
300.044
300.047
300.05
300.053
300.056
300.058
300.061
300.063
300.066
300.068
300.07
300.072
300.074
300.076
300.078
300.08
300.082
300.084
300.086
300.088
300.089
300.091
300.093
300.095
300.096
300.098
300.1
300.101
300.103
300.105
300.107
300.108
300.11
300.111
300.113
300.115
300.116
300.118
300.119
300.121
300.122
300.123
300.124
300.125
300.126
300.003
300.001
299.997
299.994
299.992
299.99
299.988
299.987
299.986
299.985
299.985
299.984
299.984
299.984
299.984
299.985
299.985
299.985
299.985
299.985
299.985
299.986
299.986
299.986
299.986
299.987
299.987
299.988
299.988
299.989
299.989
299.99
299.991
299.992
299.992
299.993
299.994
299.995
299.996
299.997
299.997
299.998
299.999
300
300
300.001
300.001
300.001
300.001
299.999
300.039
300.047
300.054
300.061
300.069
300.076
300.082
300.089
300.095
300.101
300.106
300.112
300.118
300.123
300.128
300.134
300.139
300.144
300.149
300.154
300.159
300.163
300.168
300.173
300.178
300.182
300.187
300.192
300.196
300.201
300.205
300.21
300.215
300.219
300.224
300.228
300.233
300.237
300.242
300.246
300.251
300.256
300.261
300.266
300.271
300.277
300.283
300.289
300.296
300.305
300.003
300.003
300.002
300.001
300
299.998
299.997
299.996
299.996
299.995
299.995
299.995
299.994
299.994
299.994
299.995
299.995
299.995
299.995
299.995
299.995
299.995
299.995
299.995
299.996
299.996
299.996
299.996
299.997
299.997
299.998
299.998
299.998
299.999
299.999
299.999
300
300
300
300
300.001
300.001
300.001
300.002
300.002
300.003
300.004
300.006
300.011
300.023
302.148
302.143
302.141
302.141
302.14
302.138
302.136
302.133
302.13
302.126
302.122
302.118
302.114
302.109
302.104
302.099
302.094
302.089
302.084
302.079
302.074
302.069
302.064
302.058
302.052
302.046
302.04
302.033
302.027
302.02
302.013
302.006
301.999
301.992
301.985
301.977
301.969
301.962
301.954
301.946
301.937
301.929
301.921
301.912
301.904
301.895
301.886
301.878
301.868
301.859
303.148
303.145
303.143
303.14
303.137
303.135
303.132
303.13
303.127
303.125
303.123
303.12
303.118
303.116
303.113
303.111
303.109
303.107
303.105
303.102
303.1
303.098
303.096
303.094
303.092
303.09
303.088
303.086
303.084
303.082
303.08
303.079
303.077
303.075
303.073
303.071
303.069
303.068
303.066
303.064
303.062
303.061
303.059
303.057
303.056
303.054
303.053
303.052
303.051
303.05
303.15
303.15
303.15
303.15
303.15
303.15
303.15
303.149
303.149
303.149
303.149
303.149
303.148
303.148
303.148
303.148
303.148
303.147
303.147
303.147
303.146
303.146
303.146
303.146
303.145
303.145
303.145
303.144
303.144
303.144
303.143
303.143
303.143
303.142
303.142
303.142
303.141
303.141
303.141
303.141
303.14
303.14
303.14
303.139
303.139
303.139
303.139
303.139
303.138
303.138
303.15
303.15
303.15
303.15
303.15
303.15
303.15
303.15
303.15
303.15
303.15
303.15
303.15
303.15
303.15
303.15
303.15
303.15
303.15
303.15
303.15
303.15
303.15
303.15
303.15
303.15
303.15
303.15
303.15
303.15
303.15
303.15
303.15
303.15
303.15
303.149
303.149
303.149
303.149
303.149
303.149
303.149
303.149
303.149
303.149
303.149
303.149
303.149
303.149
303.149
303.15
303.15
303.15
303.15
303.15
303.15
303.15
303.15
303.15
303.15
303.15
303.15
303.15
303.15
303.15
303.15
303.15
303.15
303.15
303.15
303.15
303.15
303.15
303.15
303.15
303.15
303.15
303.15
303.15
303.15
303.15
303.15
303.15
303.15
303.15
303.15
303.15
303.15
303.15
303.15
303.15
303.15
303.15
303.15
303.15
303.15
303.15
303.15
303.15
303.15
303.15
303.15
303.15
303.15
303.15
303.15
303.15
303.15
303.15
303.15
303.15
303.15
303.15
303.15
303.15
303.15
303.15
303.15
303.15
303.15
303.15
303.15
303.15
303.15
303.15
303.15
303.15
303.15
303.15
303.15
303.15
303.15
303.15
303.15
303.15
303.15
303.15
303.15
303.15
303.15
303.15
303.15
303.15
303.15
303.15
303.15
303.15
303.15
303.15
303.15
303.15
303.15
303.15
303.15
303.15
303.15
303.15
303.15
303.15
303.15
303.15
303.15
303.15
303.15
303.15
303.15
303.15
303.15
303.15
303.15
303.15
303.15
303.15
303.15
303.15
303.15
303.15
303.15
303.15
303.15
303.15
303.15
303.15
303.15
303.15
303.15
303.15
303.15
303.15
303.15
303.15
303.15
303.15
303.15
303.15
303.15
303.15
303.15
303.15
303.15
303.15
303.15
303.15
303.15
303.15
303.15
303.15
303.15
303.15
303.15
303.15
303.15
303.15
303.15
303.15
303.15
303.15
303.15
303.15
303.15
303.15
303.15
303.15
303.15
303.15
303.15
303.15
303.15
303.15
303.15
303.15
303.15
303.15
303.15
303.15
303.15
303.15
303.15
303.15
303.15
303.15
303.15
303.15
303.15
303.15
303.15
303.15
303.15
303.15
303.15
303.15
303.15
303.15
303.15
303.15
303.15
303.15
303.15
303.15
303.15
303.15
303.15
303.15
303.15
303.15
303.15
303.15
303.15
303.15
303.15
303.15
303.15
303.15
303.15
303.15
303.15
303.15
303.15
303.15
303.15
303.15
303.15
303.15
303.15
303.15
303.15
303.15
303.15
303.15
303.15
303.15
303.15
303.15
303.15
303.15
303.15
303.15
303.15
303.15
303.15
303.15
303.15
303.15
303.15
303.15
303.15
303.15
303.15
303.15
303.15
303.15
303.15
303.15
303.15
303.15
303.15
303.15
303.15
303.15
303.15
303.15
303.15
303.15
303.15
303.15
303.15
303.15
303.15
303.15
303.15
303.15
303.15
303.15
303.15
303.15
303.15
303.15
303.15
303.15
303.15
303.15
303.15
303.15
303.15
303.15
303.15
303.15
303.15
303.15
303.15
303.15
303.15
303.15
303.15
303.15
303.15
303.15
303.15
303.15
303.15
303.15
303.15
303.15
303.15
303.15
303.15
303.15
303.15
303.15
303.15
303.15
303.15
303.15
303.15
303.15
303.15
303.15
303.15
303.15
303.15
303.15
303.15
303.15
303.15
303.15
303.15
303.15
303.15
303.15
303.15
303.15
303.15
303.15
303.15
303.15
303.15
303.15
303.15
303.15
303.15
303.15
303.15
303.15
303.15
303.15
303.15
303.15
303.15
303.15
303.15
303.15
303.15
303.15
303.15
303.15
303.15
303.15
303.15
303.15
303.15
303.15
303.15
303.15
303.15
303.15
303.15
303.15
303.15
303.15
303.15
303.15
303.15
303.15
303.15
303.15
303.15
303.15
303.15
303.15
303.15
303.15
303.15
303.15
303.15
303.15
303.15
303.15
303.15
303.15
303.15
303.15
303.15
303.15
303.15
303.15
303.15
303.15
303.15
303.15
303.15
303.15
303.15
303.15
303.15
303.15
303.15
303.15
303.15
303.15
303.15
303.15
303.15
303.15
303.15
303.15
303.15
303.15
303.15
303.15
303.15
303.15
303.15
303.15
303.15
303.15
303.15
303.15
303.15
303.15
303.15
303.15
303.15
303.15
303.15
303.15
303.15
303.15
303.15
303.15
303.15
303.15
303.15
303.15
303.15
303.15
303.15
303.15
303.15
303.15
303.15
303.15
303.15
303.15
303.15
303.15
303.15
303.15
303.15
303.15
303.15
303.15
303.15
303.15
303.15
303.15
303.15
303.15
303.15
303.15
303.15
303.15
303.15
303.15
303.15
303.15
303.15
303.15
303.15
303.15
303.15
303.15
303.15
303.15
303.15
303.15
303.15
303.15
303.15
303.15
303.15
303.15
303.15
303.15
303.15
303.15
303.15
303.15
303.15
303.15
303.15
303.15
303.15
303.15
303.15
303.15
303.15
303.15
303.15
303.15
303.15
303.15
303.15
303.15
303.15
303.15
303.15
303.15
303.15
303.15
303.15
303.15
303.15
303.15
303.15
303.15
303.15
303.15
303.15
303.15
303.15
303.15
303.15
303.15
303.15
303.15
303.15
303.15
303.15
303.15
303.15
303.15
303.15
303.15
303.15
303.15
303.15
303.15
303.15
303.15
303.15
303.15
303.15
303.15
303.15
303.15
303.15
303.15
303.15
303.15
303.15
303.15
303.15
303.15
303.15
303.15
303.15
303.15
303.15
303.15
303.15
303.15
303.15
303.15
303.15
303.15
303.15
303.15
303.15
303.15
303.15
303.15
303.15
303.15
303.15
303.15
303.15
303.15
303.15
303.15
303.15
303.15
303.15
303.15
303.15
303.15
303.15
303.15
303.15
303.15
303.15
303.15
303.15
303.15
303.15
303.15
303.15
303.15
303.15
303.15
303.15
303.15
303.15
303.15
303.15
303.15
303.15
303.15
303.15
303.15
303.15
303.15
303.15
303.15
303.15
303.15
303.15
303.15
303.15
303.15
303.15
303.15
303.15
303.15
303.15
303.15
303.15
303.15
303.15
303.15
303.15
303.15
303.15
303.15
303.15
303.15
303.15
303.15
303.15
303.15
303.15
303.15
303.15
303.15
303.15
303.15
303.15
303.15
303.15
303.15
303.15
303.15
303.15
303.15
303.15
303.15
303.15
303.15
303.15
303.15
303.15
303.15
303.15
303.15
303.15
303.15
303.15
303.15
303.15
303.15
303.15
303.15
303.15
303.15
303.15
303.15
303.15
303.15
303.15
303.15
303.15
303.15
303.15
303.15
303.15
303.15
303.15
303.15
303.15
303.15
303.15
303.15
303.15
303.15
303.15
303.15
303.15
303.15
303.15
303.15
303.15
303.15
303.15
303.15
303.15
303.15
303.15
303.15
303.15
303.15
303.15
303.15
303.15
303.149
303.149
303.149
303.149
303.149
303.149
303.149
303.149
303.149
303.149
303.149
303.149
303.149
303.149
303.148
303.148
303.148
303.148
303.15
303.15
303.15
303.15
303.15
303.15
303.15
303.149
303.149
303.149
303.149
303.149
303.148
303.148
303.148
303.148
303.148
303.147
303.147
303.147
303.146
303.146
303.146
303.146
303.145
303.145
303.145
303.144
303.144
303.144
303.143
303.143
303.142
303.142
303.142
303.141
303.141
303.14
303.14
303.14
303.139
303.139
303.138
303.137
303.137
303.136
303.136
303.135
303.134
303.133
303.148
303.145
303.143
303.14
303.137
303.135
303.132
303.13
303.127
303.125
303.123
303.12
303.118
303.116
303.113
303.111
303.109
303.107
303.105
303.102
303.1
303.098
303.096
303.094
303.092
303.09
303.088
303.086
303.084
303.082
303.08
303.078
303.077
303.075
303.073
303.071
303.069
303.067
303.066
303.064
303.062
303.06
303.059
303.057
303.055
303.053
303.052
303.05
303.048
303.047
303.066
303.084
302.949
302.705
302.385
302.046
301.745
301.518
301.362
301.233
301.089
300.985
300.976
300.967
300.986
301.035
301.082
301.093
301.05
300.942
303.065
303.086
302.954
302.715
302.399
302.061
301.759
301.53
301.373
301.243
301.098
300.992
300.985
300.986
301.009
301.059
301.107
301.122
301.08
300.967
303.065
303.088
302.961
302.727
302.416
302.079
301.775
301.544
301.384
301.253
301.108
301
300.993
300.998
301.024
301.074
301.124
301.141
301.099
300.984
303.065
303.091
302.969
302.741
302.434
302.099
301.794
301.558
301.395
301.264
301.119
301.008
300.999
301.009
301.036
301.088
301.141
301.16
301.118
301.001
303.065
303.094
302.977
302.756
302.455
302.122
301.814
301.574
301.407
301.275
301.131
301.016
301.004
301.017
301.047
301.101
301.156
301.178
301.137
301.018
303.065
303.097
302.986
302.773
302.478
302.147
301.836
301.591
301.42
301.287
301.144
301.025
301.008
301.023
301.056
301.112
301.171
301.196
301.156
301.034
303.065
303.1
302.996
302.791
302.502
302.173
301.86
301.61
301.434
301.299
301.158
301.035
301.012
301.028
301.063
301.123
301.185
301.214
301.174
301.05
303.065
303.104
303.006
302.81
302.529
302.202
301.886
301.629
301.448
301.312
301.173
301.046
301.016
301.032
301.069
301.132
301.198
301.231
301.192
301.066
303.064
303.107
303.016
302.829
302.556
302.233
301.914
301.65
301.462
301.325
301.188
301.059
301.02
301.035
301.075
301.14
301.21
301.248
301.21
301.082
303.064
303.111
303.026
302.849
302.585
302.265
301.943
301.672
301.478
301.339
301.204
301.073
301.025
301.039
301.079
301.148
301.222
301.264
301.227
301.097
303.064
303.114
303.037
302.87
302.614
302.298
301.974
301.696
301.495
301.353
301.221
301.089
301.032
301.042
301.084
301.155
301.233
301.279
301.244
301.112
303.063
303.118
303.047
302.89
302.644
302.333
302.007
301.722
301.512
301.368
301.239
301.107
301.04
301.047
301.089
301.162
301.243
301.294
301.261
301.127
303.063
303.121
303.058
302.911
302.675
302.37
302.042
301.749
301.531
301.383
301.258
301.127
301.052
301.053
301.095
301.169
301.254
301.308
301.277
301.142
303.062
303.124
303.068
302.931
302.707
302.408
302.079
301.779
301.551
301.399
301.277
301.15
301.066
301.062
301.103
301.177
301.264
301.321
301.292
301.156
303.061
303.126
303.077
302.952
302.738
302.447
302.118
301.81
301.573
301.415
301.297
301.175
301.085
301.074
301.112
301.186
301.274
301.333
301.306
301.17
303.06
303.129
303.086
302.971
302.77
302.487
302.159
301.845
301.597
301.433
301.317
301.202
301.108
301.09
301.125
301.197
301.284
301.345
301.32
301.183
303.059
303.131
303.095
302.991
302.802
302.529
302.203
301.882
301.624
301.451
301.337
301.23
301.135
301.11
301.14
301.209
301.296
301.356
301.332
301.196
303.058
303.133
303.103
303.009
302.834
302.572
302.25
301.923
301.653
301.471
301.357
301.259
301.167
301.134
301.16
301.224
301.307
301.367
301.343
301.209
303.057
303.135
303.11
303.027
302.866
302.616
302.299
301.968
301.686
301.493
301.377
301.288
301.202
301.163
301.183
301.241
301.32
301.377
301.353
301.221
303.055
303.136
303.117
303.044
302.897
302.661
302.351
302.017
301.723
301.518
301.397
301.316
301.238
301.196
301.21
301.261
301.333
301.385
301.362
301.232
303.053
303.137
303.123
303.06
302.927
302.707
302.407
302.071
301.765
301.545
301.418
301.342
301.275
301.232
301.239
301.282
301.346
301.393
301.37
301.243
303.051
303.138
303.129
303.075
302.957
302.753
302.465
302.131
301.814
301.576
301.438
301.366
301.309
301.269
301.271
301.305
301.36
301.4
301.376
301.253
303.049
303.139
303.134
303.089
302.985
302.8
302.527
302.196
301.869
301.613
301.46
301.387
301.341
301.305
301.303
301.329
301.373
301.406
301.381
301.262
303.047
303.139
303.138
303.101
303.013
302.846
302.591
302.267
301.932
301.657
301.485
301.405
301.367
301.338
301.333
301.351
301.386
301.41
301.384
301.27
303.044
303.139
303.141
303.112
303.038
302.892
302.657
302.345
302.005
301.709
301.514
301.422
301.388
301.366
301.36
301.371
301.396
301.413
301.386
301.278
303.042
303.139
303.144
303.121
303.061
302.936
302.724
302.429
302.088
301.773
301.549
301.439
301.403
301.388
301.382
301.388
301.405
301.415
301.386
301.284
303.039
303.139
303.146
303.129
303.082
302.978
302.792
302.517
302.182
301.85
301.596
301.458
301.413
301.403
301.398
301.401
301.411
301.414
301.385
301.29
303.035
303.138
303.148
303.136
303.1
303.016
302.857
302.609
302.286
301.943
301.657
301.483
301.42
301.41
301.408
301.409
301.414
301.412
301.383
301.294
303.032
303.137
303.149
303.141
303.115
303.05
302.919
302.702
302.4
302.053
301.736
301.521
301.428
301.412
301.412
301.413
301.414
301.408
301.379
301.298
303.028
303.136
303.149
303.145
303.126
303.078
302.976
302.793
302.52
302.181
301.84
301.578
301.443
301.409
301.411
301.411
301.41
301.403
301.374
301.3
303.024
303.135
303.15
303.147
303.135
303.102
303.025
302.878
302.642
302.323
301.97
301.662
301.472
301.407
301.405
301.406
301.404
301.395
301.368
301.302
303.02
303.134
303.15
303.149
303.142
303.12
303.066
302.955
302.761
302.475
302.126
301.781
301.529
301.412
301.394
301.397
301.396
301.387
301.362
301.302
303.015
303.133
303.15
303.15
303.146
303.133
303.097
303.019
302.87
302.629
302.304
301.94
301.625
301.438
301.384
301.385
301.385
301.377
301.354
301.301
303.011
303.131
303.149
303.15
303.148
303.141
303.12
303.069
302.963
302.776
302.493
302.137
301.776
301.505
301.385
301.371
301.372
301.365
301.346
301.3
303.006
303.13
303.149
303.151
303.15
303.146
303.135
303.105
303.036
302.903
302.68
302.361
301.983
301.636
301.418
301.357
301.357
301.353
301.337
301.297
303.001
303.128
303.149
303.151
303.15
303.149
303.143
303.127
303.088
303.004
302.845
302.589
302.239
301.847
301.522
301.36
301.342
301.34
301.327
301.293
302.996
303.126
303.149
303.151
303.151
303.15
303.148
303.14
303.121
303.074
302.976
302.796
302.513
302.134
301.731
301.432
301.33
301.325
301.316
301.289
302.991
303.125
303.148
303.15
303.151
303.15
303.149
303.147
303.138
303.116
303.064
302.957
302.764
302.458
302.052
301.633
301.359
301.313
301.304
301.283
302.986
303.123
303.148
303.15
303.151
303.15
303.15
303.149
303.146
303.137
303.114
303.062
302.954
302.755
302.434
302
301.562
301.325
301.295
301.277
302.98
303.121
303.148
303.15
303.15
303.15
303.15
303.15
303.149
303.145
303.136
303.115
303.067
302.968
302.777
302.453
301.989
301.504
301.312
301.274
302.975
303.119
303.147
303.15
303.15
303.15
303.15
303.15
303.15
303.148
303.145
303.137
303.119
303.079
302.998
302.835
302.534
302.05
301.498
301.312
302.971
303.117
303.147
303.15
303.15
303.15
303.15
303.15
303.15
303.149
303.148
303.145
303.137
303.121
303.09
303.032
302.919
302.691
302.24
301.596
302.966
303.115
303.147
303.15
303.15
303.15
303.15
303.15
303.15
303.15
303.149
303.148
303.144
303.135
303.119
303.091
303.047
302.979
302.869
302.608
302.961
303.113
303.146
303.15
303.15
303.15
303.15
303.15
303.15
303.15
303.15
303.149
303.147
303.142
303.132
303.112
303.079
303.026
302.954
302.857
302.957
303.112
303.146
303.15
303.15
303.15
303.15
303.15
303.15
303.15
303.15
303.149
303.148
303.145
303.139
303.125
303.098
303.051
302.976
302.863
302.953
303.11
303.146
303.15
303.15
303.15
303.15
303.15
303.15
303.15
303.15
303.15
303.149
303.147
303.143
303.133
303.112
303.069
302.993
302.866
302.95
303.108
303.145
303.15
303.15
303.15
303.15
303.15
303.15
303.15
303.15
303.15
303.15
303.149
303.146
303.138
303.121
303.082
303.007
302.868
302.947
303.107
303.145
303.15
303.15
303.15
303.15
303.15
303.15
303.15
303.15
303.15
303.15
303.149
303.147
303.142
303.128
303.093
303.018
302.87
302.944
303.106
303.145
303.15
303.15
303.15
303.15
303.15
303.15
303.15
303.15
303.15
303.15
303.149
303.148
303.144
303.132
303.101
303.027
302.872
302.941
303.105
303.144
303.15
303.15
303.15
303.15
303.15
303.15
303.15
303.15
303.15
303.15
303.15
303.149
303.146
303.136
303.107
303.035
302.873
302.939
303.104
303.144
303.149
303.15
303.15
303.15
303.15
303.15
303.15
303.15
303.15
303.15
303.15
303.149
303.147
303.139
303.112
303.041
302.875
302.937
303.103
303.144
303.149
303.15
303.15
303.15
303.15
303.15
303.15
303.15
303.15
303.15
303.15
303.149
303.147
303.14
303.116
303.046
302.876
302.936
303.102
303.144
303.149
303.15
303.15
303.15
303.15
303.15
303.15
303.15
303.15
303.15
303.15
303.15
303.148
303.142
303.12
303.051
302.878
302.935
303.101
303.144
303.149
303.15
303.15
303.15
303.15
303.15
303.15
303.15
303.15
303.15
303.15
303.15
303.148
303.143
303.122
303.054
302.879
302.934
303.101
303.144
303.149
303.15
303.15
303.15
303.15
303.15
303.15
303.15
303.15
303.15
303.15
303.15
303.149
303.144
303.124
303.058
302.881
302.933
303.1
303.144
303.149
303.15
303.15
303.15
303.15
303.15
303.15
303.15
303.15
303.15
303.15
303.15
303.149
303.145
303.126
303.06
302.882
302.933
303.1
303.144
303.149
303.15
303.15
303.15
303.15
303.15
303.15
303.15
303.15
303.15
303.15
303.15
303.149
303.145
303.128
303.063
302.883
302.933
303.1
303.143
303.149
303.15
303.15
303.15
303.15
303.15
303.15
303.15
303.15
303.15
303.15
303.15
303.149
303.145
303.129
303.065
302.885
302.933
303.1
303.143
303.149
303.15
303.15
303.15
303.15
303.15
303.15
303.15
303.15
303.15
303.15
303.15
303.149
303.146
303.13
303.067
302.886
302.933
303.1
303.143
303.149
303.15
303.15
303.15
303.15
303.15
303.15
303.15
303.15
303.15
303.15
303.15
303.149
303.146
303.131
303.068
302.887
302.933
303.1
303.143
303.149
303.15
303.15
303.15
303.15
303.15
303.15
303.15
303.15
303.15
303.15
303.15
303.149
303.146
303.132
303.07
302.889
302.934
303.1
303.143
303.149
303.15
303.15
303.15
303.15
303.15
303.15
303.15
303.15
303.15
303.15
303.15
303.149
303.147
303.132
303.071
302.89
302.934
303.1
303.143
303.149
303.15
303.15
303.15
303.15
303.15
303.15
303.15
303.15
303.15
303.15
303.15
303.149
303.147
303.133
303.072
302.891
302.935
303.1
303.143
303.149
303.15
303.15
303.15
303.15
303.15
303.15
303.15
303.15
303.15
303.15
303.15
303.149
303.147
303.133
303.073
302.893
302.935
303.1
303.144
303.149
303.15
303.15
303.15
303.15
303.15
303.15
303.15
303.15
303.15
303.15
303.15
303.149
303.147
303.134
303.075
302.894
302.936
303.101
303.144
303.149
303.15
303.15
303.15
303.15
303.15
303.15
303.15
303.15
303.15
303.15
303.15
303.15
303.147
303.134
303.075
302.895
302.937
303.101
303.144
303.149
303.15
303.15
303.15
303.15
303.15
303.15
303.15
303.15
303.15
303.15
303.15
303.15
303.147
303.135
303.076
302.897
302.938
303.101
303.144
303.149
303.15
303.15
303.15
303.15
303.15
303.15
303.15
303.15
303.15
303.15
303.15
303.15
303.147
303.135
303.077
302.898
302.939
303.101
303.144
303.149
303.15
303.15
303.15
303.15
303.15
303.15
303.15
303.15
303.15
303.15
303.15
303.15
303.147
303.135
303.078
302.899
302.94
303.102
303.144
303.149
303.15
303.15
303.15
303.15
303.15
303.15
303.15
303.15
303.15
303.15
303.15
303.15
303.147
303.135
303.079
302.901
302.941
303.102
303.144
303.149
303.15
303.15
303.15
303.15
303.15
303.15
303.15
303.15
303.15
303.15
303.15
303.15
303.147
303.136
303.079
302.902
302.942
303.102
303.144
303.149
303.15
303.15
303.15
303.15
303.15
303.15
303.15
303.15
303.15
303.15
303.15
303.15
303.148
303.136
303.08
302.903
302.943
303.103
303.144
303.149
303.15
303.15
303.15
303.15
303.15
303.15
303.15
303.15
303.15
303.15
303.15
303.15
303.148
303.136
303.081
302.905
302.944
303.103
303.144
303.149
303.15
303.15
303.15
303.15
303.15
303.15
303.15
303.15
303.15
303.15
303.15
303.15
303.148
303.136
303.081
302.906
302.945
303.103
303.144
303.149
303.15
303.15
303.15
303.15
303.15
303.15
303.15
303.15
303.15
303.15
303.15
303.15
303.148
303.136
303.082
302.907
302.946
303.104
303.144
303.149
303.15
303.15
303.15
303.15
303.15
303.15
303.15
303.15
303.15
303.15
303.15
303.15
303.148
303.137
303.083
302.909
302.948
303.104
303.144
303.149
303.15
303.15
303.15
303.15
303.15
303.15
303.15
303.15
303.15
303.15
303.15
303.15
303.148
303.137
303.083
302.91
302.949
303.105
303.144
303.149
303.15
303.15
303.15
303.15
303.15
303.15
303.15
303.15
303.15
303.15
303.15
303.15
303.148
303.137
303.084
302.911
302.95
303.105
303.144
303.149
303.15
303.15
303.15
303.15
303.15
303.15
303.15
303.15
303.15
303.15
303.15
303.15
303.148
303.137
303.085
302.913
302.951
303.106
303.144
303.149
303.15
303.15
303.15
303.15
303.15
303.15
303.15
303.15
303.15
303.15
303.15
303.15
303.148
303.137
303.085
302.914
302.952
303.106
303.144
303.149
303.15
303.15
303.15
303.15
303.15
303.15
303.15
303.15
303.15
303.15
303.15
303.15
303.148
303.137
303.086
302.915
302.953
303.106
303.145
303.149
303.15
303.15
303.15
303.15
303.15
303.15
303.15
303.15
303.15
303.15
303.15
303.15
303.148
303.138
303.086
302.917
302.954
303.107
303.145
303.149
303.15
303.15
303.15
303.15
303.15
303.15
303.15
303.15
303.15
303.15
303.15
303.15
303.148
303.138
303.087
302.918
302.955
303.107
303.145
303.149
303.15
303.15
303.15
303.15
303.15
303.15
303.15
303.15
303.15
303.15
303.15
303.15
303.148
303.138
303.088
302.919
302.957
303.108
303.145
303.149
303.15
303.15
303.15
303.15
303.15
303.15
303.15
303.15
303.15
303.15
303.15
303.15
303.148
303.138
303.088
302.921
302.958
303.108
303.145
303.149
303.15
303.15
303.15
303.15
303.15
303.15
303.15
303.15
303.15
303.15
303.15
303.15
303.148
303.138
303.089
302.922
302.959
303.109
303.145
303.149
303.15
303.15
303.15
303.15
303.15
303.15
303.15
303.15
303.15
303.15
303.15
303.15
303.148
303.138
303.089
302.924
302.96
303.109
303.145
303.15
303.15
303.15
303.15
303.15
303.15
303.15
303.15
303.15
303.15
303.15
303.15
303.15
303.148
303.138
303.09
302.925
302.961
303.11
303.145
303.15
303.15
303.15
303.15
303.15
303.15
303.15
303.15
303.15
303.15
303.15
303.15
303.15
303.148
303.139
303.09
302.926
302.962
303.11
303.145
303.15
303.15
303.15
303.15
303.15
303.15
303.15
303.15
303.15
303.15
303.15
303.15
303.15
303.148
303.139
303.091
302.928
302.963
303.111
303.145
303.15
303.15
303.15
303.15
303.15
303.15
303.15
303.15
303.15
303.15
303.15
303.15
303.15
303.148
303.139
303.091
302.929
302.965
303.111
303.145
303.15
303.15
303.15
303.15
303.15
303.15
303.15
303.15
303.15
303.15
303.15
303.15
303.15
303.148
303.139
303.092
302.931
302.966
303.111
303.145
303.15
303.15
303.15
303.15
303.15
303.15
303.15
303.15
303.15
303.15
303.15
303.15
303.15
303.148
303.139
303.093
302.932
302.967
303.112
303.146
303.15
303.15
303.15
303.15
303.15
303.15
303.15
303.15
303.15
303.15
303.15
303.15
303.15
303.148
303.139
303.093
302.933
302.968
303.112
303.146
303.15
303.15
303.15
303.15
303.15
303.15
303.15
303.15
303.15
303.15
303.15
303.15
303.15
303.148
303.139
303.094
302.935
302.969
303.113
303.146
303.15
303.15
303.15
303.15
303.15
303.15
303.15
303.15
303.15
303.15
303.15
303.15
303.15
303.148
303.139
303.094
302.936
302.97
303.113
303.146
303.15
303.15
303.15
303.15
303.15
303.15
303.15
303.15
303.15
303.15
303.15
303.15
303.15
303.148
303.14
303.095
302.938
302.971
303.114
303.146
303.15
303.15
303.15
303.15
303.15
303.15
303.15
303.15
303.15
303.15
303.15
303.15
303.15
303.148
303.14
303.095
302.939
302.973
303.114
303.146
303.15
303.15
303.15
303.15
303.15
303.15
303.15
303.15
303.15
303.15
303.15
303.15
303.15
303.148
303.14
303.096
302.941
302.974
303.115
303.146
303.15
303.15
303.15
303.15
303.15
303.15
303.15
303.15
303.15
303.15
303.15
303.15
303.15
303.148
303.14
303.097
302.942
302.975
303.115
303.146
303.15
303.15
303.15
303.15
303.15
303.15
303.15
303.15
303.15
303.15
303.15
303.15
303.15
303.148
303.14
303.097
302.944
302.976
303.116
303.146
303.15
303.15
303.15
303.15
303.15
303.15
303.15
303.15
303.15
303.15
303.15
303.15
303.15
303.148
303.14
303.098
302.945
302.977
303.116
303.146
303.15
303.15
303.15
303.15
303.15
303.15
303.15
303.15
303.15
303.15
303.15
303.15
303.15
303.148
303.14
303.098
302.947
302.979
303.116
303.146
303.15
303.15
303.15
303.15
303.15
303.15
303.15
303.15
303.15
303.15
303.15
303.15
303.15
303.148
303.14
303.099
302.948
302.98
303.117
303.146
303.15
303.15
303.15
303.15
303.15
303.15
303.15
303.15
303.15
303.15
303.15
303.15
303.15
303.148
303.141
303.099
302.949
302.981
303.117
303.146
303.15
303.15
303.15
303.15
303.15
303.15
303.15
303.15
303.15
303.15
303.15
303.15
303.15
303.148
303.141
303.1
302.951
302.982
303.118
303.147
303.15
303.15
303.15
303.15
303.15
303.15
303.15
303.15
303.15
303.15
303.15
303.15
303.15
303.148
303.141
303.1
302.952
302.983
303.118
303.147
303.15
303.15
303.15
303.15
303.15
303.15
303.15
303.15
303.15
303.15
303.15
303.15
303.15
303.148
303.141
303.101
302.954
302.984
303.119
303.147
303.15
303.15
303.15
303.15
303.15
303.15
303.15
303.15
303.15
303.15
303.15
303.15
303.15
303.149
303.141
303.101
302.955
302.986
303.119
303.147
303.15
303.15
303.15
303.15
303.15
303.15
303.15
303.15
303.15
303.15
303.15
303.15
303.15
303.149
303.141
303.102
302.957
302.987
303.12
303.147
303.15
303.15
303.15
303.15
303.15
303.15
303.15
303.15
303.15
303.15
303.15
303.15
303.15
303.149
303.141
303.103
302.959
302.988
303.12
303.147
303.15
303.15
303.15
303.15
303.15
303.15
303.15
303.15
303.15
303.15
303.15
303.15
303.15
303.149
303.141
303.103
302.96
302.989
303.121
303.147
303.15
303.15
303.15
303.15
303.15
303.15
303.15
303.15
303.15
303.15
303.15
303.15
303.15
303.149
303.142
303.104
302.962
302.99
303.121
303.147
303.15
303.15
303.15
303.15
303.15
303.15
303.15
303.15
303.15
303.15
303.15
303.15
303.15
303.149
303.142
303.104
302.963
302.992
303.121
303.147
303.15
303.15
303.15
303.15
303.15
303.15
303.15
303.15
303.15
303.15
303.15
303.15
303.15
303.149
303.142
303.105
302.965
302.993
303.122
303.147
303.15
303.15
303.15
303.15
303.15
303.15
303.15
303.15
303.15
303.15
303.15
303.15
303.15
303.149
303.142
303.105
302.966
302.994
303.122
303.147
303.15
303.15
303.15
303.15
303.15
303.15
303.15
303.15
303.15
303.15
303.15
303.15
303.15
303.149
303.142
303.106
302.968
302.995
303.123
303.147
303.15
303.15
303.15
303.15
303.15
303.15
303.15
303.15
303.15
303.15
303.15
303.15
303.15
303.149
303.142
303.106
302.969
302.997
303.123
303.147
303.15
303.15
303.15
303.15
303.15
303.15
303.15
303.15
303.15
303.15
303.15
303.15
303.15
303.149
303.142
303.107
302.971
302.998
303.124
303.147
303.15
303.15
303.15
303.15
303.15
303.15
303.15
303.15
303.15
303.15
303.15
303.15
303.15
303.149
303.142
303.108
302.973
302.999
303.124
303.147
303.15
303.15
303.15
303.15
303.15
303.15
303.15
303.15
303.15
303.15
303.15
303.15
303.15
303.149
303.142
303.108
302.974
303
303.125
303.148
303.15
303.15
303.15
303.15
303.15
303.15
303.15
303.15
303.15
303.15
303.15
303.15
303.15
303.149
303.143
303.109
302.976
303.002
303.125
303.148
303.15
303.15
303.15
303.15
303.15
303.15
303.15
303.15
303.15
303.15
303.15
303.15
303.15
303.149
303.143
303.109
302.977
303.003
303.125
303.148
303.15
303.15
303.15
303.15
303.15
303.15
303.15
303.15
303.15
303.15
303.15
303.15
303.15
303.149
303.143
303.11
302.979
303.004
303.126
303.148
303.15
303.15
303.15
303.15
303.15
303.15
303.15
303.15
303.15
303.15
303.15
303.15
303.15
303.149
303.143
303.11
302.981
303.005
303.126
303.148
303.15
303.15
303.15
303.15
303.15
303.15
303.15
303.15
303.15
303.15
303.15
303.15
303.15
303.149
303.143
303.111
302.982
303.007
303.127
303.148
303.15
303.15
303.15
303.15
303.15
303.15
303.15
303.15
303.15
303.15
303.15
303.15
303.15
303.149
303.143
303.111
302.984
303.008
303.127
303.148
303.15
303.15
303.15
303.15
303.15
303.15
303.15
303.15
303.15
303.15
303.15
303.15
303.15
303.149
303.143
303.112
302.986
303.009
303.128
303.148
303.15
303.15
303.15
303.15
303.15
303.15
303.15
303.15
303.15
303.15
303.15
303.15
303.15
303.149
303.143
303.112
302.987
303.01
303.128
303.148
303.15
303.15
303.15
303.15
303.15
303.15
303.15
303.15
303.15
303.15
303.15
303.15
303.15
303.149
303.143
303.113
302.989
303.012
303.128
303.148
303.15
303.15
303.15
303.15
303.15
303.15
303.15
303.15
303.15
303.15
303.15
303.15
303.15
303.149
303.143
303.113
302.991
303.013
303.129
303.148
303.15
303.15
303.15
303.15
303.15
303.15
303.15
303.15
303.15
303.15
303.15
303.15
303.15
303.149
303.144
303.114
302.992
303.014
303.129
303.148
303.15
303.15
303.15
303.15
303.15
303.15
303.15
303.15
303.15
303.15
303.15
303.15
303.15
303.149
303.144
303.115
302.994
303.016
303.13
303.148
303.15
303.15
303.15
303.15
303.15
303.15
303.15
303.15
303.15
303.15
303.15
303.15
303.15
303.149
303.144
303.115
302.996
303.017
303.13
303.148
303.15
303.15
303.15
303.15
303.15
303.15
303.15
303.15
303.15
303.15
303.15
303.15
303.15
303.149
303.144
303.116
302.997
303.018
303.131
303.148
303.15
303.15
303.15
303.15
303.15
303.15
303.15
303.15
303.15
303.15
303.15
303.15
303.15
303.149
303.144
303.116
302.999
303.019
303.131
303.148
303.15
303.15
303.15
303.15
303.15
303.15
303.15
303.15
303.15
303.15
303.15
303.15
303.15
303.149
303.144
303.117
303.001
303.021
303.131
303.148
303.15
303.15
303.15
303.15
303.15
303.15
303.15
303.15
303.15
303.15
303.15
303.15
303.15
303.149
303.144
303.117
303.003
303.022
303.132
303.148
303.15
303.15
303.15
303.15
303.15
303.15
303.15
303.15
303.15
303.15
303.15
303.15
303.15
303.149
303.144
303.118
303.005
303.023
303.132
303.149
303.15
303.15
303.15
303.15
303.15
303.15
303.15
303.15
303.15
303.15
303.15
303.15
303.15
303.149
303.144
303.118
303.006
303.025
303.133
303.149
303.15
303.15
303.15
303.15
303.15
303.15
303.15
303.15
303.15
303.15
303.15
303.15
303.15
303.149
303.145
303.119
303.008
303.026
303.133
303.149
303.15
303.15
303.15
303.15
303.15
303.15
303.15
303.15
303.15
303.15
303.15
303.15
303.15
303.149
303.145
303.119
303.01
303.027
303.133
303.149
303.15
303.15
303.15
303.15
303.15
303.15
303.15
303.15
303.15
303.15
303.15
303.15
303.15
303.149
303.145
303.12
303.012
303.029
303.134
303.149
303.15
303.15
303.15
303.15
303.15
303.15
303.15
303.15
303.15
303.15
303.15
303.15
303.15
303.149
303.145
303.12
303.014
303.03
303.134
303.149
303.15
303.15
303.15
303.15
303.15
303.15
303.15
303.15
303.15
303.15
303.15
303.15
303.15
303.149
303.145
303.121
303.015
303.031
303.134
303.149
303.15
303.15
303.15
303.15
303.15
303.15
303.15
303.15
303.15
303.15
303.15
303.15
303.15
303.149
303.145
303.122
303.017
303.033
303.135
303.149
303.15
303.15
303.15
303.15
303.15
303.15
303.15
303.15
303.15
303.15
303.15
303.15
303.15
303.149
303.145
303.122
303.019
303.034
303.135
303.149
303.15
303.15
303.15
303.15
303.15
303.15
303.15
303.15
303.15
303.15
303.15
303.15
303.15
303.149
303.145
303.123
303.021
303.035
303.135
303.149
303.15
303.15
303.15
303.15
303.15
303.15
303.15
303.15
303.15
303.15
303.15
303.15
303.15
303.149
303.145
303.123
303.023
303.037
303.136
303.149
303.15
303.15
303.15
303.15
303.15
303.15
303.15
303.15
303.15
303.15
303.15
303.15
303.15
303.149
303.146
303.124
303.025
303.038
303.136
303.149
303.15
303.15
303.15
303.15
303.15
303.15
303.15
303.15
303.15
303.15
303.15
303.15
303.15
303.149
303.146
303.124
303.027
303.04
303.136
303.149
303.15
303.15
303.15
303.15
303.15
303.15
303.15
303.15
303.15
303.15
303.15
303.15
303.15
303.149
303.146
303.125
303.029
303.041
303.137
303.149
303.15
303.15
303.15
303.15
303.15
303.15
303.15
303.15
303.15
303.15
303.15
303.15
303.15
303.149
303.146
303.126
303.031
303.042
303.137
303.149
303.15
303.15
303.15
303.15
303.15
303.15
303.15
303.15
303.15
303.15
303.15
303.15
303.15
303.149
303.146
303.126
303.033
303.044
303.137
303.149
303.15
303.15
303.15
303.15
303.15
303.15
303.15
303.15
303.15
303.15
303.15
303.15
303.15
303.149
303.146
303.127
303.035
303.045
303.137
303.149
303.15
303.15
303.15
303.15
303.15
303.15
303.15
303.15
303.15
303.15
303.15
303.15
303.15
303.15
303.147
303.128
303.037
303.046
303.138
303.149
303.15
303.15
303.15
303.15
303.15
303.15
303.15
303.15
303.15
303.15
303.15
303.15
303.15
303.15
303.147
303.129
303.039
303.047
303.138
303.149
303.15
303.15
303.15
303.15
303.15
303.15
303.15
303.15
303.15
303.15
303.15
303.15
303.15
303.15
303.147
303.129
303.041
303.048
303.138
303.149
303.15
303.15
303.15
303.15
303.15
303.15
303.15
303.15
303.15
303.15
303.15
303.15
303.15
303.15
303.147
303.13
303.043
303.049
303.138
303.149
303.15
303.15
303.15
303.15
303.15
303.15
303.15
303.15
303.15
303.15
303.15
303.15
303.15
303.15
303.147
303.132
303.045
301.851
300.051
300.32
299.996
300.127
300.05
300.049
300.037
300.027
300.022
300.027
300.043
300.067
300.1
300.145
300.201
300.257
300.328
300.347
300.38
301.843
300.097
300.342
299.995
300.126
300.05
300.049
300.038
300.027
300.023
300.029
300.044
300.068
300.101
300.146
300.201
300.256
300.324
300.34
300.366
301.835
300.152
300.369
299.999
300.125
300.052
300.049
300.038
300.028
300.023
300.03
300.045
300.068
300.102
300.146
300.2
300.255
300.32
300.334
300.355
301.824
300.211
300.399
300.005
300.124
300.053
300.049
300.038
300.029
300.024
300.031
300.046
300.069
300.103
300.146
300.2
300.254
300.317
300.329
300.342
301.809
300.267
300.429
300.015
300.123
300.056
300.05
300.039
300.029
300.025
300.032
300.046
300.07
300.103
300.147
300.2
300.253
300.313
300.324
300.328
301.789
300.315
300.457
300.026
300.123
300.058
300.05
300.039
300.03
300.026
300.033
300.047
300.07
300.103
300.147
300.199
300.251
300.308
300.318
300.315
301.766
300.349
300.482
300.037
300.123
300.061
300.051
300.04
300.031
300.027
300.033
300.048
300.071
300.104
300.147
300.198
300.25
300.304
300.313
300.301
301.74
300.361
300.501
300.047
300.124
300.063
300.051
300.04
300.031
300.027
300.034
300.049
300.072
300.104
300.147
300.197
300.248
300.3
300.307
300.288
301.712
300.356
300.515
300.054
300.124
300.065
300.052
300.041
300.032
300.028
300.035
300.05
300.072
300.105
300.147
300.196
300.247
300.296
300.302
300.275
301.682
300.348
300.524
300.06
300.123
300.066
300.052
300.041
300.032
300.029
300.036
300.05
300.073
300.105
300.147
300.195
300.245
300.291
300.296
300.262
301.652
300.34
300.532
300.063
300.122
300.067
300.052
300.041
300.033
300.03
300.037
300.051
300.074
300.106
300.146
300.194
300.243
300.286
300.29
300.249
301.619
300.333
300.538
300.066
300.119
300.067
300.052
300.041
300.033
300.03
300.037
300.052
300.075
300.106
300.146
300.193
300.24
300.282
300.284
300.236
301.586
300.326
300.543
300.07
300.116
300.067
300.051
300.041
300.033
300.03
300.038
300.053
300.076
300.106
300.146
300.191
300.238
300.276
300.277
300.223
301.552
300.319
300.548
300.074
300.113
300.067
300.05
300.04
300.033
300.031
300.039
300.054
300.076
300.107
300.145
300.19
300.235
300.271
300.27
300.21
301.512
300.311
300.552
300.079
300.109
300.067
300.05
300.04
300.033
300.031
300.04
300.055
300.077
300.107
300.145
300.188
300.231
300.265
300.262
300.196
301.465
300.301
300.555
300.085
300.105
300.067
300.049
300.039
300.032
300.031
300.04
300.056
300.078
300.107
300.144
300.186
300.228
300.259
300.254
300.183
301.407
300.288
300.558
300.093
300.102
300.066
300.048
300.038
300.032
300.032
300.041
300.056
300.078
300.107
300.143
300.183
300.223
300.252
300.246
300.169
301.339
300.271
300.56
300.103
300.098
300.066
300.048
300.038
300.032
300.032
300.042
300.057
300.079
300.107
300.142
300.181
300.219
300.245
300.236
300.155
301.259
300.249
300.561
300.117
300.096
300.065
300.048
300.038
300.033
300.033
300.043
300.058
300.079
300.107
300.14
300.178
300.214
300.237
300.226
300.141
301.169
300.22
300.561
300.133
300.094
300.065
300.048
300.038
300.034
300.034
300.044
300.059
300.08
300.107
300.139
300.175
300.208
300.229
300.216
300.127
301.068
300.182
300.561
300.154
300.095
300.066
300.049
300.039
300.035
300.036
300.046
300.06
300.081
300.107
300.138
300.171
300.202
300.22
300.204
300.112
300.961
300.134
300.558
300.181
300.1
300.069
300.051
300.042
300.037
300.038
300.047
300.062
300.082
300.107
300.136
300.168
300.196
300.211
300.192
300.097
300.853
300.07
300.553
300.214
300.112
300.074
300.055
300.045
300.041
300.041
300.05
300.064
300.083
300.107
300.135
300.165
300.19
300.201
300.179
300.081
300.758
299.984
300.543
300.254
300.134
300.085
300.063
300.051
300.046
300.046
300.054
300.067
300.086
300.109
300.135
300.162
300.184
300.191
300.166
300.066
300.696
299.855
300.529
300.302
300.168
300.105
300.075
300.06
300.054
300.053
300.059
300.072
300.089
300.111
300.135
300.159
300.178
300.181
300.153
300.052
300.708
299.863
300.517
300.358
300.216
300.136
300.096
300.075
300.065
300.062
300.067
300.078
300.095
300.114
300.136
300.158
300.172
300.172
300.14
300.038
300.86
300.32
300.547
300.416
300.272
300.177
300.125
300.096
300.082
300.076
300.079
300.088
300.103
300.12
300.14
300.158
300.168
300.163
300.128
300.026
301.072
300.565
300.575
300.46
300.324
300.224
300.161
300.125
300.105
300.096
300.095
300.102
300.114
300.129
300.145
300.159
300.166
300.156
300.117
300.017
301.214
300.711
300.584
300.482
300.364
300.268
300.202
300.16
300.134
300.121
300.116
300.12
300.129
300.141
300.154
300.164
300.165
300.151
300.11
300.01
301.261
300.727
300.556
300.487
300.393
300.308
300.244
300.198
300.169
300.151
300.142
300.142
300.148
300.156
300.165
300.171
300.167
300.149
300.105
300.009
301.245
300.664
300.496
300.485
300.413
300.342
300.282
300.237
300.205
300.184
300.172
300.168
300.17
300.175
300.179
300.18
300.173
300.151
300.106
300.014
301.226
300.593
300.433
300.475
300.422
300.363
300.312
300.27
300.238
300.217
300.203
300.196
300.194
300.195
300.196
300.193
300.182
300.158
300.113
300.026
301.263
300.57
300.379
300.424
300.414
300.372
300.331
300.295
300.266
300.245
300.231
300.223
300.219
300.217
300.214
300.208
300.195
300.17
300.126
300.046
301.349
300.601
300.364
300.334
300.397
300.371
300.339
300.309
300.285
300.267
300.254
300.246
300.241
300.237
300.233
300.225
300.211
300.187
300.146
300.075
301.465
300.666
300.353
300.273
300.301
300.352
300.333
300.311
300.293
300.279
300.268
300.261
300.257
300.254
300.249
300.241
300.228
300.207
300.172
300.113
301.6
300.764
300.369
300.247
300.223
300.265
300.311
300.302
300.29
300.28
300.273
300.269
300.266
300.264
300.261
300.255
300.245
300.228
300.201
300.156
301.745
300.893
300.418
300.24
300.182
300.176
300.204
300.264
300.275
300.272
300.268
300.267
300.266
300.266
300.266
300.264
300.258
300.247
300.23
300.206
301.889
301.043
300.498
300.26
300.164
300.131
300.125
300.146
300.199
300.236
300.25
300.254
300.258
300.261
300.264
300.265
300.264
300.258
300.247
300.226
302.024
301.204
300.603
300.31
300.173
300.113
300.087
300.081
300.084
300.113
300.167
300.211
300.234
300.246
300.255
300.261
300.264
300.264
300.258
300.242
302.143
301.361
300.721
300.38
300.206
300.12
300.075
300.051
300.041
300.043
300.063
300.106
300.164
300.211
300.236
300.252
300.261
300.267
300.266
300.254
302.242
301.504
300.839
300.46
300.254
300.147
300.084
300.047
300.026
300.019
300.026
300.052
300.081
300.144
300.204
300.237
300.255
300.266
300.269
300.259
302.321
301.627
300.949
300.54
300.308
300.183
300.107
300.059
300.029
300.017
300.019
300.038
300.052
300.074
300.163
300.218
300.246
300.261
300.267
300.258
302.382
301.729
301.044
300.613
300.361
300.221
300.135
300.078
300.042
300.025
300.026
300.041
300.051
300.058
300.13
300.2
300.238
300.256
300.262
300.252
302.428
301.809
301.125
300.676
300.408
300.256
300.163
300.1
300.058
300.037
300.038
300.052
300.062
300.064
300.107
300.187
300.231
300.252
300.258
300.247
302.462
301.872
301.19
300.729
300.449
300.288
300.189
300.122
300.075
300.052
300.053
300.066
300.078
300.078
300.092
300.179
300.228
300.25
300.256
300.246
302.487
301.919
301.243
300.773
300.485
300.317
300.213
300.142
300.093
300.068
300.069
300.082
300.095
300.095
300.086
300.175
300.226
300.25
300.257
300.247
302.504
301.955
301.285
300.809
300.515
300.342
300.235
300.162
300.111
300.085
300.085
300.099
300.113
300.112
300.085
300.172
300.226
300.252
300.26
300.251
302.517
301.98
301.318
300.839
300.541
300.365
300.256
300.18
300.128
300.102
300.103
300.117
300.131
300.129
300.09
300.17
300.226
300.254
300.263
300.254
302.525
301.999
301.344
300.865
300.565
300.386
300.275
300.199
300.146
300.12
300.121
300.135
300.149
300.145
300.101
300.169
300.227
300.255
300.264
300.256
302.53
302.012
301.365
300.886
300.586
300.405
300.294
300.217
300.164
300.138
300.14
300.155
300.168
300.16
300.115
300.169
300.227
300.255
300.264
300.256
302.533
302.022
301.381
300.905
300.605
300.424
300.312
300.235
300.182
300.157
300.159
300.174
300.187
300.174
300.123
300.169
300.227
300.255
300.264
300.255
302.535
302.028
301.395
300.923
300.623
300.443
300.33
300.253
300.201
300.176
300.179
300.194
300.205
300.186
300.128
300.168
300.226
300.255
300.264
300.255
302.536
302.033
301.407
300.939
300.641
300.461
300.349
300.271
300.22
300.196
300.2
300.214
300.223
300.198
300.131
300.167
300.226
300.255
300.264
300.255
302.536
302.037
301.418
300.954
300.659
300.479
300.367
300.29
300.239
300.217
300.221
300.235
300.241
300.21
300.133
300.165
300.226
300.256
300.265
300.256
302.536
302.04
301.429
300.97
300.677
300.498
300.386
300.31
300.26
300.238
300.242
300.255
300.258
300.223
300.134
300.162
300.225
300.257
300.266
300.257
302.537
302.044
301.439
300.986
300.695
300.518
300.406
300.33
300.28
300.26
300.264
300.276
300.274
300.235
300.135
300.16
300.225
300.257
300.267
300.258
302.538
302.049
301.45
301.002
300.714
300.537
300.426
300.35
300.302
300.282
300.286
300.297
300.29
300.245
300.137
300.156
300.224
300.258
300.268
300.259
302.54
302.054
301.462
301.018
300.733
300.558
300.447
300.372
300.324
300.305
300.309
300.317
300.305
300.253
300.142
300.152
300.223
300.258
300.268
300.259
302.542
302.06
301.475
301.036
300.754
300.579
300.468
300.393
300.346
300.328
300.331
300.337
300.318
300.257
300.152
300.148
300.222
300.258
300.268
300.259
302.546
302.068
301.489
301.054
300.775
300.601
300.491
300.416
300.37
300.351
300.354
300.357
300.33
300.257
300.166
300.144
300.221
300.258
300.269
300.26
302.55
302.076
301.503
301.074
300.797
300.624
300.514
300.44
300.393
300.375
300.377
300.376
300.34
300.251
300.178
300.141
300.22
300.259
300.269
300.261
302.554
302.085
301.52
301.096
300.821
300.649
300.538
300.464
300.418
300.399
300.399
300.394
300.348
300.238
300.185
300.139
300.22
300.259
300.27
300.262
302.559
302.096
301.537
301.118
300.846
300.674
300.563
300.489
300.443
300.423
300.421
300.411
300.353
300.221
300.186
300.138
300.22
300.26
300.271
300.263
302.565
302.108
301.557
301.142
300.872
300.7
300.589
300.514
300.468
300.448
300.442
300.426
300.357
300.212
300.181
300.138
300.221
300.261
300.272
300.264
302.572
302.121
301.577
301.168
300.899
300.728
300.616
300.541
300.494
300.472
300.462
300.44
300.362
300.21
300.173
300.139
300.221
300.262
300.273
300.265
302.579
302.135
301.6
301.195
300.928
300.757
300.644
300.568
300.52
300.495
300.482
300.453
300.37
300.21
300.165
300.141
300.222
300.263
300.274
300.266
302.588
302.15
301.623
301.224
300.958
300.787
300.673
300.596
300.546
300.519
300.5
300.467
300.38
300.212
300.157
300.143
300.223
300.264
300.275
300.267
302.596
302.167
301.648
301.253
300.99
300.817
300.703
300.624
300.573
300.542
300.519
300.481
300.391
300.216
300.151
300.145
300.223
300.265
300.276
300.267
302.606
302.185
301.674
301.285
301.022
300.849
300.733
300.653
300.6
300.565
300.536
300.494
300.404
300.224
300.146
300.147
300.224
300.266
300.277
300.268
302.615
302.203
301.702
301.317
301.056
300.882
300.764
300.682
300.626
300.587
300.553
300.507
300.417
300.235
300.142
300.148
300.225
300.267
300.278
300.269
302.626
302.223
301.731
301.351
301.091
300.916
300.796
300.712
300.653
300.609
300.57
300.52
300.431
300.249
300.14
300.15
300.225
300.267
300.278
300.27
302.637
302.243
301.761
301.385
301.127
300.95
300.828
300.742
300.679
300.63
300.585
300.531
300.445
300.267
300.138
300.15
300.225
300.268
300.279
300.27
302.648
302.265
301.791
301.421
301.163
300.986
300.861
300.772
300.705
300.651
300.599
300.541
300.458
300.291
300.138
300.15
300.226
300.269
300.279
300.271
302.66
302.287
301.823
301.458
301.201
301.021
300.894
300.802
300.731
300.67
300.612
300.55
300.47
300.319
300.138
300.15
300.225
300.269
300.28
300.271
302.673
302.309
301.855
301.495
301.239
301.058
300.928
300.832
300.756
300.689
300.623
300.557
300.48
300.353
300.139
300.148
300.225
300.269
300.28
300.272
302.685
302.333
301.888
301.533
301.278
301.095
300.962
300.861
300.78
300.705
300.633
300.562
300.486
300.389
300.142
300.145
300.224
300.27
300.281
300.272
302.698
302.356
301.922
301.572
301.317
301.132
300.995
300.891
300.803
300.721
300.641
300.565
300.49
300.423
300.15
300.142
300.223
300.27
300.281
300.273
302.711
302.381
301.956
301.611
301.357
301.17
301.029
300.92
300.825
300.734
300.647
300.567
300.491
300.449
300.164
300.14
300.221
300.27
300.282
300.273
302.725
302.406
301.991
301.651
301.397
301.207
301.063
300.948
300.846
300.745
300.65
300.565
300.489
300.463
300.188
300.138
300.219
300.27
300.282
300.273
302.738
302.431
302.026
301.691
301.438
301.245
301.096
300.975
300.865
300.755
300.652
300.562
300.485
300.465
300.224
300.139
300.216
300.27
300.283
300.274
302.752
302.456
302.062
301.732
301.479
301.283
301.13
301.002
300.883
300.762
300.651
300.557
300.479
300.461
300.266
300.145
300.214
300.27
300.283
300.275
302.765
302.482
302.098
301.773
301.52
301.321
301.163
301.028
300.899
300.767
300.647
300.55
300.471
300.456
300.305
300.156
300.212
300.27
300.284
300.275
302.779
302.507
302.134
301.814
301.561
301.36
301.195
301.053
300.913
300.77
300.642
300.542
300.462
300.449
300.336
300.169
300.21
300.27
300.285
300.276
302.793
302.533
302.171
301.856
301.603
301.398
301.227
301.076
300.925
300.77
300.635
300.532
300.452
300.44
300.358
300.183
300.208
300.27
300.286
300.278
302.806
302.559
302.207
301.898
301.645
301.436
301.259
301.099
300.935
300.768
300.626
300.521
300.441
300.431
300.371
300.195
300.208
300.27
300.287
300.279
302.819
302.586
302.244
301.94
301.687
301.474
301.29
301.12
300.944
300.765
300.616
300.51
300.429
300.422
300.377
300.205
300.207
300.271
300.289
300.281
302.832
302.612
302.282
301.982
301.729
301.511
301.32
301.14
300.95
300.759
300.605
300.498
300.418
300.411
300.378
300.212
300.208
300.273
300.291
300.283
302.845
302.638
302.319
302.024
301.771
301.549
301.35
301.159
300.955
300.752
300.593
300.486
300.406
300.401
300.374
300.216
300.209
300.274
300.293
300.285
302.858
302.663
302.356
302.067
301.813
301.586
301.379
301.176
300.959
300.744
300.58
300.475
300.395
300.391
300.367
300.217
300.21
300.277
300.295
300.288
302.871
302.689
302.393
302.109
301.855
301.623
301.408
301.193
300.961
300.735
300.568
300.464
300.385
300.381
300.357
300.217
300.213
300.28
300.298
300.291
302.883
302.714
302.429
302.151
301.896
301.659
301.436
301.209
300.963
300.725
300.557
300.454
300.375
300.372
300.346
300.215
300.216
300.283
300.301
300.294
302.895
302.739
302.466
302.193
301.938
301.696
301.463
301.224
300.963
300.716
300.546
300.446
300.366
300.362
300.334
300.212
300.22
300.287
300.304
300.298
302.906
302.764
302.502
302.235
301.979
301.732
301.49
301.238
300.964
300.707
300.536
300.439
300.357
300.353
300.321
300.211
300.226
300.292
300.307
300.301
302.917
302.788
302.537
302.276
302.02
301.767
301.517
301.252
300.964
300.699
300.528
300.433
300.35
300.343
300.309
300.211
300.232
300.297
300.311
300.305
302.928
302.811
302.572
302.317
302.06
301.802
301.543
301.266
300.965
300.692
300.522
300.429
300.345
300.333
300.297
300.212
300.24
300.302
300.315
300.309
302.938
302.834
302.606
302.356
302.1
301.837
301.569
301.279
300.966
300.687
300.517
300.426
300.341
300.321
300.287
300.217
300.249
300.307
300.32
300.314
302.948
302.856
302.64
302.396
302.139
301.872
301.594
301.293
300.969
300.684
300.515
300.425
300.338
300.31
300.279
300.223
300.259
300.313
300.324
300.318
302.957
302.878
302.672
302.434
302.178
301.906
301.62
301.308
300.973
300.683
300.515
300.425
300.338
300.299
300.274
300.232
300.27
300.318
300.329
300.322
302.966
302.898
302.704
302.472
302.216
301.939
301.645
301.323
300.978
300.684
300.517
300.426
300.338
300.291
300.271
300.244
300.28
300.324
300.334
300.326
302.974
302.918
302.734
302.508
302.253
301.973
301.671
301.339
300.986
300.688
300.52
300.43
300.341
300.287
300.273
300.256
300.291
300.33
300.338
300.33
302.982
302.936
302.763
302.544
302.289
302.006
301.697
301.356
300.995
300.693
300.525
300.434
300.344
300.288
300.278
300.269
300.301
300.335
300.343
300.334
302.989
302.954
302.792
302.578
302.325
302.039
301.724
301.374
301.006
300.701
300.532
300.44
300.349
300.293
300.285
300.282
300.311
300.341
300.347
300.337
302.996
302.971
302.819
302.611
302.36
302.071
301.75
301.394
301.019
300.71
300.54
300.447
300.355
300.301
300.294
300.295
300.32
300.346
300.351
300.34
303.002
302.987
302.844
302.643
302.394
302.103
301.777
301.414
301.033
300.72
300.549
300.455
300.362
300.31
300.303
300.306
300.329
300.352
300.355
300.343
303.008
303.002
302.868
302.674
302.427
302.134
301.804
301.435
301.049
300.733
300.56
300.465
300.369
300.318
300.313
300.317
300.337
300.357
300.359
300.346
303.013
303.015
302.891
302.703
302.459
302.165
301.83
301.456
301.066
300.746
300.571
300.476
300.377
300.326
300.322
300.326
300.345
300.362
300.363
300.349
303.018
303.028
302.913
302.73
302.489
302.194
301.857
301.478
301.084
300.761
300.584
300.488
300.386
300.334
300.33
300.335
300.352
300.367
300.366
300.351
303.023
303.04
302.932
302.756
302.518
302.223
301.883
301.501
301.102
300.776
300.598
300.502
300.395
300.341
300.337
300.342
300.359
300.373
300.37
300.354
303.027
303.051
302.951
302.78
302.545
302.25
301.908
301.523
301.121
300.793
300.613
300.516
300.405
300.347
300.343
300.349
300.365
300.378
300.373
300.356
303.03
303.061
302.968
302.803
302.571
302.276
301.932
301.544
301.141
300.809
300.628
300.532
300.416
300.352
300.349
300.355
300.371
300.384
300.377
300.358
303.033
303.069
302.983
302.824
302.595
302.301
301.955
301.565
301.16
300.827
300.643
300.549
300.429
300.358
300.354
300.36
300.377
300.389
300.38
300.361
303.036
303.077
302.997
302.843
302.617
302.323
301.977
301.586
301.179
300.844
300.659
300.566
300.443
300.363
300.359
300.365
300.383
300.395
300.384
300.363
303.039
303.084
303.01
302.86
302.637
302.344
301.997
301.605
301.198
300.861
300.675
300.585
300.459
300.368
300.363
300.369
300.388
300.402
300.388
300.366
303.041
303.091
303.021
302.876
302.655
302.364
302.016
301.623
301.215
300.878
300.692
300.604
300.477
300.374
300.368
300.373
300.393
300.408
300.392
300.368
303.043
303.096
303.031
302.889
302.672
302.381
302.033
301.64
301.232
300.895
300.708
300.623
300.499
300.38
300.372
300.377
300.398
300.415
300.397
300.371
303.045
303.101
303.04
302.902
302.686
302.396
302.048
301.655
301.248
300.911
300.724
300.643
300.524
300.387
300.378
300.381
300.402
300.422
300.402
300.375
303.046
303.105
303.047
302.912
302.699
302.41
302.062
301.668
301.262
300.927
300.739
300.663
300.555
300.396
300.383
300.384
300.407
300.429
300.407
300.378
303.048
303.109
303.054
302.921
302.709
302.421
302.073
301.679
301.275
300.942
300.754
300.681
300.589
300.405
300.39
300.388
300.411
300.437
300.413
300.382
303.049
303.112
303.059
302.929
302.718
302.43
302.082
301.689
301.286
300.956
300.768
300.698
300.623
300.417
300.397
300.393
300.415
300.445
300.419
300.386
303.05
303.114
303.063
302.935
302.725
302.438
302.089
301.696
301.296
300.968
300.782
300.713
300.653
300.434
300.405
300.398
300.42
300.454
300.425
300.391
303.051
303.116
303.067
302.939
302.73
302.443
302.093
301.701
301.304
300.979
300.795
300.727
300.678
300.453
300.415
300.404
300.425
300.463
300.432
300.396
303.052
303.118
303.069
302.942
302.734
302.446
302.096
301.704
301.309
300.989
300.807
300.739
300.698
300.477
300.426
300.411
300.43
300.472
300.44
300.401
303.053
303.119
303.071
302.945
302.735
302.446
302.096
301.705
301.313
300.998
300.818
300.75
300.715
300.506
300.437
300.419
300.435
300.481
300.448
300.407
303.054
303.12
303.072
302.945
302.735
302.445
302.094
301.704
301.316
301.006
300.829
300.76
300.731
300.542
300.45
300.428
300.441
300.491
300.457
300.414
303.055
303.121
303.073
302.945
302.734
302.442
302.09
301.701
301.317
301.012
300.839
300.77
300.744
300.579
300.463
300.438
300.449
300.501
300.467
300.421
303.055
303.121
303.073
302.944
302.731
302.438
302.085
301.696
301.316
301.018
300.848
300.78
300.755
300.614
300.478
300.449
300.457
300.511
300.477
300.429
303.056
303.122
303.072
302.942
302.726
302.432
302.077
301.69
301.314
301.022
300.856
300.789
300.766
300.645
300.493
300.462
300.467
300.522
300.487
300.437
303.057
303.122
303.071
302.938
302.721
302.424
302.068
301.682
301.311
301.026
300.864
300.798
300.776
300.67
300.508
300.475
300.477
300.533
300.499
300.446
303.057
303.122
303.069
302.934
302.714
302.414
302.058
301.673
301.308
301.029
300.872
300.806
300.785
300.691
300.524
300.489
300.489
300.545
300.51
300.455
303.058
303.121
303.067
302.929
302.705
302.403
302.046
301.663
301.303
301.033
300.88
300.815
300.794
300.709
300.541
300.503
300.503
300.557
300.522
300.465
303.059
303.121
303.064
302.923
302.696
302.391
302.033
301.652
301.299
301.036
300.887
300.822
300.802
300.723
300.558
300.518
300.517
300.57
300.535
300.475
303.059
303.12
303.061
302.917
302.685
302.377
302.018
301.641
301.294
301.039
300.894
300.83
300.81
300.734
300.575
300.534
300.533
300.583
300.548
300.486
303.06
303.119
303.057
302.909
302.674
302.362
302.003
301.628
301.289
301.042
300.902
300.838
300.817
300.744
300.591
300.55
300.549
300.597
300.561
300.498
303.06
303.118
303.053
302.901
302.661
302.346
301.986
301.616
301.284
301.046
300.909
300.845
300.825
300.753
300.608
300.566
300.567
300.611
300.575
300.509
303.061
303.117
303.049
302.892
302.647
302.329
301.969
301.603
301.28
301.05
300.916
300.852
300.832
300.761
300.624
300.582
300.584
300.626
300.589
300.522
303.062
303.115
303.044
302.882
302.632
302.311
301.951
301.589
301.275
301.054
300.924
300.858
300.838
300.769
300.639
300.599
300.603
300.642
300.604
300.534
303.062
303.114
303.039
302.872
302.617
302.292
301.932
301.576
301.271
301.059
300.931
300.865
300.845
300.776
300.654
300.615
300.622
300.658
300.618
300.547
303.063
303.112
303.033
302.861
302.6
302.273
301.913
301.563
301.268
301.064
300.939
300.871
300.851
300.782
300.668
300.632
300.641
300.674
300.633
300.56
303.063
303.11
303.027
302.849
302.583
302.252
301.894
301.55
301.265
301.069
300.946
300.877
300.857
300.788
300.681
300.648
300.66
300.691
300.648
300.574
303.064
303.109
303.021
302.837
302.566
302.232
301.875
301.538
301.262
301.074
300.953
300.882
300.863
300.794
300.693
300.664
300.679
300.708
300.664
300.588
303.064
303.107
303.015
302.825
302.548
302.211
301.856
301.526
301.261
301.08
300.96
300.887
300.868
300.799
300.704
300.68
300.698
300.725
300.68
300.603
303.064
303.104
303.008
302.812
302.529
302.19
301.838
301.515
301.259
301.086
300.967
300.892
300.874
300.804
300.715
300.696
300.718
300.743
300.696
300.617
303.065
303.102
303.001
302.8
302.511
302.169
301.819
301.504
301.259
301.093
300.973
300.896
300.878
300.808
300.725
300.712
300.737
300.76
300.712
300.633
303.065
303.1
302.995
302.787
302.493
302.149
301.802
301.494
301.259
301.099
300.979
300.9
300.883
300.812
300.735
300.728
300.756
300.778
300.728
300.648
303.065
303.098
302.988
302.774
302.475
302.129
301.785
301.485
301.26
301.106
300.985
300.904
300.888
300.815
300.744
300.744
300.776
300.796
300.745
300.663
303.066
303.096
302.981
302.761
302.457
302.11
301.769
301.477
301.261
301.113
300.991
300.907
300.892
300.817
300.754
300.76
300.795
300.814
300.762
300.679
303.066
303.093
302.975
302.749
302.44
302.092
301.755
301.471
301.264
301.12
300.997
300.91
300.896
300.819
300.763
300.776
300.814
300.832
300.779
300.696
303.066
303.091
302.968
302.738
302.424
302.075
301.741
301.465
301.267
301.127
301.002
300.913
300.9
300.82
300.773
300.792
300.833
300.85
300.797
300.712
303.066
303.089
302.962
302.727
302.41
302.059
301.73
301.461
301.27
301.135
301.008
300.917
300.903
300.821
300.784
300.809
300.852
300.868
300.815
300.729
303.066
303.087
302.957
302.716
302.396
302.045
301.72
301.458
301.275
301.142
301.013
300.92
300.899
300.823
300.795
300.826
300.871
300.886
300.833
300.746
303.066
303.086
302.951
302.707
302.384
302.033
301.711
301.457
301.28
301.15
301.018
300.924
300.895
300.828
300.808
300.844
300.89
300.904
300.852
300.763
303.066
303.084
302.947
302.699
302.373
302.023
301.705
301.457
301.286
301.157
301.024
300.928
300.897
300.835
300.822
300.861
300.91
300.922
300.871
300.781
303.066
303.083
302.943
302.693
302.365
302.015
301.701
301.458
301.292
301.165
301.029
300.932
300.899
300.843
300.837
300.88
300.929
300.94
300.89
300.799
303.066
303.081
302.94
302.687
302.358
302.01
301.699
301.461
301.299
301.173
301.036
300.938
300.903
300.854
300.853
300.898
300.948
300.959
300.91
300.817
303.066
303.081
302.938
302.684
302.354
302.006
301.698
301.465
301.306
301.181
301.042
300.943
300.909
300.867
300.87
300.917
300.967
300.977
300.93
300.835
303.066
303.08
302.937
302.682
302.352
302.006
301.7
301.47
301.314
301.189
301.049
300.949
300.916
300.881
300.889
300.937
300.987
300.996
300.95
300.853
303.066
303.08
302.936
302.682
302.353
302.008
301.704
301.477
301.323
301.197
301.056
300.955
300.931
300.898
300.908
300.957
301.006
301.016
300.97
300.871
303.066
303.08
302.937
302.684
302.356
302.012
301.71
301.485
301.331
301.206
301.064
300.962
300.944
300.915
300.927
300.977
301.026
301.035
300.99
300.889
303.066
303.081
302.939
302.688
302.362
302.019
301.718
301.493
301.341
301.214
301.072
300.969
300.955
300.933
300.948
300.997
301.045
301.054
301.01
300.906
303.066
303.082
302.943
302.694
302.37
302.029
301.728
301.503
301.35
301.224
301.08
300.976
300.966
300.951
300.968
301.017
301.064
301.074
301.03
300.924
)
;

boundaryField
{
    wall
    {
        type            zeroGradient;
    }
    inlet
    {
        type            fixedValue;
        value           uniform 303.15;
    }
    outlet
    {
        type            inletOutlet;
        inletValue      uniform 300;
        value           nonuniform List<scalar> 
20
(
300.888
300.664
300.542
300.373
300.251
300.155
300.09
300.049
300.022
300.007
300
300
300
300
300
300
300
300
300
302.146
)
;
    }
    heatWall
    {
        type            fixedGradient;
        gradient        uniform -1000;
    }
}


// ************************************************************************* //
