/*--------------------------------*- C++ -*----------------------------------*\
  =========                 |
  \\      /  F ield         | OpenFOAM: The Open Source CFD Toolbox
   \\    /   O peration     | Website:  https://openfoam.org
    \\  /    A nd           | Version:  8
     \\/     M anipulation  |
\*---------------------------------------------------------------------------*/
FoamFile
{
    version     2.0;
    format      ascii;
    class       volScalarField;
    location    "900";
    object      T;
}
// * * * * * * * * * * * * * * * * * * * * * * * * * * * * * * * * * * * * * //

dimensions      [0 0 0 1 0 0 0];

internalField   nonuniform List<scalar> 
8400
(
302.516
302.517
302.518
302.519
302.52
302.521
302.522
302.523
302.524
302.525
302.526
302.526
302.527
302.528
302.529
302.53
302.531
302.532
302.533
302.534
302.534
302.535
302.536
302.537
302.538
302.539
302.54
302.541
302.541
302.542
302.543
302.544
302.544
302.545
302.546
302.546
302.547
302.547
302.548
302.548
302.548
302.548
302.548
302.548
302.547
302.547
302.546
302.544
302.542
302.539
302.916
302.916
302.917
302.917
302.918
302.919
302.919
302.92
302.92
302.921
302.921
302.922
302.923
302.923
302.924
302.924
302.925
302.925
302.926
302.926
302.927
302.927
302.928
302.928
302.929
302.929
302.93
302.93
302.931
302.931
302.931
302.932
302.932
302.933
302.933
302.933
302.933
302.933
302.934
302.934
302.934
302.934
302.933
302.933
302.933
302.932
302.931
302.93
302.929
302.927
303.096
303.096
303.097
303.097
303.097
303.097
303.097
303.098
303.098
303.098
303.098
303.098
303.099
303.099
303.099
303.099
303.099
303.099
303.099
303.1
303.1
303.1
303.1
303.1
303.1
303.1
303.101
303.101
303.101
303.101
303.101
303.101
303.101
303.101
303.101
303.101
303.101
303.101
303.101
303.101
303.101
303.101
303.101
303.101
303.1
303.1
303.1
303.099
303.099
303.098
303.141
303.141
303.141
303.141
303.141
303.141
303.141
303.141
303.141
303.141
303.141
303.141
303.141
303.141
303.142
303.142
303.142
303.142
303.142
303.142
303.142
303.142
303.142
303.142
303.142
303.142
303.142
303.142
303.142
303.142
303.142
303.142
303.142
303.142
303.142
303.142
303.142
303.142
303.142
303.142
303.142
303.142
303.142
303.142
303.142
303.142
303.141
303.141
303.141
303.141
303.149
303.149
303.149
303.149
303.149
303.149
303.149
303.149
303.149
303.149
303.149
303.149
303.149
303.149
303.149
303.149
303.149
303.149
303.149
303.149
303.149
303.149
303.149
303.149
303.149
303.149
303.149
303.149
303.149
303.149
303.149
303.149
303.149
303.149
303.149
303.149
303.149
303.149
303.149
303.149
303.149
303.149
303.149
303.149
303.149
303.149
303.149
303.149
303.149
303.149
303.15
303.15
303.15
303.15
303.15
303.15
303.151
303.151
303.151
303.151
303.151
303.151
303.151
303.151
303.151
303.151
303.151
303.151
303.151
303.151
303.151
303.151
303.151
303.151
303.151
303.151
303.151
303.151
303.151
303.151
303.151
303.151
303.151
303.151
303.151
303.151
303.151
303.151
303.151
303.151
303.151
303.151
303.151
303.151
303.151
303.151
303.151
303.151
303.151
303.151
303.15
303.15
303.15
303.15
303.15
303.15
303.151
303.151
303.151
303.151
303.151
303.151
303.151
303.151
303.151
303.151
303.151
303.151
303.151
303.151
303.151
303.151
303.151
303.151
303.151
303.151
303.151
303.151
303.151
303.151
303.151
303.151
303.151
303.151
303.151
303.151
303.151
303.151
303.151
303.151
303.151
303.151
303.151
303.151
303.151
303.151
303.151
303.151
303.151
303.151
303.15
303.15
303.151
303.151
303.151
303.151
303.151
303.151
303.151
303.151
303.151
303.151
303.151
303.151
303.151
303.151
303.151
303.151
303.151
303.151
303.151
303.151
303.151
303.151
303.151
303.151
303.151
303.151
303.151
303.151
303.151
303.151
303.151
303.151
303.151
303.151
303.151
303.151
303.151
303.151
303.151
303.151
303.151
303.151
303.151
303.151
303.151
303.151
303.151
303.151
303.15
303.15
303.15
303.151
303.151
303.151
303.151
303.151
303.151
303.151
303.151
303.151
303.151
303.151
303.151
303.151
303.151
303.151
303.151
303.151
303.151
303.151
303.151
303.151
303.151
303.151
303.151
303.151
303.151
303.151
303.151
303.151
303.151
303.151
303.151
303.151
303.151
303.151
303.151
303.151
303.151
303.151
303.151
303.151
303.151
303.151
303.151
303.151
303.151
303.151
303.15
303.15
303.151
303.151
303.151
303.151
303.151
303.151
303.151
303.151
303.151
303.151
303.151
303.151
303.151
303.151
303.151
303.151
303.151
303.151
303.151
303.151
303.151
303.151
303.151
303.151
303.151
303.151
303.151
303.151
303.151
303.151
303.151
303.151
303.151
303.151
303.151
303.151
303.151
303.151
303.151
303.151
303.151
303.151
303.151
303.151
303.151
303.151
303.151
303.151
303.15
303.15
303.151
303.151
303.151
303.151
303.151
303.151
303.151
303.151
303.151
303.151
303.151
303.151
303.151
303.151
303.151
303.151
303.151
303.151
303.151
303.151
303.151
303.151
303.151
303.151
303.151
303.151
303.151
303.151
303.151
303.151
303.151
303.151
303.151
303.151
303.151
303.151
303.151
303.151
303.151
303.151
303.151
303.151
303.151
303.151
303.151
303.151
303.151
303.151
303.15
303.15
303.15
303.151
303.151
303.151
303.151
303.151
303.151
303.151
303.151
303.151
303.151
303.151
303.151
303.151
303.151
303.151
303.151
303.151
303.151
303.151
303.151
303.151
303.151
303.151
303.151
303.151
303.151
303.151
303.151
303.151
303.151
303.151
303.151
303.151
303.151
303.151
303.151
303.151
303.151
303.151
303.151
303.151
303.151
303.151
303.151
303.151
303.151
303.151
303.15
303.151
303.151
303.151
303.151
303.151
303.151
303.151
303.151
303.151
303.151
303.151
303.151
303.151
303.151
303.151
303.151
303.151
303.151
303.151
303.151
303.151
303.151
303.151
303.151
303.151
303.151
303.151
303.151
303.151
303.151
303.151
303.151
303.151
303.151
303.151
303.151
303.151
303.151
303.151
303.151
303.151
303.151
303.151
303.151
303.151
303.151
303.151
303.151
303.151
303.15
303.15
303.15
303.15
303.15
303.15
303.15
303.15
303.151
303.151
303.151
303.151
303.151
303.151
303.151
303.151
303.151
303.151
303.151
303.151
303.151
303.151
303.151
303.151
303.151
303.151
303.151
303.151
303.151
303.151
303.151
303.151
303.151
303.151
303.151
303.151
303.151
303.151
303.151
303.151
303.151
303.151
303.151
303.151
303.151
303.151
303.151
303.151
303.151
303.151
303.15
303.15
303.15
303.15
303.15
303.15
303.15
303.15
303.15
303.15
303.15
303.15
303.15
303.15
303.15
303.15
303.15
303.15
303.15
303.15
303.15
303.15
303.15
303.15
303.15
303.15
303.15
303.15
303.15
303.15
303.15
303.15
303.15
303.15
303.15
303.15
303.15
303.15
303.15
303.15
303.15
303.15
303.15
303.15
303.151
303.151
303.151
303.151
303.151
303.151
303.145
303.145
303.145
303.145
303.145
303.145
303.145
303.145
303.145
303.145
303.145
303.145
303.146
303.146
303.146
303.146
303.146
303.146
303.146
303.146
303.146
303.146
303.146
303.146
303.146
303.146
303.146
303.146
303.146
303.146
303.146
303.146
303.146
303.146
303.146
303.146
303.146
303.146
303.146
303.147
303.147
303.147
303.147
303.147
303.147
303.147
303.148
303.148
303.148
303.148
303.128
303.128
303.129
303.129
303.129
303.129
303.129
303.129
303.129
303.129
303.129
303.129
303.129
303.129
303.13
303.13
303.13
303.13
303.13
303.13
303.13
303.13
303.13
303.13
303.13
303.13
303.13
303.13
303.131
303.131
303.131
303.131
303.131
303.131
303.131
303.131
303.132
303.132
303.132
303.132
303.133
303.133
303.133
303.134
303.134
303.135
303.135
303.136
303.137
303.138
303.065
303.065
303.066
303.066
303.066
303.066
303.067
303.067
303.067
303.067
303.067
303.068
303.068
303.068
303.068
303.068
303.069
303.069
303.069
303.069
303.07
303.07
303.07
303.07
303.07
303.071
303.071
303.071
303.071
303.072
303.072
303.072
303.073
303.073
303.073
303.074
303.074
303.075
303.075
303.076
303.077
303.078
303.078
303.079
303.081
303.082
303.083
303.085
303.087
303.09
302.898
302.899
302.899
302.9
302.9
302.901
302.901
302.902
302.902
302.903
302.903
302.904
302.904
302.905
302.905
302.906
302.906
302.907
302.907
302.908
302.908
302.909
302.909
302.91
302.91
302.911
302.911
302.912
302.913
302.913
302.914
302.914
302.915
302.916
302.916
302.917
302.918
302.919
302.919
302.92
302.921
302.922
302.924
302.925
302.926
302.928
302.93
302.932
302.935
302.938
302.544
302.545
302.546
302.547
302.548
302.55
302.551
302.552
302.553
302.554
302.556
302.557
302.558
302.559
302.56
302.561
302.563
302.564
302.565
302.566
302.567
302.568
302.57
302.571
302.572
302.573
302.574
302.575
302.577
302.578
302.579
302.58
302.582
302.583
302.584
302.585
302.586
302.588
302.589
302.59
302.591
302.592
302.594
302.595
302.596
302.597
302.599
302.6
302.601
302.602
303.15
303.15
303.147
303.143
303.139
303.136
303.132
303.129
303.125
303.122
303.119
303.116
303.112
303.109
303.106
303.103
303.1
303.097
303.094
303.091
303.088
303.085
303.082
303.079
303.076
303.074
303.071
303.068
303.066
303.063
303.06
303.058
303.055
303.053
303.05
303.048
303.045
303.043
303.04
303.038
303.036
303.033
303.031
303.029
303.027
303.025
303.023
303.021
303.02
303.019
303.15
303.15
303.149
303.149
303.149
303.149
303.149
303.149
303.149
303.148
303.148
303.148
303.148
303.147
303.147
303.147
303.147
303.146
303.146
303.146
303.145
303.145
303.145
303.144
303.144
303.143
303.143
303.143
303.142
303.142
303.141
303.141
303.141
303.14
303.14
303.139
303.139
303.139
303.138
303.138
303.138
303.137
303.137
303.136
303.136
303.136
303.135
303.135
303.135
303.135
303.15
303.15
303.15
303.15
303.15
303.15
303.15
303.15
303.15
303.15
303.15
303.15
303.15
303.15
303.15
303.15
303.15
303.15
303.15
303.15
303.15
303.15
303.15
303.15
303.15
303.15
303.15
303.15
303.15
303.149
303.149
303.149
303.149
303.149
303.149
303.149
303.149
303.149
303.149
303.149
303.149
303.149
303.149
303.149
303.149
303.149
303.149
303.149
303.149
303.149
303.15
303.15
303.15
303.15
303.15
303.15
303.15
303.15
303.15
303.15
303.15
303.15
303.15
303.15
303.15
303.15
303.15
303.15
303.15
303.15
303.15
303.15
303.15
303.15
303.15
303.15
303.15
303.15
303.15
303.15
303.15
303.15
303.15
303.15
303.15
303.15
303.15
303.15
303.15
303.15
303.15
303.15
303.15
303.15
303.15
303.15
303.15
303.15
303.15
303.15
303.15
303.15
303.15
303.15
303.15
303.15
303.15
303.15
303.15
303.15
303.15
303.15
303.15
303.15
303.15
303.15
303.15
303.15
303.15
303.15
303.15
303.15
303.15
303.15
303.15
303.15
303.15
303.15
303.15
303.15
303.15
303.15
303.15
303.15
303.15
303.15
303.15
303.15
303.15
303.15
303.15
303.15
303.15
303.15
303.15
303.15
303.15
303.15
303.15
303.15
303.15
303.15
303.15
303.15
303.15
303.15
303.15
303.15
303.15
303.15
303.15
303.15
303.15
303.15
303.15
303.15
303.15
303.15
303.15
303.15
303.15
303.15
303.15
303.15
303.15
303.15
303.15
303.15
303.15
303.15
303.15
303.15
303.15
303.15
303.15
303.15
303.15
303.15
303.15
303.15
303.15
303.15
303.15
303.15
303.15
303.15
303.15
303.15
303.15
303.15
303.15
303.15
303.15
303.15
303.15
303.15
303.15
303.15
303.15
303.15
303.15
303.15
303.15
303.15
303.15
303.15
303.15
303.15
303.15
303.15
303.15
303.15
303.15
303.15
303.15
303.15
303.15
303.15
303.15
303.15
303.15
303.15
303.15
303.15
303.15
303.15
303.15
303.15
303.15
303.15
303.15
303.15
303.15
303.15
303.15
303.15
303.15
303.15
303.15
303.15
303.15
303.15
303.15
303.15
303.15
303.15
303.15
303.15
303.15
303.15
303.15
303.15
303.15
303.15
303.15
303.15
303.15
303.15
303.15
303.15
303.15
303.15
303.15
303.15
303.15
303.15
303.15
303.15
303.15
303.15
303.15
303.15
303.15
303.15
303.15
303.15
303.15
303.15
303.15
303.15
303.15
303.15
303.15
303.15
303.15
303.15
303.15
303.15
303.15
303.15
303.15
303.15
303.15
303.15
303.15
303.15
303.15
303.15
303.15
303.15
303.15
303.15
303.15
303.15
303.15
303.15
303.15
303.15
303.15
303.15
303.15
303.15
303.15
303.15
303.15
303.15
303.15
303.15
303.15
303.15
303.15
303.15
303.15
303.15
303.15
303.15
303.15
303.15
303.15
303.15
303.15
303.15
303.15
303.15
303.15
303.15
303.15
303.15
303.15
303.15
303.15
303.15
303.15
303.15
303.15
303.15
303.15
303.15
303.15
303.15
303.15
303.15
303.15
303.15
303.15
303.15
303.15
303.15
303.15
303.15
303.15
303.15
303.15
303.15
303.15
303.15
303.15
303.15
303.15
303.15
303.15
303.15
303.15
303.15
303.15
303.15
303.15
303.15
303.15
303.15
303.15
303.15
303.15
303.15
303.15
303.15
303.15
303.15
303.15
303.15
303.15
303.15
303.15
303.15
303.15
303.15
303.15
303.15
303.15
303.15
303.15
303.15
303.15
303.15
303.15
303.15
303.15
303.15
303.15
303.15
303.15
303.15
303.15
303.15
303.15
303.15
303.15
303.15
303.15
303.15
303.15
303.15
303.15
303.15
303.15
303.15
303.15
303.15
303.15
303.15
303.15
303.15
303.15
303.15
303.15
303.15
303.15
303.15
303.15
303.15
303.15
303.15
303.15
303.15
303.15
303.15
303.15
303.15
303.15
303.15
303.15
303.15
303.15
303.15
303.15
303.15
303.15
303.15
303.15
303.15
303.15
303.15
303.15
303.15
303.15
303.15
303.15
303.15
303.15
303.15
303.15
303.15
303.15
303.15
303.15
303.15
303.15
303.15
303.15
303.15
303.15
303.15
303.15
303.15
303.15
303.15
303.15
303.15
303.15
303.15
303.15
303.15
303.15
303.15
303.15
303.15
303.15
303.15
303.15
303.15
303.15
303.15
303.15
303.15
303.15
303.15
303.15
303.15
303.15
303.15
303.15
303.15
303.15
303.15
303.15
303.15
303.15
303.15
303.15
303.15
303.15
303.15
303.15
303.15
303.15
303.15
303.15
303.15
303.15
303.15
303.15
303.15
303.15
303.15
303.15
303.15
303.15
303.15
303.15
303.15
303.15
303.15
303.15
303.15
303.15
303.15
303.15
303.15
303.15
303.15
303.15
303.15
303.15
303.15
303.15
303.15
303.15
303.15
303.15
303.15
303.15
303.15
303.15
303.15
303.15
303.15
303.15
303.15
303.15
303.15
303.15
303.15
303.15
303.15
303.15
303.15
303.15
303.15
303.15
303.15
303.15
303.15
303.15
303.15
303.15
303.15
303.15
303.15
303.15
303.15
303.15
303.15
303.15
303.15
303.15
303.15
303.15
303.15
303.15
303.15
303.15
303.15
303.15
303.15
303.15
303.15
303.15
303.15
303.15
303.15
303.15
303.15
303.15
303.15
303.15
303.15
303.15
303.15
303.15
303.15
303.15
303.15
303.15
303.15
303.15
303.15
303.15
303.15
303.15
303.15
303.15
303.15
303.15
303.15
303.15
303.15
303.15
303.15
303.15
303.15
303.15
303.15
303.15
303.15
303.15
303.15
303.15
303.15
303.15
303.15
303.15
303.15
303.15
303.15
303.15
303.15
303.15
303.15
303.15
303.15
303.15
303.15
303.15
303.15
303.15
303.15
303.15
303.15
303.15
303.15
303.15
303.15
303.15
303.15
303.15
303.15
303.15
303.15
303.15
303.15
303.15
303.15
303.15
303.15
303.15
303.15
303.15
303.15
303.15
303.15
303.15
303.15
303.15
303.15
303.15
303.15
303.15
303.15
303.15
303.15
303.15
303.15
303.15
303.15
303.15
303.15
303.15
303.15
303.15
303.15
303.15
303.15
303.15
303.15
303.15
303.15
303.15
303.15
303.15
303.15
303.15
303.15
303.15
303.15
303.15
303.15
303.15
303.15
303.15
303.15
303.15
303.15
303.15
303.15
303.15
303.15
303.15
303.15
303.15
303.15
303.15
303.15
303.15
303.15
303.15
303.15
303.15
303.15
303.15
303.15
303.15
303.15
303.15
303.15
303.15
303.15
303.15
303.15
303.15
303.15
303.15
303.15
303.15
303.15
303.15
303.15
303.15
303.15
303.149
303.149
303.149
303.149
303.149
303.149
303.149
303.149
303.149
303.149
303.149
303.149
303.149
303.149
303.149
303.149
303.148
303.148
303.148
303.148
303.148
303.147
303.15
303.15
303.149
303.149
303.149
303.149
303.149
303.149
303.149
303.148
303.148
303.148
303.148
303.147
303.147
303.147
303.147
303.146
303.146
303.146
303.145
303.145
303.144
303.144
303.144
303.143
303.143
303.142
303.142
303.142
303.141
303.141
303.14
303.14
303.139
303.139
303.138
303.138
303.137
303.137
303.136
303.135
303.135
303.134
303.133
303.132
303.132
303.131
303.129
303.128
303.15
303.15
303.147
303.143
303.139
303.136
303.132
303.129
303.125
303.122
303.119
303.115
303.112
303.109
303.106
303.103
303.1
303.097
303.094
303.091
303.088
303.085
303.082
303.079
303.076
303.074
303.071
303.068
303.066
303.063
303.06
303.058
303.055
303.053
303.05
303.048
303.045
303.043
303.04
303.038
303.035
303.033
303.031
303.028
303.026
303.024
303.021
303.019
303.017
303.015
302.784
303.048
303.135
303.147
303.151
303.15
303.151
303.15
303.151
303.15
303.151
303.15
303.15
303.151
303.15
303.15
303.145
303.123
303.015
302.714
302.785
303.049
303.135
303.147
303.151
303.15
303.151
303.15
303.151
303.15
303.151
303.15
303.15
303.151
303.15
303.15
303.145
303.123
303.015
302.716
302.787
303.049
303.135
303.147
303.151
303.15
303.151
303.15
303.151
303.15
303.151
303.15
303.15
303.151
303.15
303.15
303.145
303.123
303.016
302.717
302.788
303.05
303.135
303.147
303.151
303.15
303.151
303.15
303.151
303.15
303.151
303.15
303.15
303.151
303.15
303.15
303.145
303.123
303.016
302.718
302.789
303.05
303.135
303.148
303.151
303.15
303.151
303.15
303.151
303.15
303.151
303.15
303.15
303.151
303.15
303.15
303.145
303.123
303.017
302.72
302.79
303.051
303.135
303.148
303.151
303.15
303.151
303.15
303.151
303.15
303.15
303.15
303.15
303.151
303.15
303.15
303.145
303.123
303.018
302.721
302.792
303.051
303.136
303.148
303.151
303.15
303.151
303.15
303.151
303.15
303.15
303.15
303.15
303.151
303.15
303.15
303.145
303.123
303.018
302.723
302.793
303.052
303.136
303.148
303.151
303.15
303.151
303.15
303.151
303.15
303.15
303.15
303.15
303.151
303.15
303.15
303.145
303.124
303.019
302.724
302.794
303.053
303.136
303.148
303.151
303.15
303.151
303.15
303.151
303.15
303.15
303.15
303.15
303.151
303.15
303.15
303.145
303.124
303.02
302.726
302.795
303.053
303.136
303.148
303.151
303.15
303.151
303.15
303.151
303.15
303.15
303.15
303.15
303.151
303.15
303.15
303.145
303.124
303.02
302.727
302.797
303.054
303.136
303.148
303.151
303.15
303.151
303.15
303.151
303.15
303.15
303.15
303.15
303.151
303.15
303.15
303.145
303.124
303.021
302.729
302.798
303.054
303.136
303.148
303.151
303.15
303.151
303.15
303.151
303.15
303.15
303.15
303.15
303.151
303.15
303.15
303.145
303.124
303.022
302.73
302.799
303.055
303.136
303.148
303.151
303.15
303.151
303.15
303.151
303.15
303.15
303.15
303.15
303.151
303.15
303.15
303.145
303.124
303.022
302.732
302.8
303.055
303.136
303.148
303.151
303.15
303.151
303.15
303.151
303.15
303.15
303.15
303.15
303.151
303.15
303.15
303.145
303.125
303.023
302.733
302.802
303.056
303.137
303.148
303.151
303.15
303.151
303.15
303.151
303.15
303.15
303.15
303.15
303.151
303.15
303.15
303.145
303.125
303.024
302.735
302.803
303.057
303.137
303.148
303.151
303.15
303.151
303.15
303.151
303.15
303.15
303.15
303.15
303.151
303.15
303.15
303.145
303.125
303.024
302.736
302.804
303.057
303.137
303.148
303.151
303.15
303.151
303.15
303.151
303.15
303.15
303.15
303.15
303.151
303.15
303.15
303.145
303.125
303.025
302.737
302.806
303.058
303.137
303.148
303.151
303.15
303.151
303.15
303.151
303.15
303.15
303.15
303.15
303.151
303.15
303.15
303.145
303.125
303.026
302.739
302.807
303.058
303.137
303.148
303.151
303.15
303.151
303.15
303.151
303.15
303.15
303.15
303.15
303.151
303.15
303.15
303.145
303.125
303.026
302.74
302.808
303.059
303.137
303.148
303.151
303.15
303.151
303.15
303.151
303.15
303.15
303.15
303.15
303.151
303.15
303.15
303.146
303.126
303.027
302.742
302.809
303.059
303.137
303.148
303.151
303.15
303.151
303.15
303.151
303.15
303.15
303.15
303.15
303.151
303.15
303.15
303.146
303.126
303.028
302.743
302.811
303.06
303.138
303.148
303.151
303.15
303.151
303.15
303.151
303.15
303.15
303.15
303.15
303.151
303.15
303.15
303.146
303.126
303.028
302.745
302.812
303.061
303.138
303.148
303.151
303.15
303.151
303.15
303.151
303.15
303.15
303.15
303.15
303.151
303.15
303.15
303.146
303.126
303.029
302.746
302.813
303.061
303.138
303.148
303.151
303.15
303.151
303.15
303.151
303.15
303.15
303.15
303.15
303.151
303.15
303.15
303.146
303.126
303.03
302.748
302.814
303.062
303.138
303.148
303.151
303.15
303.151
303.15
303.151
303.15
303.15
303.15
303.15
303.151
303.15
303.15
303.146
303.126
303.031
302.749
302.816
303.062
303.138
303.148
303.151
303.15
303.151
303.15
303.151
303.15
303.15
303.15
303.15
303.151
303.15
303.15
303.146
303.127
303.031
302.751
302.817
303.063
303.138
303.148
303.151
303.15
303.151
303.15
303.151
303.15
303.15
303.15
303.15
303.151
303.15
303.15
303.146
303.127
303.032
302.753
302.818
303.063
303.138
303.148
303.151
303.15
303.151
303.15
303.151
303.15
303.15
303.15
303.15
303.151
303.15
303.15
303.146
303.127
303.033
302.754
302.82
303.064
303.138
303.148
303.151
303.15
303.151
303.15
303.151
303.15
303.15
303.15
303.15
303.151
303.15
303.15
303.146
303.127
303.033
302.756
302.821
303.065
303.139
303.148
303.151
303.15
303.151
303.15
303.151
303.15
303.15
303.15
303.15
303.151
303.15
303.15
303.146
303.127
303.034
302.757
302.822
303.065
303.139
303.148
303.151
303.15
303.151
303.15
303.151
303.15
303.15
303.15
303.15
303.151
303.15
303.15
303.146
303.127
303.035
302.759
302.824
303.066
303.139
303.148
303.151
303.15
303.151
303.15
303.151
303.15
303.15
303.15
303.15
303.151
303.15
303.15
303.146
303.128
303.035
302.76
302.825
303.066
303.139
303.148
303.151
303.15
303.151
303.15
303.151
303.15
303.15
303.15
303.15
303.15
303.15
303.15
303.146
303.128
303.036
302.762
302.826
303.067
303.139
303.148
303.151
303.15
303.151
303.15
303.151
303.15
303.15
303.15
303.15
303.15
303.15
303.15
303.146
303.128
303.037
302.763
302.827
303.067
303.139
303.148
303.151
303.15
303.151
303.15
303.151
303.15
303.15
303.15
303.15
303.15
303.15
303.15
303.146
303.128
303.037
302.765
302.829
303.068
303.139
303.148
303.151
303.15
303.151
303.15
303.151
303.15
303.15
303.15
303.15
303.15
303.15
303.15
303.146
303.128
303.038
302.766
302.83
303.069
303.139
303.148
303.151
303.15
303.151
303.15
303.151
303.15
303.15
303.15
303.15
303.15
303.15
303.15
303.146
303.128
303.039
302.768
302.831
303.069
303.14
303.148
303.151
303.15
303.151
303.15
303.151
303.15
303.15
303.15
303.15
303.15
303.15
303.15
303.146
303.129
303.039
302.769
302.833
303.07
303.14
303.148
303.151
303.15
303.151
303.15
303.151
303.15
303.15
303.15
303.15
303.15
303.15
303.15
303.146
303.129
303.04
302.771
302.834
303.07
303.14
303.148
303.151
303.15
303.151
303.15
303.151
303.15
303.15
303.15
303.15
303.15
303.15
303.15
303.146
303.129
303.041
302.773
302.835
303.071
303.14
303.148
303.151
303.15
303.151
303.15
303.151
303.15
303.15
303.15
303.15
303.15
303.15
303.15
303.146
303.129
303.041
302.774
302.837
303.071
303.14
303.148
303.151
303.15
303.151
303.15
303.151
303.15
303.15
303.15
303.15
303.15
303.15
303.15
303.146
303.129
303.042
302.776
302.838
303.072
303.14
303.148
303.151
303.15
303.151
303.15
303.151
303.15
303.15
303.15
303.15
303.15
303.15
303.15
303.146
303.129
303.043
302.777
302.839
303.073
303.14
303.148
303.151
303.15
303.151
303.15
303.15
303.15
303.15
303.15
303.15
303.15
303.15
303.15
303.146
303.13
303.043
302.779
302.841
303.073
303.14
303.148
303.151
303.15
303.151
303.15
303.15
303.15
303.15
303.15
303.15
303.15
303.15
303.15
303.146
303.13
303.044
302.781
302.842
303.074
303.14
303.148
303.151
303.15
303.151
303.15
303.15
303.15
303.15
303.15
303.15
303.15
303.15
303.15
303.146
303.13
303.045
302.782
302.843
303.074
303.141
303.148
303.151
303.15
303.151
303.15
303.15
303.15
303.15
303.15
303.15
303.15
303.15
303.15
303.146
303.13
303.046
302.784
302.845
303.075
303.141
303.148
303.151
303.15
303.151
303.15
303.15
303.15
303.15
303.15
303.15
303.15
303.15
303.15
303.146
303.13
303.046
302.785
302.846
303.075
303.141
303.148
303.151
303.15
303.151
303.15
303.15
303.15
303.15
303.15
303.15
303.15
303.15
303.15
303.146
303.13
303.047
302.787
302.847
303.076
303.141
303.148
303.151
303.15
303.151
303.15
303.15
303.15
303.15
303.15
303.15
303.15
303.15
303.15
303.146
303.131
303.048
302.789
302.849
303.077
303.141
303.148
303.151
303.15
303.151
303.15
303.15
303.15
303.15
303.15
303.15
303.15
303.15
303.15
303.146
303.131
303.048
302.79
302.85
303.077
303.141
303.148
303.151
303.15
303.151
303.15
303.15
303.15
303.15
303.15
303.15
303.15
303.15
303.15
303.147
303.131
303.049
302.792
302.852
303.078
303.141
303.149
303.151
303.15
303.151
303.15
303.15
303.15
303.15
303.15
303.15
303.15
303.15
303.15
303.147
303.131
303.05
302.793
302.853
303.078
303.141
303.149
303.151
303.15
303.151
303.15
303.15
303.15
303.15
303.15
303.15
303.15
303.15
303.15
303.147
303.131
303.05
302.795
302.854
303.079
303.141
303.149
303.151
303.15
303.151
303.15
303.15
303.15
303.15
303.15
303.15
303.15
303.15
303.15
303.147
303.131
303.051
302.797
302.856
303.08
303.142
303.149
303.151
303.15
303.151
303.15
303.15
303.15
303.15
303.15
303.15
303.15
303.15
303.15
303.147
303.132
303.052
302.798
302.857
303.08
303.142
303.149
303.151
303.15
303.151
303.15
303.15
303.15
303.15
303.15
303.15
303.15
303.15
303.15
303.147
303.132
303.052
302.8
302.858
303.081
303.142
303.149
303.151
303.15
303.151
303.15
303.15
303.15
303.15
303.15
303.15
303.15
303.15
303.15
303.147
303.132
303.053
302.802
302.86
303.081
303.142
303.149
303.151
303.15
303.151
303.15
303.15
303.15
303.15
303.15
303.15
303.15
303.15
303.15
303.147
303.132
303.054
302.803
302.861
303.082
303.142
303.149
303.151
303.15
303.151
303.15
303.15
303.15
303.15
303.15
303.15
303.15
303.15
303.15
303.147
303.132
303.054
302.805
302.862
303.082
303.142
303.149
303.151
303.15
303.151
303.15
303.15
303.15
303.15
303.15
303.15
303.15
303.15
303.15
303.147
303.132
303.055
302.806
302.864
303.083
303.142
303.149
303.151
303.15
303.151
303.15
303.15
303.15
303.15
303.15
303.15
303.15
303.15
303.15
303.147
303.132
303.056
302.808
302.865
303.084
303.142
303.149
303.151
303.15
303.151
303.15
303.15
303.15
303.15
303.15
303.15
303.15
303.15
303.15
303.147
303.133
303.057
302.81
302.867
303.084
303.142
303.149
303.151
303.15
303.151
303.15
303.15
303.15
303.15
303.15
303.15
303.15
303.15
303.15
303.147
303.133
303.057
302.811
302.868
303.085
303.143
303.149
303.151
303.15
303.151
303.15
303.15
303.15
303.15
303.15
303.15
303.15
303.15
303.15
303.147
303.133
303.058
302.813
302.869
303.085
303.143
303.149
303.151
303.15
303.151
303.15
303.15
303.15
303.15
303.15
303.15
303.15
303.15
303.15
303.147
303.133
303.059
302.815
302.871
303.086
303.143
303.149
303.151
303.15
303.151
303.15
303.15
303.15
303.15
303.15
303.15
303.15
303.15
303.15
303.147
303.133
303.059
302.817
302.872
303.086
303.143
303.149
303.151
303.15
303.151
303.15
303.15
303.15
303.15
303.15
303.15
303.15
303.15
303.15
303.147
303.133
303.06
302.818
302.874
303.087
303.143
303.149
303.151
303.15
303.151
303.15
303.15
303.15
303.15
303.15
303.15
303.15
303.15
303.15
303.147
303.134
303.061
302.82
302.875
303.088
303.143
303.149
303.151
303.15
303.151
303.15
303.15
303.15
303.15
303.15
303.15
303.15
303.15
303.15
303.147
303.134
303.061
302.822
302.876
303.088
303.143
303.149
303.151
303.15
303.15
303.15
303.15
303.15
303.15
303.15
303.15
303.15
303.15
303.15
303.147
303.134
303.062
302.823
302.878
303.089
303.143
303.149
303.151
303.15
303.15
303.15
303.15
303.15
303.15
303.15
303.15
303.15
303.15
303.15
303.147
303.134
303.063
302.825
302.879
303.089
303.143
303.149
303.151
303.15
303.15
303.15
303.15
303.15
303.15
303.15
303.15
303.15
303.15
303.15
303.147
303.134
303.063
302.827
302.881
303.09
303.143
303.149
303.151
303.15
303.15
303.15
303.15
303.15
303.15
303.15
303.15
303.15
303.15
303.15
303.147
303.134
303.064
302.828
302.882
303.091
303.144
303.149
303.151
303.15
303.15
303.15
303.15
303.15
303.15
303.15
303.15
303.15
303.15
303.15
303.147
303.134
303.065
302.83
302.884
303.091
303.144
303.149
303.151
303.15
303.15
303.15
303.15
303.15
303.15
303.15
303.15
303.15
303.15
303.15
303.147
303.135
303.066
302.832
302.885
303.092
303.144
303.149
303.151
303.15
303.15
303.15
303.15
303.15
303.15
303.15
303.15
303.15
303.15
303.15
303.147
303.135
303.066
302.834
302.886
303.092
303.144
303.149
303.151
303.15
303.15
303.15
303.15
303.15
303.15
303.15
303.15
303.15
303.15
303.15
303.147
303.135
303.067
302.835
302.888
303.093
303.144
303.149
303.151
303.15
303.15
303.15
303.15
303.15
303.15
303.15
303.15
303.15
303.15
303.15
303.147
303.135
303.068
302.837
302.889
303.093
303.144
303.149
303.151
303.15
303.15
303.15
303.15
303.15
303.15
303.15
303.15
303.15
303.15
303.15
303.147
303.135
303.068
302.839
302.891
303.094
303.144
303.149
303.151
303.15
303.15
303.15
303.15
303.15
303.15
303.15
303.15
303.15
303.15
303.15
303.147
303.135
303.069
302.841
302.892
303.095
303.144
303.149
303.151
303.15
303.15
303.15
303.15
303.15
303.15
303.15
303.15
303.15
303.15
303.15
303.147
303.136
303.07
302.843
302.894
303.095
303.144
303.149
303.151
303.15
303.15
303.15
303.15
303.15
303.15
303.15
303.15
303.15
303.15
303.15
303.147
303.136
303.07
302.844
302.895
303.096
303.144
303.149
303.151
303.15
303.15
303.15
303.15
303.15
303.15
303.15
303.15
303.15
303.15
303.15
303.147
303.136
303.071
302.846
302.896
303.096
303.144
303.149
303.151
303.15
303.15
303.15
303.15
303.15
303.15
303.15
303.15
303.15
303.15
303.15
303.147
303.136
303.072
302.848
302.898
303.097
303.145
303.149
303.151
303.15
303.15
303.15
303.15
303.15
303.15
303.15
303.15
303.15
303.15
303.15
303.148
303.136
303.072
302.85
302.899
303.097
303.145
303.149
303.151
303.15
303.15
303.15
303.15
303.15
303.15
303.15
303.15
303.15
303.15
303.15
303.148
303.136
303.073
302.851
302.901
303.098
303.145
303.149
303.151
303.15
303.15
303.15
303.15
303.15
303.15
303.15
303.15
303.15
303.15
303.15
303.148
303.136
303.074
302.853
302.902
303.099
303.145
303.149
303.15
303.15
303.15
303.15
303.15
303.15
303.15
303.15
303.15
303.15
303.15
303.15
303.148
303.137
303.075
302.855
302.904
303.099
303.145
303.149
303.15
303.15
303.15
303.15
303.15
303.15
303.15
303.15
303.15
303.15
303.15
303.15
303.148
303.137
303.075
302.857
302.905
303.1
303.145
303.149
303.15
303.15
303.15
303.15
303.15
303.15
303.15
303.15
303.15
303.15
303.15
303.15
303.148
303.137
303.076
302.859
302.907
303.1
303.145
303.149
303.15
303.15
303.15
303.15
303.15
303.15
303.15
303.15
303.15
303.15
303.15
303.15
303.148
303.137
303.077
302.861
302.908
303.101
303.145
303.149
303.15
303.15
303.15
303.15
303.15
303.15
303.15
303.15
303.15
303.15
303.15
303.15
303.148
303.137
303.077
302.862
302.91
303.102
303.145
303.149
303.15
303.15
303.15
303.15
303.15
303.15
303.15
303.15
303.15
303.15
303.15
303.15
303.148
303.137
303.078
302.864
302.911
303.102
303.145
303.149
303.15
303.15
303.15
303.15
303.15
303.15
303.15
303.15
303.15
303.15
303.15
303.15
303.148
303.137
303.079
302.866
302.913
303.103
303.145
303.149
303.15
303.15
303.15
303.15
303.15
303.15
303.15
303.15
303.15
303.15
303.15
303.15
303.148
303.138
303.079
302.868
302.914
303.103
303.146
303.149
303.15
303.15
303.15
303.15
303.15
303.15
303.15
303.15
303.15
303.15
303.15
303.15
303.148
303.138
303.08
302.87
302.916
303.104
303.146
303.149
303.15
303.15
303.15
303.15
303.15
303.15
303.15
303.15
303.15
303.15
303.15
303.15
303.148
303.138
303.081
302.872
302.917
303.104
303.146
303.149
303.15
303.15
303.15
303.15
303.15
303.15
303.15
303.15
303.15
303.15
303.15
303.15
303.148
303.138
303.081
302.874
302.919
303.105
303.146
303.149
303.15
303.15
303.15
303.15
303.15
303.15
303.15
303.15
303.15
303.15
303.15
303.15
303.148
303.138
303.082
302.876
302.92
303.106
303.146
303.149
303.15
303.15
303.15
303.15
303.15
303.15
303.15
303.15
303.15
303.15
303.15
303.15
303.148
303.138
303.083
302.877
302.922
303.106
303.146
303.149
303.15
303.15
303.15
303.15
303.15
303.15
303.15
303.15
303.15
303.15
303.15
303.15
303.148
303.138
303.084
302.879
302.923
303.107
303.146
303.149
303.15
303.15
303.15
303.15
303.15
303.15
303.15
303.15
303.15
303.15
303.15
303.15
303.148
303.138
303.084
302.881
302.925
303.107
303.146
303.149
303.15
303.15
303.15
303.15
303.15
303.15
303.15
303.15
303.15
303.15
303.15
303.15
303.148
303.139
303.085
302.883
302.926
303.108
303.146
303.149
303.15
303.15
303.15
303.15
303.15
303.15
303.15
303.15
303.15
303.15
303.15
303.15
303.148
303.139
303.086
302.885
302.928
303.108
303.146
303.15
303.15
303.15
303.15
303.15
303.15
303.15
303.15
303.15
303.15
303.15
303.15
303.15
303.148
303.139
303.086
302.887
302.929
303.109
303.146
303.15
303.15
303.15
303.15
303.15
303.15
303.15
303.15
303.15
303.15
303.15
303.15
303.15
303.148
303.139
303.087
302.889
302.931
303.11
303.146
303.15
303.15
303.15
303.15
303.15
303.15
303.15
303.15
303.15
303.15
303.15
303.15
303.15
303.148
303.139
303.088
302.891
302.933
303.11
303.146
303.15
303.15
303.15
303.15
303.15
303.15
303.15
303.15
303.15
303.15
303.15
303.15
303.15
303.148
303.139
303.088
302.893
302.934
303.111
303.146
303.15
303.15
303.15
303.15
303.15
303.15
303.15
303.15
303.15
303.15
303.15
303.15
303.15
303.148
303.139
303.089
302.895
302.936
303.111
303.147
303.15
303.15
303.15
303.15
303.15
303.15
303.15
303.15
303.15
303.15
303.15
303.15
303.15
303.148
303.14
303.09
302.897
302.937
303.112
303.147
303.15
303.15
303.15
303.15
303.15
303.15
303.15
303.15
303.15
303.15
303.15
303.15
303.15
303.148
303.14
303.09
302.899
302.939
303.112
303.147
303.15
303.15
303.15
303.15
303.15
303.15
303.15
303.15
303.15
303.15
303.15
303.15
303.15
303.148
303.14
303.091
302.901
302.94
303.113
303.147
303.15
303.15
303.15
303.15
303.15
303.15
303.15
303.15
303.15
303.15
303.15
303.15
303.15
303.148
303.14
303.092
302.903
302.942
303.114
303.147
303.15
303.15
303.15
303.15
303.15
303.15
303.15
303.15
303.15
303.15
303.15
303.15
303.15
303.148
303.14
303.092
302.905
302.944
303.114
303.147
303.15
303.15
303.15
303.15
303.15
303.15
303.15
303.15
303.15
303.15
303.15
303.15
303.15
303.148
303.14
303.093
302.907
302.945
303.115
303.147
303.15
303.15
303.15
303.15
303.15
303.15
303.15
303.15
303.15
303.15
303.15
303.15
303.15
303.148
303.14
303.094
302.909
302.947
303.115
303.147
303.15
303.15
303.15
303.15
303.15
303.15
303.15
303.15
303.15
303.15
303.15
303.15
303.15
303.148
303.14
303.095
302.911
302.948
303.116
303.147
303.15
303.15
303.15
303.15
303.15
303.15
303.15
303.15
303.15
303.15
303.15
303.15
303.15
303.148
303.141
303.095
302.913
302.95
303.116
303.147
303.15
303.15
303.15
303.15
303.15
303.15
303.15
303.15
303.15
303.15
303.15
303.15
303.15
303.148
303.141
303.096
302.916
302.952
303.117
303.147
303.15
303.15
303.15
303.15
303.15
303.15
303.15
303.15
303.15
303.15
303.15
303.15
303.15
303.148
303.141
303.097
302.918
302.953
303.118
303.147
303.15
303.15
303.15
303.15
303.15
303.15
303.15
303.15
303.15
303.15
303.15
303.15
303.15
303.148
303.141
303.097
302.92
302.955
303.118
303.147
303.15
303.15
303.15
303.15
303.15
303.15
303.15
303.15
303.15
303.15
303.15
303.15
303.15
303.149
303.141
303.098
302.922
302.956
303.119
303.147
303.15
303.15
303.15
303.15
303.15
303.15
303.15
303.15
303.15
303.15
303.15
303.15
303.15
303.149
303.141
303.099
302.924
302.958
303.119
303.147
303.15
303.15
303.15
303.15
303.15
303.15
303.15
303.15
303.15
303.15
303.15
303.15
303.15
303.149
303.141
303.099
302.926
302.96
303.12
303.148
303.15
303.15
303.15
303.15
303.15
303.15
303.15
303.15
303.15
303.15
303.15
303.15
303.15
303.149
303.141
303.1
302.928
302.961
303.12
303.148
303.15
303.15
303.15
303.15
303.15
303.15
303.15
303.15
303.15
303.15
303.15
303.15
303.15
303.149
303.142
303.101
302.931
302.963
303.121
303.148
303.15
303.15
303.15
303.15
303.15
303.15
303.15
303.15
303.15
303.15
303.15
303.15
303.15
303.149
303.142
303.101
302.933
302.965
303.121
303.148
303.15
303.15
303.15
303.15
303.15
303.15
303.15
303.15
303.15
303.15
303.15
303.15
303.15
303.149
303.142
303.102
302.935
302.966
303.122
303.148
303.15
303.15
303.15
303.15
303.15
303.15
303.15
303.15
303.15
303.15
303.15
303.15
303.15
303.149
303.142
303.103
302.937
302.968
303.123
303.148
303.15
303.15
303.15
303.15
303.15
303.15
303.15
303.15
303.15
303.15
303.15
303.15
303.15
303.149
303.142
303.103
302.939
302.97
303.123
303.148
303.15
303.15
303.15
303.15
303.15
303.15
303.15
303.15
303.15
303.15
303.15
303.15
303.15
303.149
303.142
303.104
302.942
302.971
303.124
303.148
303.15
303.15
303.15
303.15
303.15
303.15
303.15
303.15
303.15
303.15
303.15
303.15
303.15
303.149
303.142
303.105
302.944
302.973
303.124
303.148
303.15
303.15
303.15
303.15
303.15
303.15
303.15
303.15
303.15
303.15
303.15
303.15
303.15
303.149
303.142
303.105
302.946
302.975
303.125
303.148
303.15
303.15
303.15
303.15
303.15
303.15
303.15
303.15
303.15
303.15
303.15
303.15
303.15
303.149
303.143
303.106
302.949
302.977
303.125
303.148
303.15
303.15
303.15
303.15
303.15
303.15
303.15
303.15
303.15
303.15
303.15
303.15
303.15
303.149
303.143
303.107
302.951
302.978
303.126
303.148
303.15
303.15
303.15
303.15
303.15
303.15
303.15
303.15
303.15
303.15
303.15
303.15
303.15
303.149
303.143
303.107
302.953
302.98
303.126
303.148
303.15
303.15
303.15
303.15
303.15
303.15
303.15
303.15
303.15
303.15
303.15
303.15
303.15
303.149
303.143
303.108
302.956
302.982
303.127
303.148
303.15
303.15
303.15
303.15
303.15
303.15
303.15
303.15
303.15
303.15
303.15
303.15
303.15
303.149
303.143
303.109
302.958
302.983
303.127
303.148
303.15
303.15
303.15
303.15
303.15
303.15
303.15
303.15
303.15
303.15
303.15
303.15
303.15
303.149
303.143
303.109
302.96
302.985
303.128
303.148
303.15
303.15
303.15
303.15
303.15
303.15
303.15
303.15
303.15
303.15
303.15
303.15
303.15
303.149
303.143
303.11
302.963
302.987
303.128
303.148
303.15
303.15
303.15
303.15
303.15
303.15
303.15
303.15
303.15
303.15
303.15
303.15
303.15
303.149
303.143
303.111
302.965
302.989
303.129
303.148
303.15
303.15
303.15
303.15
303.15
303.15
303.15
303.15
303.15
303.15
303.15
303.15
303.15
303.149
303.144
303.111
302.968
302.99
303.129
303.148
303.15
303.15
303.15
303.15
303.15
303.15
303.15
303.15
303.15
303.15
303.15
303.15
303.15
303.149
303.144
303.112
302.97
302.992
303.13
303.148
303.15
303.15
303.15
303.15
303.15
303.15
303.15
303.15
303.15
303.15
303.15
303.15
303.15
303.149
303.144
303.113
302.972
302.994
303.13
303.148
303.15
303.15
303.15
303.15
303.15
303.15
303.15
303.15
303.15
303.15
303.15
303.15
303.15
303.149
303.144
303.114
302.975
302.996
303.13
303.148
303.15
303.15
303.15
303.15
303.15
303.15
303.15
303.15
303.15
303.15
303.15
303.15
303.15
303.149
303.144
303.114
302.977
302.998
303.131
303.149
303.15
303.15
303.15
303.15
303.15
303.15
303.15
303.15
303.15
303.15
303.15
303.15
303.15
303.149
303.144
303.115
302.98
303
303.131
303.149
303.15
303.15
303.15
303.15
303.15
303.15
303.15
303.15
303.15
303.15
303.15
303.15
303.15
303.149
303.144
303.116
302.983
303.001
303.132
303.149
303.15
303.15
303.15
303.15
303.15
303.15
303.15
303.15
303.15
303.15
303.15
303.15
303.15
303.149
303.145
303.116
302.985
303.003
303.132
303.149
303.15
303.15
303.15
303.15
303.15
303.15
303.15
303.15
303.15
303.15
303.15
303.15
303.15
303.149
303.145
303.117
302.988
303.005
303.132
303.149
303.15
303.15
303.15
303.15
303.15
303.15
303.15
303.15
303.15
303.15
303.15
303.15
303.15
303.149
303.145
303.118
302.99
303.007
303.133
303.149
303.15
303.15
303.15
303.15
303.15
303.15
303.15
303.15
303.15
303.15
303.15
303.15
303.15
303.149
303.145
303.119
302.993
303.008
303.133
303.149
303.15
303.15
303.15
303.15
303.15
303.15
303.15
303.15
303.15
303.15
303.15
303.15
303.15
303.149
303.145
303.12
302.996
303.01
303.133
303.149
303.15
303.15
303.15
303.15
303.15
303.15
303.15
303.15
303.15
303.15
303.15
303.15
303.15
303.149
303.145
303.121
302.998
303.012
303.134
303.149
303.15
303.15
303.15
303.15
303.15
303.15
303.15
303.15
303.15
303.15
303.15
303.15
303.15
303.149
303.146
303.122
303.001
303.013
303.134
303.149
303.15
303.15
303.15
303.15
303.15
303.15
303.15
303.15
303.15
303.15
303.15
303.15
303.15
303.15
303.146
303.123
303.004
303.015
303.134
303.149
303.15
303.15
303.15
303.15
303.15
303.15
303.15
303.15
303.15
303.15
303.15
303.15
303.15
303.15
303.146
303.124
303.006
303.016
303.134
303.149
303.15
303.15
303.15
303.15
303.15
303.15
303.15
303.15
303.15
303.15
303.15
303.15
303.15
303.15
303.147
303.125
303.009
303.018
303.135
303.149
303.15
303.15
303.15
303.15
303.15
303.15
303.15
303.15
303.15
303.15
303.15
303.15
303.15
303.15
303.147
303.126
303.012
302.604
302.942
303.093
303.139
303.149
303.151
303.151
303.151
303.151
303.151
303.151
303.151
303.151
303.151
303.151
303.149
303.141
303.098
302.925
302.536
302.605
302.946
303.096
303.14
303.149
303.151
303.151
303.151
303.151
303.151
303.151
303.151
303.151
303.151
303.151
303.149
303.141
303.097
302.922
302.531
302.606
302.949
303.098
303.14
303.149
303.151
303.151
303.151
303.151
303.151
303.151
303.151
303.151
303.151
303.151
303.149
303.14
303.096
302.92
302.528
302.607
302.952
303.1
303.141
303.15
303.151
303.151
303.151
303.151
303.151
303.151
303.151
303.151
303.151
303.15
303.149
303.14
303.095
302.918
302.526
302.608
302.954
303.102
303.142
303.15
303.151
303.151
303.151
303.151
303.151
303.151
303.151
303.151
303.151
303.15
303.149
303.14
303.095
302.917
302.524
302.609
302.956
303.103
303.142
303.15
303.151
303.151
303.151
303.151
303.151
303.151
303.151
303.151
303.151
303.15
303.149
303.14
303.095
302.916
302.523
302.61
302.957
303.104
303.142
303.15
303.151
303.151
303.151
303.151
303.151
303.151
303.151
303.151
303.151
303.15
303.149
303.14
303.094
302.916
302.523
302.611
302.959
303.105
303.143
303.15
303.151
303.151
303.151
303.151
303.151
303.151
303.151
303.151
303.151
303.15
303.149
303.14
303.094
302.915
302.522
302.612
302.96
303.106
303.143
303.15
303.151
303.151
303.151
303.151
303.151
303.151
303.151
303.151
303.151
303.15
303.149
303.14
303.094
302.915
302.522
302.613
302.962
303.107
303.143
303.15
303.151
303.151
303.151
303.151
303.151
303.151
303.151
303.151
303.151
303.15
303.149
303.14
303.094
302.915
302.522
302.614
302.963
303.108
303.143
303.15
303.151
303.151
303.151
303.151
303.151
303.151
303.151
303.151
303.151
303.15
303.149
303.14
303.094
302.915
302.522
302.616
302.964
303.108
303.143
303.15
303.151
303.151
303.151
303.151
303.151
303.151
303.151
303.151
303.151
303.15
303.149
303.14
303.094
302.915
302.523
302.617
302.965
303.109
303.143
303.15
303.151
303.151
303.151
303.151
303.151
303.151
303.151
303.151
303.151
303.15
303.149
303.14
303.094
302.915
302.523
302.618
302.966
303.109
303.144
303.15
303.151
303.151
303.151
303.151
303.151
303.151
303.151
303.151
303.151
303.15
303.149
303.14
303.094
302.916
302.524
302.619
302.966
303.11
303.144
303.15
303.151
303.151
303.151
303.151
303.151
303.151
303.151
303.151
303.151
303.15
303.149
303.14
303.094
302.916
302.525
302.62
302.967
303.11
303.144
303.15
303.151
303.151
303.151
303.151
303.151
303.151
303.151
303.151
303.151
303.15
303.149
303.14
303.094
302.916
302.526
302.621
302.968
303.111
303.144
303.151
303.151
303.151
303.151
303.151
303.151
303.151
303.151
303.151
303.151
303.15
303.149
303.14
303.094
302.917
302.527
302.622
302.969
303.111
303.144
303.151
303.151
303.151
303.151
303.151
303.151
303.151
303.151
303.151
303.151
303.15
303.149
303.14
303.094
302.917
302.528
302.623
302.969
303.111
303.144
303.151
303.151
303.151
303.151
303.151
303.151
303.151
303.151
303.151
303.151
303.15
303.149
303.14
303.094
302.918
302.529
302.624
302.97
303.112
303.144
303.151
303.151
303.151
303.151
303.151
303.151
303.151
303.151
303.151
303.151
303.15
303.149
303.14
303.094
302.918
302.53
302.625
302.971
303.112
303.144
303.151
303.151
303.151
303.151
303.151
303.151
303.151
303.151
303.151
303.151
303.15
303.149
303.14
303.094
302.919
302.531
302.626
302.971
303.112
303.144
303.151
303.151
303.151
303.151
303.151
303.151
303.151
303.151
303.151
303.151
303.15
303.149
303.14
303.094
302.919
302.532
302.627
302.972
303.112
303.144
303.151
303.151
303.151
303.151
303.151
303.151
303.151
303.151
303.151
303.151
303.15
303.149
303.14
303.095
302.92
302.533
302.628
302.973
303.113
303.144
303.151
303.151
303.151
303.151
303.151
303.151
303.151
303.151
303.151
303.151
303.15
303.149
303.14
303.095
302.92
302.534
302.629
302.973
303.113
303.144
303.151
303.151
303.151
303.151
303.151
303.151
303.151
303.151
303.151
303.151
303.15
303.149
303.14
303.095
302.921
302.535
302.63
302.974
303.113
303.144
303.151
303.15
303.151
303.151
303.151
303.151
303.151
303.151
303.151
303.151
303.15
303.149
303.14
303.095
302.922
302.537
302.631
302.974
303.113
303.144
303.151
303.15
303.151
303.151
303.151
303.151
303.151
303.151
303.151
303.151
303.15
303.149
303.14
303.095
302.922
302.538
302.632
302.975
303.114
303.144
303.151
303.15
303.151
303.151
303.151
303.151
303.151
303.151
303.151
303.151
303.15
303.149
303.14
303.095
302.923
302.539
302.633
302.976
303.114
303.144
303.151
303.15
303.151
303.151
303.151
303.151
303.151
303.151
303.151
303.151
303.15
303.149
303.14
303.096
302.924
302.54
302.634
302.976
303.114
303.144
303.151
303.15
303.151
303.151
303.151
303.151
303.151
303.151
303.151
303.151
303.15
303.149
303.14
303.096
302.924
302.542
302.635
302.977
303.114
303.144
303.151
303.15
303.151
303.151
303.151
303.151
303.151
303.151
303.151
303.151
303.15
303.149
303.14
303.096
302.925
302.543
302.636
302.977
303.114
303.144
303.151
303.15
303.151
303.151
303.151
303.151
303.151
303.151
303.151
303.151
303.15
303.149
303.14
303.096
302.925
302.544
302.638
302.978
303.114
303.145
303.151
303.15
303.151
303.151
303.151
303.151
303.151
303.151
303.151
303.151
303.15
303.149
303.14
303.096
302.926
302.545
302.639
302.978
303.115
303.145
303.151
303.15
303.151
303.151
303.151
303.151
303.151
303.151
303.151
303.151
303.15
303.149
303.14
303.096
302.927
302.546
302.64
302.979
303.115
303.145
303.151
303.15
303.151
303.151
303.151
303.151
303.151
303.151
303.151
303.151
303.15
303.149
303.14
303.097
302.927
302.548
302.641
302.98
303.115
303.145
303.151
303.15
303.151
303.151
303.151
303.151
303.151
303.151
303.151
303.151
303.15
303.149
303.14
303.097
302.928
302.549
302.642
302.98
303.115
303.145
303.151
303.15
303.151
303.151
303.151
303.151
303.151
303.151
303.151
303.151
303.15
303.149
303.14
303.097
302.929
302.55
302.643
302.981
303.115
303.145
303.151
303.15
303.151
303.151
303.151
303.151
303.151
303.151
303.151
303.151
303.15
303.149
303.14
303.097
302.93
302.551
302.644
302.981
303.116
303.145
303.151
303.15
303.151
303.151
303.151
303.151
303.151
303.151
303.151
303.151
303.15
303.149
303.14
303.097
302.93
302.552
302.645
302.982
303.116
303.145
303.151
303.15
303.151
303.151
303.151
303.151
303.151
303.151
303.151
303.151
303.15
303.149
303.14
303.098
302.931
302.554
302.646
302.982
303.116
303.145
303.151
303.15
303.151
303.151
303.151
303.151
303.151
303.151
303.151
303.151
303.15
303.149
303.14
303.098
302.932
302.555
302.647
302.983
303.116
303.145
303.151
303.15
303.151
303.151
303.151
303.151
303.151
303.151
303.151
303.151
303.15
303.149
303.14
303.098
302.932
302.556
302.648
302.983
303.116
303.145
303.151
303.15
303.151
303.151
303.151
303.151
303.151
303.151
303.151
303.151
303.15
303.149
303.14
303.098
302.933
302.557
302.649
302.984
303.116
303.145
303.151
303.15
303.151
303.151
303.151
303.151
303.151
303.151
303.151
303.151
303.15
303.149
303.14
303.099
302.934
302.559
302.65
302.984
303.117
303.145
303.151
303.15
303.151
303.151
303.151
303.151
303.151
303.151
303.151
303.151
303.15
303.149
303.14
303.099
302.934
302.56
302.651
302.985
303.117
303.145
303.151
303.15
303.151
303.151
303.151
303.151
303.151
303.151
303.151
303.151
303.15
303.149
303.14
303.099
302.935
302.561
302.652
302.985
303.117
303.145
303.151
303.15
303.151
303.151
303.151
303.151
303.151
303.151
303.151
303.151
303.15
303.149
303.141
303.099
302.936
302.562
302.654
302.986
303.117
303.145
303.151
303.15
303.151
303.151
303.151
303.151
303.151
303.151
303.151
303.151
303.15
303.149
303.141
303.099
302.936
302.564
302.655
302.987
303.117
303.145
303.151
303.15
303.151
303.151
303.151
303.151
303.151
303.151
303.151
303.151
303.15
303.149
303.141
303.1
302.937
302.565
302.656
302.987
303.117
303.145
303.151
303.15
303.151
303.151
303.151
303.151
303.151
303.151
303.151
303.151
303.15
303.149
303.141
303.1
302.938
302.566
302.657
302.988
303.118
303.145
303.151
303.15
303.151
303.151
303.151
303.151
303.151
303.151
303.151
303.151
303.15
303.149
303.141
303.1
302.938
302.567
302.658
302.988
303.118
303.145
303.151
303.15
303.151
303.151
303.151
303.151
303.151
303.151
303.151
303.151
303.15
303.149
303.141
303.1
302.939
302.569
302.659
302.989
303.118
303.145
303.151
303.15
303.151
303.151
303.151
303.151
303.151
303.151
303.151
303.151
303.15
303.149
303.141
303.1
302.94
302.57
302.66
302.989
303.118
303.145
303.151
303.15
303.151
303.151
303.151
303.151
303.151
303.151
303.151
303.151
303.15
303.149
303.141
303.101
302.94
302.571
302.661
302.99
303.118
303.145
303.151
303.15
303.151
303.151
303.151
303.151
303.151
303.151
303.151
303.151
303.15
303.149
303.141
303.101
302.941
302.572
302.662
302.99
303.118
303.145
303.151
303.15
303.151
303.151
303.151
303.151
303.151
303.151
303.151
303.151
303.15
303.149
303.141
303.101
302.942
302.573
302.663
302.991
303.119
303.145
303.151
303.15
303.151
303.151
303.151
303.151
303.151
303.151
303.151
303.151
303.15
303.149
303.141
303.101
302.942
302.575
302.664
302.991
303.119
303.145
303.151
303.15
303.151
303.151
303.151
303.151
303.151
303.151
303.151
303.151
303.15
303.149
303.141
303.101
302.943
302.576
302.665
302.992
303.119
303.145
303.151
303.15
303.151
303.151
303.151
303.151
303.151
303.151
303.151
303.151
303.15
303.149
303.141
303.102
302.944
302.577
302.667
302.992
303.119
303.145
303.151
303.15
303.151
303.151
303.151
303.151
303.151
303.151
303.151
303.151
303.15
303.149
303.141
303.102
302.945
302.579
302.668
302.993
303.119
303.145
303.151
303.15
303.151
303.151
303.151
303.151
303.151
303.151
303.151
303.151
303.15
303.149
303.141
303.102
302.945
302.58
302.669
302.994
303.119
303.145
303.151
303.15
303.151
303.151
303.151
303.151
303.151
303.151
303.151
303.151
303.15
303.149
303.141
303.102
302.946
302.581
302.67
302.994
303.12
303.145
303.151
303.15
303.151
303.15
303.151
303.151
303.151
303.151
303.151
303.151
303.15
303.149
303.141
303.103
302.947
302.582
302.671
302.995
303.12
303.145
303.151
303.15
303.151
303.15
303.151
303.151
303.151
303.151
303.151
303.151
303.15
303.149
303.141
303.103
302.947
302.584
302.672
302.995
303.12
303.145
303.151
303.15
303.151
303.15
303.151
303.151
303.151
303.151
303.151
303.151
303.15
303.149
303.141
303.103
302.948
302.585
302.673
302.996
303.12
303.145
303.151
303.15
303.151
303.15
303.151
303.151
303.151
303.151
303.151
303.151
303.15
303.149
303.141
303.103
302.949
302.586
302.674
302.996
303.12
303.145
303.151
303.15
303.151
303.15
303.151
303.151
303.151
303.151
303.151
303.151
303.15
303.149
303.141
303.103
302.949
302.587
302.675
302.997
303.12
303.145
303.151
303.15
303.151
303.15
303.151
303.151
303.151
303.151
303.151
303.151
303.15
303.149
303.141
303.104
302.95
302.589
302.676
302.997
303.121
303.145
303.151
303.15
303.151
303.15
303.151
303.151
303.151
303.151
303.151
303.151
303.15
303.149
303.141
303.104
302.951
302.59
302.678
302.998
303.121
303.145
303.151
303.15
303.151
303.15
303.151
303.151
303.151
303.151
303.151
303.151
303.15
303.149
303.141
303.104
302.951
302.591
302.679
302.998
303.121
303.145
303.151
303.15
303.151
303.15
303.151
303.151
303.151
303.151
303.151
303.151
303.15
303.15
303.142
303.104
302.952
302.592
302.68
302.999
303.121
303.145
303.151
303.15
303.151
303.15
303.151
303.151
303.151
303.151
303.151
303.151
303.15
303.15
303.142
303.104
302.953
302.594
302.681
302.999
303.121
303.145
303.151
303.15
303.151
303.15
303.151
303.151
303.151
303.151
303.151
303.151
303.15
303.15
303.142
303.105
302.953
302.595
302.682
303
303.121
303.145
303.151
303.15
303.151
303.15
303.151
303.151
303.151
303.151
303.151
303.151
303.15
303.15
303.142
303.105
302.954
302.596
302.683
303.001
303.122
303.146
303.151
303.15
303.151
303.15
303.151
303.151
303.151
303.151
303.151
303.151
303.15
303.15
303.142
303.105
302.955
302.598
302.684
303.001
303.122
303.146
303.151
303.15
303.151
303.15
303.151
303.151
303.151
303.151
303.151
303.151
303.15
303.15
303.142
303.105
302.956
302.599
302.685
303.002
303.122
303.146
303.151
303.15
303.151
303.15
303.151
303.151
303.151
303.151
303.151
303.151
303.15
303.15
303.142
303.105
302.956
302.6
302.686
303.002
303.122
303.146
303.151
303.15
303.151
303.15
303.151
303.151
303.151
303.151
303.151
303.151
303.15
303.15
303.142
303.106
302.957
302.601
302.688
303.003
303.122
303.146
303.151
303.15
303.151
303.15
303.151
303.151
303.151
303.151
303.151
303.151
303.15
303.15
303.142
303.106
302.958
302.603
302.689
303.003
303.122
303.146
303.151
303.15
303.151
303.15
303.151
303.151
303.151
303.151
303.151
303.151
303.15
303.15
303.142
303.106
302.958
302.604
302.69
303.004
303.123
303.146
303.151
303.15
303.151
303.15
303.151
303.151
303.151
303.151
303.151
303.151
303.15
303.15
303.142
303.106
302.959
302.605
302.691
303.004
303.123
303.146
303.151
303.15
303.151
303.15
303.151
303.151
303.151
303.151
303.151
303.151
303.15
303.15
303.142
303.106
302.96
302.607
302.692
303.005
303.123
303.146
303.151
303.15
303.151
303.15
303.151
303.151
303.151
303.151
303.151
303.151
303.15
303.15
303.142
303.107
302.96
302.608
302.693
303.005
303.123
303.146
303.151
303.15
303.151
303.15
303.151
303.151
303.151
303.151
303.151
303.151
303.15
303.15
303.142
303.107
302.961
302.609
302.694
303.006
303.123
303.146
303.151
303.15
303.151
303.15
303.151
303.151
303.151
303.151
303.151
303.151
303.15
303.15
303.142
303.107
302.962
302.61
302.695
303.007
303.123
303.146
303.151
303.15
303.151
303.15
303.151
303.151
303.151
303.151
303.151
303.151
303.15
303.15
303.142
303.107
302.962
302.612
302.697
303.007
303.124
303.146
303.151
303.15
303.151
303.15
303.151
303.151
303.151
303.151
303.151
303.151
303.15
303.15
303.142
303.108
302.963
302.613
302.698
303.008
303.124
303.146
303.151
303.15
303.151
303.15
303.151
303.151
303.151
303.151
303.151
303.151
303.15
303.15
303.142
303.108
302.964
302.614
302.699
303.008
303.124
303.146
303.151
303.15
303.151
303.15
303.151
303.151
303.151
303.151
303.151
303.151
303.15
303.15
303.142
303.108
302.964
302.616
302.7
303.009
303.124
303.146
303.151
303.15
303.151
303.15
303.151
303.151
303.151
303.151
303.151
303.151
303.15
303.15
303.142
303.108
302.965
302.617
302.701
303.009
303.124
303.146
303.151
303.15
303.151
303.15
303.151
303.151
303.151
303.151
303.151
303.151
303.15
303.15
303.142
303.108
302.966
302.618
302.702
303.01
303.124
303.146
303.151
303.15
303.151
303.15
303.151
303.151
303.151
303.151
303.151
303.151
303.15
303.15
303.142
303.109
302.966
302.62
302.703
303.01
303.125
303.146
303.151
303.15
303.151
303.15
303.151
303.151
303.151
303.151
303.151
303.151
303.15
303.15
303.142
303.109
302.967
302.621
302.705
303.011
303.125
303.146
303.151
303.15
303.151
303.15
303.151
303.151
303.151
303.151
303.151
303.151
303.15
303.15
303.142
303.109
302.968
302.622
302.706
303.011
303.125
303.146
303.151
303.15
303.151
303.15
303.151
303.151
303.151
303.151
303.151
303.151
303.15
303.15
303.142
303.109
302.969
302.623
302.707
303.012
303.125
303.146
303.151
303.15
303.151
303.15
303.151
303.15
303.151
303.151
303.151
303.151
303.15
303.15
303.142
303.109
302.969
302.625
302.708
303.013
303.125
303.146
303.151
303.15
303.151
303.15
303.151
303.15
303.151
303.151
303.151
303.151
303.15
303.15
303.143
303.11
302.97
302.626
302.709
303.013
303.125
303.146
303.151
303.15
303.151
303.15
303.151
303.15
303.151
303.151
303.151
303.151
303.15
303.15
303.143
303.11
302.971
302.627
302.71
303.014
303.125
303.146
303.151
303.15
303.151
303.15
303.151
303.15
303.151
303.151
303.151
303.151
303.15
303.15
303.143
303.11
302.971
302.629
302.711
303.014
303.126
303.146
303.151
303.15
303.151
303.15
303.151
303.15
303.151
303.151
303.151
303.151
303.15
303.15
303.143
303.11
302.972
302.63
302.713
303.015
303.126
303.146
303.151
303.15
303.151
303.15
303.151
303.15
303.151
303.151
303.151
303.151
303.15
303.15
303.143
303.11
302.973
302.631
302.714
303.015
303.126
303.146
303.151
303.15
303.151
303.15
303.151
303.15
303.151
303.151
303.151
303.151
303.15
303.15
303.143
303.111
302.973
302.633
302.715
303.016
303.126
303.146
303.151
303.15
303.151
303.15
303.151
303.15
303.151
303.151
303.151
303.151
303.15
303.15
303.143
303.111
302.974
302.634
302.716
303.016
303.126
303.146
303.151
303.15
303.151
303.15
303.151
303.15
303.151
303.151
303.151
303.151
303.15
303.15
303.143
303.111
302.975
302.635
302.717
303.017
303.126
303.146
303.151
303.15
303.151
303.15
303.151
303.15
303.151
303.151
303.151
303.151
303.15
303.15
303.143
303.111
302.975
302.637
302.718
303.017
303.127
303.146
303.151
303.15
303.151
303.15
303.151
303.15
303.151
303.151
303.151
303.151
303.15
303.15
303.143
303.111
302.976
302.638
302.719
303.018
303.127
303.146
303.151
303.15
303.151
303.15
303.151
303.15
303.151
303.151
303.151
303.151
303.15
303.15
303.143
303.112
302.977
302.639
302.721
303.019
303.127
303.146
303.151
303.15
303.151
303.15
303.151
303.15
303.151
303.151
303.151
303.151
303.15
303.15
303.143
303.112
302.977
302.641
302.722
303.019
303.127
303.146
303.151
303.15
303.151
303.15
303.151
303.15
303.151
303.151
303.151
303.151
303.15
303.15
303.143
303.112
302.978
302.642
302.723
303.02
303.127
303.146
303.151
303.15
303.151
303.15
303.151
303.15
303.151
303.151
303.151
303.151
303.15
303.15
303.143
303.112
302.979
302.643
302.724
303.02
303.127
303.146
303.151
303.15
303.151
303.15
303.151
303.15
303.151
303.151
303.151
303.151
303.15
303.15
303.143
303.112
302.98
302.645
302.725
303.021
303.128
303.146
303.151
303.15
303.151
303.15
303.151
303.15
303.151
303.151
303.151
303.151
303.15
303.15
303.143
303.113
302.98
302.646
302.726
303.021
303.128
303.146
303.151
303.15
303.151
303.15
303.151
303.15
303.151
303.151
303.151
303.151
303.15
303.15
303.143
303.113
302.981
302.647
302.728
303.022
303.128
303.146
303.151
303.15
303.151
303.15
303.151
303.15
303.151
303.151
303.151
303.151
303.15
303.15
303.143
303.113
302.982
302.649
302.729
303.022
303.128
303.146
303.151
303.15
303.151
303.15
303.151
303.15
303.151
303.151
303.151
303.151
303.15
303.15
303.143
303.113
302.982
302.65
302.73
303.023
303.128
303.146
303.151
303.15
303.151
303.15
303.151
303.15
303.151
303.151
303.15
303.151
303.15
303.15
303.143
303.113
302.983
302.651
302.731
303.024
303.128
303.146
303.151
303.15
303.151
303.15
303.151
303.15
303.151
303.151
303.15
303.151
303.15
303.15
303.143
303.114
302.984
302.653
302.732
303.024
303.128
303.146
303.151
303.15
303.151
303.15
303.151
303.15
303.151
303.151
303.15
303.151
303.15
303.15
303.143
303.114
302.984
302.654
302.733
303.025
303.129
303.147
303.151
303.15
303.151
303.15
303.151
303.15
303.151
303.151
303.15
303.151
303.15
303.15
303.143
303.114
302.985
302.656
302.735
303.025
303.129
303.147
303.151
303.15
303.151
303.15
303.151
303.15
303.151
303.151
303.15
303.151
303.15
303.15
303.143
303.114
302.986
302.657
302.736
303.026
303.129
303.147
303.151
303.15
303.151
303.15
303.151
303.15
303.151
303.151
303.15
303.151
303.15
303.15
303.143
303.114
302.986
302.658
302.737
303.026
303.129
303.147
303.151
303.15
303.151
303.15
303.151
303.15
303.151
303.151
303.15
303.151
303.15
303.15
303.143
303.115
302.987
302.66
302.738
303.027
303.129
303.147
303.151
303.15
303.151
303.15
303.151
303.15
303.151
303.151
303.15
303.151
303.15
303.15
303.144
303.115
302.988
302.661
302.739
303.027
303.129
303.147
303.151
303.15
303.151
303.15
303.151
303.15
303.151
303.151
303.15
303.151
303.15
303.15
303.144
303.115
302.989
302.662
302.741
303.028
303.13
303.147
303.151
303.15
303.151
303.15
303.151
303.15
303.151
303.151
303.15
303.151
303.15
303.15
303.144
303.115
302.989
302.664
302.742
303.029
303.13
303.147
303.151
303.15
303.151
303.15
303.151
303.15
303.151
303.151
303.15
303.151
303.15
303.15
303.144
303.115
302.99
302.665
302.743
303.029
303.13
303.147
303.151
303.15
303.151
303.15
303.151
303.15
303.151
303.151
303.15
303.151
303.15
303.15
303.144
303.116
302.991
302.666
302.744
303.03
303.13
303.147
303.151
303.15
303.151
303.15
303.151
303.15
303.151
303.151
303.15
303.151
303.15
303.15
303.144
303.116
302.991
302.668
302.745
303.03
303.13
303.147
303.151
303.15
303.151
303.15
303.151
303.15
303.151
303.151
303.15
303.151
303.15
303.15
303.144
303.116
302.992
302.669
302.747
303.031
303.13
303.147
303.151
303.15
303.151
303.15
303.151
303.15
303.151
303.151
303.15
303.151
303.15
303.15
303.144
303.116
302.993
302.671
302.748
303.031
303.13
303.147
303.151
303.15
303.151
303.15
303.151
303.15
303.151
303.151
303.15
303.151
303.15
303.15
303.144
303.116
302.993
302.672
302.749
303.032
303.131
303.147
303.151
303.15
303.151
303.15
303.151
303.15
303.151
303.151
303.15
303.151
303.15
303.15
303.144
303.117
302.994
302.673
302.75
303.032
303.131
303.147
303.151
303.15
303.151
303.15
303.151
303.15
303.151
303.151
303.15
303.151
303.15
303.15
303.144
303.117
302.995
302.675
302.751
303.033
303.131
303.147
303.151
303.15
303.151
303.15
303.151
303.15
303.151
303.151
303.15
303.151
303.15
303.15
303.144
303.117
302.995
302.676
302.752
303.034
303.131
303.147
303.151
303.15
303.151
303.15
303.151
303.15
303.151
303.151
303.15
303.151
303.15
303.15
303.144
303.117
302.996
302.678
302.754
303.034
303.131
303.147
303.151
303.15
303.151
303.15
303.151
303.15
303.151
303.151
303.15
303.151
303.15
303.15
303.144
303.117
302.997
302.679
302.755
303.035
303.131
303.147
303.151
303.15
303.151
303.15
303.151
303.15
303.151
303.151
303.15
303.151
303.15
303.15
303.144
303.118
302.998
302.68
302.756
303.035
303.131
303.147
303.151
303.15
303.151
303.15
303.151
303.15
303.151
303.151
303.15
303.151
303.15
303.15
303.144
303.118
302.998
302.682
302.757
303.036
303.132
303.147
303.151
303.15
303.151
303.15
303.151
303.15
303.151
303.151
303.15
303.151
303.15
303.15
303.144
303.118
302.999
302.683
302.758
303.036
303.132
303.147
303.151
303.15
303.151
303.15
303.151
303.15
303.151
303.151
303.15
303.151
303.15
303.15
303.144
303.118
303
302.684
302.76
303.037
303.132
303.147
303.151
303.15
303.151
303.15
303.151
303.15
303.151
303.151
303.15
303.151
303.15
303.15
303.144
303.118
303
302.686
302.761
303.037
303.132
303.147
303.151
303.15
303.151
303.15
303.151
303.15
303.151
303.151
303.15
303.151
303.15
303.15
303.144
303.119
303.001
302.687
302.762
303.038
303.132
303.147
303.151
303.15
303.151
303.15
303.151
303.15
303.151
303.151
303.15
303.151
303.15
303.15
303.144
303.119
303.002
302.689
302.763
303.039
303.132
303.147
303.151
303.15
303.151
303.15
303.151
303.15
303.151
303.151
303.15
303.151
303.15
303.15
303.144
303.119
303.002
302.69
302.765
303.039
303.132
303.147
303.151
303.15
303.151
303.15
303.151
303.15
303.151
303.151
303.15
303.151
303.15
303.15
303.144
303.119
303.003
302.692
302.766
303.04
303.133
303.147
303.151
303.15
303.151
303.15
303.151
303.15
303.151
303.151
303.15
303.151
303.15
303.15
303.144
303.119
303.004
302.693
302.767
303.04
303.133
303.147
303.151
303.15
303.151
303.15
303.151
303.15
303.151
303.151
303.15
303.151
303.15
303.15
303.144
303.12
303.004
302.694
302.768
303.041
303.133
303.147
303.151
303.15
303.151
303.15
303.151
303.15
303.151
303.151
303.15
303.151
303.15
303.15
303.144
303.12
303.005
302.696
302.769
303.041
303.133
303.147
303.151
303.15
303.151
303.15
303.151
303.15
303.151
303.15
303.15
303.151
303.15
303.15
303.144
303.12
303.006
302.697
302.771
303.042
303.133
303.147
303.151
303.15
303.151
303.15
303.151
303.15
303.151
303.15
303.15
303.151
303.15
303.15
303.145
303.12
303.007
302.699
302.772
303.042
303.133
303.147
303.151
303.15
303.151
303.15
303.151
303.15
303.151
303.15
303.15
303.151
303.15
303.15
303.145
303.12
303.007
302.7
302.773
303.043
303.133
303.147
303.151
303.15
303.151
303.15
303.151
303.15
303.151
303.15
303.15
303.151
303.15
303.15
303.145
303.121
303.008
302.701
302.774
303.044
303.134
303.147
303.151
303.15
303.151
303.15
303.151
303.15
303.151
303.15
303.15
303.151
303.15
303.15
303.145
303.121
303.009
302.703
302.776
303.044
303.134
303.147
303.151
303.15
303.151
303.15
303.151
303.15
303.151
303.15
303.15
303.151
303.15
303.15
303.145
303.121
303.009
302.704
302.777
303.045
303.134
303.147
303.151
303.15
303.151
303.15
303.151
303.15
303.151
303.15
303.15
303.151
303.15
303.15
303.145
303.121
303.01
302.706
302.778
303.045
303.134
303.147
303.151
303.15
303.151
303.15
303.151
303.15
303.151
303.15
303.15
303.151
303.15
303.15
303.145
303.121
303.011
302.707
302.779
303.046
303.134
303.147
303.151
303.15
303.151
303.15
303.151
303.15
303.151
303.15
303.15
303.151
303.15
303.15
303.145
303.122
303.012
302.709
302.78
303.046
303.134
303.147
303.151
303.15
303.151
303.15
303.151
303.15
303.151
303.15
303.15
303.151
303.15
303.15
303.145
303.122
303.012
302.71
302.782
303.047
303.134
303.147
303.151
303.15
303.151
303.15
303.151
303.15
303.151
303.15
303.15
303.151
303.15
303.15
303.145
303.122
303.013
302.711
302.783
303.048
303.135
303.147
303.151
303.15
303.151
303.15
303.151
303.15
303.151
303.15
303.15
303.151
303.15
303.15
303.145
303.122
303.014
302.713
)
;

boundaryField
{
    wall
    {
        type            zeroGradient;
    }
    inlet
    {
        type            fixedValue;
        value           uniform 303.15;
    }
    outlet
    {
        type            inletOutlet;
        inletValue      uniform 300;
        value           nonuniform List<scalar> 
20
(
302.516
302.916
303.096
303.141
303.149
303.15
303.15
303.15
303.15
303.15
303.15
303.15
303.15
303.15
303.15
303.145
303.128
303.065
302.898
302.544
)
;
    }
    heatWall
    {
        type            fixedGradient;
        gradient        uniform -1500;
    }
}


// ************************************************************************* //
