/*--------------------------------*- C++ -*----------------------------------*\
  =========                 |
  \\      /  F ield         | OpenFOAM: The Open Source CFD Toolbox
   \\    /   O peration     | Website:  https://openfoam.org
    \\  /    A nd           | Version:  8
     \\/     M anipulation  |
\*---------------------------------------------------------------------------*/
FoamFile
{
    version     2.0;
    format      ascii;
    class       volScalarField;
    location    "200";
    object      alphat;
}
// * * * * * * * * * * * * * * * * * * * * * * * * * * * * * * * * * * * * * //

dimensions      [1 -1 -1 0 0 0 0];

internalField   nonuniform List<scalar> 
8400
(
0.050757
0.0494459
0.0477161
0.0457509
0.043608
0.041396
0.0393317
0.037831
0.0376232
0.0392786
0.0415874
0.0416246
0.0402762
0.0389041
0.037944
0.0375335
0.0377405
0.038764
0.0403807
0.0416584
0.0424868
0.0428303
0.0426548
0.0422326
0.0417963
0.0413433
0.0408754
0.0403903
0.0398897
0.0393778
0.0387806
0.0381947
0.0376716
0.0372094
0.036805
0.0364518
0.0361417
0.0358673
0.0356221
0.0353988
0.0351911
0.0349948
0.0348066
0.0346238
0.0344439
0.0342649
0.0340859
0.0339079
0.033733
0.0335648
0.0583416
0.0570437
0.055023
0.0528717
0.0500439
0.0462776
0.0413695
0.0348945
0.026783
0.0180757
0.0182627
0.0213838
0.0241957
0.0258508
0.0270865
0.0259233
0.0226027
0.018433
0.0185069
0.0188427
0.0192674
0.0195731
0.0198657
0.0199695
0.0196344
0.0190622
0.0183853
0.0177039
0.0170936
0.0166072
0.0164566
0.0164325
0.0164133
0.0163988
0.0163895
0.0163847
0.016384
0.0163874
0.0163946
0.0164047
0.016417
0.0164316
0.0164484
0.0164669
0.0164865
0.0165067
0.0165271
0.0165474
0.0165676
0.0165876
0.0611515
0.0611091
0.0610527
0.0609282
0.0607016
0.0603359
0.0597599
0.059137
0.057971
0.0276384
0.0302886
0.0376752
0.0405144
0.0439683
0.0461099
0.041783
0.0366232
0.0192303
0.0176207
0.0160977
0.0158529
0.0158049
0.0159346
0.0159723
0.015945
0.0159001
0.0158674
0.0158607
0.0158827
0.0159269
0.0160216
0.0161089
0.0161651
0.0161917
0.0161944
0.0161811
0.0161603
0.0161392
0.0161228
0.0161137
0.0161129
0.0161207
0.016137
0.0161611
0.0161922
0.016229
0.0162702
0.0163151
0.0163634
0.0164146
0.0611716
0.0610971
0.0610203
0.0609408
0.0608568
0.0607689
0.0606761
0.0604934
0.0602463
0.0581379
0.0556278
0.0533227
0.0520269
0.0527588
0.0531607
0.0541576
0.0596733
0.0237676
0.0251863
0.0172363
0.0162056
0.0162797
0.0163405
0.01646
0.0166202
0.0168125
0.0170305
0.0172675
0.0175136
0.0177559
0.0180951
0.0183605
0.0184949
0.0185043
0.0184092
0.018239
0.0180266
0.0178016
0.0175872
0.0173994
0.0172458
0.0171275
0.017042
0.0169847
0.0169503
0.0169334
0.0169299
0.0169376
0.0169547
0.0169797
0.06117
0.061095
0.0610173
0.0609385
0.0608556
0.0607728
0.0606844
0.0605873
0.0604736
0.0601606
0.0595172
0.0587005
0.0579648
0.0575365
0.0572117
0.057272
0.0578521
0.0563107
0.0558123
0.0191759
0.0190617
0.0188009
0.0189101
0.0192178
0.0196479
0.0201582
0.0207206
0.0213082
0.0218915
0.022436
0.0231385
0.0236341
0.0238543
0.023809
0.0235257
0.0230475
0.0224303
0.0217362
0.0210271
0.020357
0.0197656
0.0192741
0.0188868
0.0185952
0.0183839
0.0182359
0.0181362
0.0180727
0.0180359
0.0180188
0.0611547
0.0610622
0.0609681
0.0608739
0.0607784
0.0606845
0.060591
0.0604987
0.0604028
0.0602772
0.0600571
0.0597283
0.0593329
0.0589421
0.0585734
0.0584492
0.0584481
0.0573914
0.0543294
0.0448843
0.0223146
0.0223322
0.0228816
0.0236663
0.0245884
0.0255994
0.0266562
0.0277179
0.0287355
0.0296435
0.0306392
0.0312697
0.0315533
0.0315082
0.0311559
0.030519
0.0296226
0.0285078
0.0272346
0.0258802
0.0245299
0.0232656
0.0221512
0.0212235
0.0204907
0.0199391
0.019542
0.0192683
0.0190883
0.0189771
0.0611432
0.0610364
0.0609264
0.0608146
0.0607059
0.0605947
0.0604871
0.0603821
0.0602793
0.0601746
0.0600444
0.0598655
0.0596317
0.0593559
0.0590641
0.0588926
0.0586531
0.0576387
0.0547984
0.0480327
0.0322926
0.0256843
0.0269381
0.0283876
0.0299172
0.031473
0.0330092
0.0344911
0.0358574
0.037022
0.0379681
0.0385245
0.0388165
0.0388621
0.0386659
0.0382262
0.0375331
0.0365787
0.0353644
0.0339053
0.0322353
0.0304145
0.0285294
0.0266832
0.0249774
0.0234906
0.0222642
0.0213025
0.0205806
0.0200584
0.0611269
0.0609968
0.060868
0.0607401
0.0606158
0.0604888
0.0603669
0.0602474
0.0601336
0.0600222
0.0599086
0.0597776
0.0596147
0.0594171
0.0591966
0.0590174
0.0586799
0.0576604
0.0550224
0.0493616
0.0385277
0.0291277
0.0306857
0.0325884
0.0343969
0.0361546
0.0378124
0.0393344
0.0406744
0.0417926
0.0423199
0.04272
0.0430144
0.0431826
0.0432069
0.043075
0.0427784
0.0423099
0.0416595
0.0408076
0.0397272
0.0383926
0.0367904
0.0349354
0.032881
0.0307208
0.0285753
0.0265668
0.0247909
0.0232944
0.0611052
0.0609437
0.0607864
0.0606344
0.0604848
0.0603411
0.0602052
0.0600749
0.0599531
0.0598355
0.0597219
0.0596075
0.0594802
0.0593304
0.0591611
0.0589902
0.0586177
0.0576108
0.0551865
0.0503429
0.0419651
0.0333837
0.0320955
0.0357126
0.0377301
0.0393125
0.040632
0.041733
0.0426112
0.0432954
0.0435302
0.0439383
0.0443845
0.0447474
0.0449722
0.0450448
0.0449737
0.0447771
0.0444718
0.0440691
0.0435694
0.0429596
0.0422107
0.0412782
0.0401126
0.0386744
0.0369537
0.0349779
0.0328279
0.0306254
0.061063
0.0608498
0.0606515
0.0604622
0.0602836
0.0601213
0.0599752
0.0598435
0.0597198
0.0596045
0.0594972
0.059391
0.0592826
0.0591679
0.05904
0.0588853
0.0585057
0.0575312
0.0553277
0.05118
0.0444876
0.0371275
0.0335879
0.0351337
0.0388697
0.0406241
0.0417358
0.0424156
0.0425374
0.042489
0.0426705
0.0434622
0.0443664
0.0450961
0.0455916
0.045863
0.0459465
0.0458809
0.0456945
0.0454108
0.0450486
0.0446201
0.0441317
0.0435763
0.0429471
0.0422429
0.0414792
0.0406443
0.0396737
0.0384435
0.0609874
0.0606722
0.0604061
0.060172
0.059977
0.059811
0.059667
0.0595408
0.0594227
0.0593155
0.0592194
0.05913
0.0590487
0.0589673
0.0588723
0.058733
0.0583569
0.0574256
0.0554366
0.0518922
0.0464922
0.0404261
0.0363064
0.035529
0.0371843
0.0388322
0.0398194
0.0400081
0.0388327
0.0351038
0.0403998
0.0421424
0.043853
0.045081
0.0458874
0.0463695
0.0466074
0.0466603
0.0465713
0.0463737
0.0460935
0.0457482
0.0453463
0.0448867
0.0443686
0.0437948
0.0431743
0.0425121
0.0417996
0.0410257
0.0608057
0.0602354
0.0599316
0.059703
0.05953
0.0593827
0.0592609
0.0591545
0.0590563
0.0589794
0.0589079
0.0588423
0.0587914
0.0587406
0.0586749
0.0585489
0.0581769
0.0572868
0.0554909
0.0524637
0.0480957
0.043214
0.0394023
0.0376341
0.0375987
0.0381868
0.0386483
0.0387379
0.0384427
0.0384847
0.0401437
0.0423289
0.0441493
0.0454658
0.0463504
0.0469004
0.047196
0.0472995
0.0472586
0.0471093
0.0468781
0.0465837
0.0462362
0.0458417
0.0454054
0.0449331
0.0444297
0.0438963
0.0433296
0.042728
0.0600652
0.0595641
0.0593164
0.0591274
0.0589872
0.0588734
0.0587834
0.0587131
0.0586536
0.0586108
0.0585708
0.0585387
0.0585196
0.0584975
0.0584599
0.0583384
0.0579596
0.0571004
0.0554699
0.0528813
0.049349
0.0454892
0.0423001
0.0404018
0.0396848
0.0396368
0.0398136
0.0400396
0.0403626
0.04101
0.0422157
0.0437077
0.0450764
0.0461614
0.0469395
0.0474445
0.0477254
0.0478304
0.047801
0.0476702
0.047463
0.0471968
0.0468834
0.0465315
0.0461485
0.0457398
0.0453088
0.0448571
0.0443843
0.0438901
0.0591157
0.0587744
0.058591
0.058457
0.0583648
0.0583018
0.0582621
0.0582377
0.0582251
0.0582215
0.058222
0.058231
0.0582427
0.0582399
0.0582072
0.0580775
0.0577174
0.0568611
0.0553564
0.0531391
0.0502895
0.0472859
0.0447715
0.0431246
0.0423032
0.0420558
0.0421422
0.0424394
0.0429267
0.0435809
0.0444891
0.0455154
0.0464507
0.0472053
0.0477539
0.0481065
0.0482896
0.0483338
0.0482685
0.0481191
0.0479058
0.0476433
0.0473425
0.0470119
0.0466585
0.0462877
0.0459022
0.0455044
0.0450946
0.044672
0.0581094
0.0579255
0.057825
0.0577673
0.0577392
0.0577392
0.0577569
0.0577811
0.0578147
0.0578537
0.0578903
0.0579244
0.0579487
0.0579447
0.057891
0.0577303
0.0573555
0.0565663
0.0551987
0.0532373
0.0509527
0.0486576
0.0467652
0.0454902
0.044803
0.044565
0.044638
0.0449255
0.0453677
0.0459136
0.0465349
0.0471922
0.0477773
0.0482387
0.0485589
0.048742
0.0488035
0.048763
0.0486404
0.0484536
0.0482173
0.0479429
0.0476395
0.0473145
0.0469743
0.0466236
0.0462654
0.0459015
0.0455325
0.0451573
0.0572189
0.0571663
0.0571527
0.0571673
0.0572008
0.0572518
0.057311
0.0573717
0.0574317
0.0574897
0.0575392
0.0575745
0.0575871
0.0575605
0.0574694
0.0572669
0.0568722
0.0561525
0.0549899
0.0532334
0.0513779
0.0496655
0.0483071
0.0474028
0.046917
0.0467552
0.0468258
0.0470588
0.0473924
0.047774
0.0481625
0.0485417
0.0488581
0.0490853
0.0492148
0.0492499
0.0492004
0.0490788
0.048898
0.0486701
0.048405
0.0481113
0.0477961
0.0474661
0.047127
0.0467829
0.0464367
0.04609
0.0457434
0.0453971
0.0565321
0.0565587
0.0566016
0.0566562
0.0567206
0.0567923
0.0568633
0.0569314
0.0569934
0.0570462
0.0570849
0.057103
0.0570901
0.0570316
0.0569046
0.0566727
0.0562783
0.0556367
0.0546589
0.0532539
0.0515222
0.0503587
0.0494506
0.0488665
0.0485647
0.0484795
0.0485438
0.0487035
0.0489135
0.0491376
0.0493415
0.0495158
0.0496354
0.0496891
0.049675
0.0495973
0.0494629
0.04928
0.0490568
0.0488004
0.0485162
0.0482095
0.0478852
0.0475485
0.0472038
0.0468544
0.046503
0.0461521
0.045804
0.0454615
0.0559051
0.0559551
0.0560113
0.0560724
0.0561381
0.0562042
0.0562673
0.0563248
0.0563747
0.0564132
0.0564344
0.0564313
0.0563952
0.0563145
0.0561701
0.0559348
0.0555698
0.0550222
0.0542269
0.0530991
0.0515897
0.0507974
0.0502416
0.0499135
0.0497565
0.0497206
0.0497641
0.0498503
0.0499499
0.0500406
0.0500993
0.0501251
0.050113
0.0500626
0.0499756
0.0498546
0.0497025
0.0495221
0.0493156
0.0490841
0.0488283
0.0485497
0.0482498
0.0479302
0.0475919
0.0472357
0.0468623
0.0464737
0.0460732
0.0456642
0.0550622
0.0551044
0.0551508
0.0552011
0.0552548
0.055308
0.0553594
0.055406
0.0554445
0.055471
0.0554812
0.0554688
0.0554268
0.0553454
0.0552113
0.0550058
0.0547039
0.0542723
0.0536647
0.0528077
0.0515873
0.0510078
0.050714
0.050557
0.0504886
0.0504733
0.0504839
0.0504997
0.0505055
0.0504895
0.0505261
0.050573
0.0506242
0.050672
0.0507099
0.0507322
0.0507348
0.0507142
0.0506677
0.050593
0.0504883
0.0503533
0.0501877
0.0499905
0.0497594
0.0494902
0.049177
0.0488098
0.048365
0.047753
0.0638903
0.063339
0.0627888
0.0622331
0.0616748
0.0611166
0.0605619
0.0600132
0.0594716
0.0589364
0.0584064
0.0578793
0.0573513
0.0568174
0.0562708
0.0557028
0.0551029
0.0544581
0.0537499
0.0529369
0.051795
0.0519705
0.0520014
0.0522829
0.0526723
0.0531188
0.0535938
0.0540832
0.0545812
0.0550853
0.0555177
0.0559001
0.0562359
0.0565286
0.0567814
0.0569977
0.0571801
0.0573314
0.0574541
0.0575514
0.0576266
0.0576837
0.0577268
0.0577592
0.0577847
0.0578078
0.0578345
0.0578736
0.0579415
0.0581
0.00545329
0.00542427
0.00539767
0.00537377
0.00535166
0.00532989
0.00530838
0.00528709
0.00526602
0.00524515
0.00522448
0.00520397
0.00518359
0.00516333
0.00514316
0.00512308
0.0051031
0.0050832
0.00506339
0.00504357
0.00500216
0.00500449
0.00499605
0.00498088
0.00494223
0.00490935
0.00488037
0.00485388
0.00482903
0.00480536
0.00478262
0.00476069
0.0047395
0.00471905
0.00469931
0.00468029
0.00466196
0.00464433
0.0046274
0.00461119
0.0045957
0.00458066
0.00456615
0.00455209
0.0045384
0.00452503
0.00451191
0.00449882
0.00448518
0.00446987
0.00538125
0.00525159
0.00513151
0.00501949
0.00491383
0.00481468
0.0047211
0.00463238
0.00454794
0.00446734
0.00439021
0.00431631
0.00424542
0.00417737
0.00411202
0.00404918
0.00398868
0.00393031
0.00387382
0.00381849
0.00373538
0.0160464
0.0160171
0.0159091
0.0157749
0.0157474
0.0157631
0.0157904
0.0158146
0.0158296
0.0158335
0.0158264
0.0158096
0.0157847
0.0157531
0.0157164
0.0156758
0.0156322
0.0155857
0.0155367
0.015485
0.0154317
0.0153768
0.0153199
0.0152607
0.0151986
0.0151335
0.0150655
0.0149948
0.0149198
0.00538145
0.00525151
0.0051299
0.00501581
0.00490793
0.00480553
0.00470801
0.00461487
0.00452567
0.00444005
0.00435769
0.00427833
0.00420176
0.00412778
0.00405623
0.00398696
0.00391982
0.00385468
0.00379155
0.0159062
0.0157753
0.0156459
0.0155201
0.0153968
0.0152806
0.0151694
0.0150632
0.0149608
0.0148612
0.0147636
0.0146674
0.0145722
0.0144778
0.0143843
0.0142917
0.0142003
0.0141101
0.0140214
0.0139346
0.0138496
0.0137663
0.0136845
0.013604
0.0135246
0.0134459
0.0133673
0.013288
0.0132075
0.0131267
0.0130495
0.00538152
0.00525266
0.00513221
0.00501914
0.00491207
0.00481025
0.0047131
0.00462015
0.00453103
0.00444539
0.00436297
0.00428351
0.00420678
0.00413261
0.00406082
0.00399124
0.00392374
0.00385821
0.00379466
0.0159242
0.0157866
0.0156528
0.0155223
0.0153945
0.0152693
0.0151462
0.0150251
0.0149056
0.0147875
0.0146705
0.0145545
0.0144394
0.0143253
0.014212
0.0140999
0.013989
0.0138795
0.0137717
0.0136657
0.0135615
0.0134592
0.0133586
0.0132598
0.0131626
0.0130671
0.0129733
0.0128807
0.0127878
0.0126938
0.0126013
0.00538154
0.00525273
0.00513225
0.00501907
0.00491184
0.00480983
0.00471249
0.00461938
0.00453011
0.00444437
0.00436188
0.00428238
0.00420565
0.00413151
0.00405976
0.00399025
0.00392282
0.00385737
0.00379391
0.0159138
0.0157798
0.0156486
0.01552
0.0153937
0.0152694
0.0151469
0.0150258
0.014906
0.0147872
0.0146692
0.0145519
0.0144351
0.0143189
0.0142034
0.0140887
0.013975
0.0138624
0.0137512
0.0136415
0.0135334
0.0134269
0.0133219
0.0132184
0.0131162
0.0130153
0.012916
0.0128184
0.0127224
0.0126263
0.0125307
0.00538155
0.0052528
0.00513246
0.00501946
0.00491245
0.00481067
0.00471354
0.00462063
0.00453155
0.00444597
0.00436361
0.00428422
0.00420759
0.00413351
0.00406181
0.00399232
0.00392492
0.00385947
0.00379495
0.00365389
0.0154562
0.0154399
0.0153873
0.0153112
0.01522
0.0151192
0.0150125
0.0149021
0.0147894
0.0146752
0.0145602
0.0144447
0.0143292
0.0142137
0.0140987
0.0139844
0.013871
0.0137587
0.0136478
0.0135383
0.0134302
0.0133236
0.0132184
0.0131145
0.0130117
0.0129097
0.0128089
0.0127097
0.0126113
0.0125135
0.00538154
0.00525283
0.00513252
0.00501954
0.00491252
0.0048107
0.00471353
0.00462055
0.0045314
0.00444575
0.00436332
0.00428386
0.00420716
0.00413302
0.00406126
0.00399174
0.0039243
0.00385883
0.00379428
0.00365162
0.0154445
0.0154292
0.0153782
0.0153037
0.0152138
0.0151139
0.0150078
0.0148977
0.0147853
0.0146714
0.0145567
0.0144416
0.0143264
0.0142114
0.0140967
0.0139825
0.0138692
0.0137569
0.0136457
0.0135358
0.0134271
0.0133196
0.0132134
0.0131085
0.0130048
0.012902
0.0127999
0.012699
0.012599
0.0124997
0.00538155
0.00525284
0.00513255
0.00501958
0.00491258
0.00481079
0.00471364
0.00462071
0.0045316
0.004446
0.00436362
0.00428421
0.00420756
0.00413347
0.00406176
0.00399228
0.00392487
0.00385943
0.00379493
0.00365385
0.0154488
0.01543
0.015377
0.0153002
0.0152072
0.0151034
0.0149931
0.0148791
0.0147634
0.0146472
0.0145311
0.0144157
0.0143009
0.0141869
0.0140736
0.0139611
0.0138494
0.0137387
0.0136289
0.0135201
0.0134123
0.0133053
0.0131992
0.0130941
0.01299
0.0128868
0.0127844
0.0126827
0.012582
0.012482
0.00538155
0.00525285
0.00513256
0.0050196
0.00491259
0.00481079
0.00471364
0.0046207
0.00453158
0.00444597
0.00436357
0.00428414
0.00420748
0.00413337
0.00406165
0.00399215
0.00392472
0.00385926
0.00379653
0.0160482
0.0157596
0.0155655
0.0154202
0.0152987
0.0151874
0.0150792
0.0149707
0.0148606
0.014749
0.014636
0.0145222
0.014408
0.0142939
0.0141799
0.0140665
0.0139536
0.0138415
0.0137304
0.0136203
0.0135111
0.013403
0.0132958
0.0131894
0.0130838
0.0129791
0.0128753
0.0127723
0.01267
0.0125686
0.0124681
0.00538156
0.00525285
0.00513255
0.00501958
0.00491256
0.00481077
0.00471363
0.00462069
0.00453158
0.00444597
0.00436358
0.00428417
0.00420751
0.00413343
0.00406171
0.00399221
0.00392477
0.00385929
0.00379574
0.015977
0.0158155
0.015646
0.0154868
0.015342
0.0152096
0.015086
0.0149677
0.0148526
0.0147389
0.0146258
0.0145128
0.0143998
0.0142868
0.0141739
0.0140611
0.0139487
0.0138369
0.0137258
0.0136157
0.0135064
0.013398
0.0132905
0.0131838
0.0130779
0.0129727
0.0128683
0.0127647
0.0126619
0.0125599
0.0124586
0.00538156
0.00525284
0.00513252
0.00501953
0.00491252
0.00481072
0.00471359
0.00462066
0.00453155
0.00444594
0.00436354
0.00428413
0.00420748
0.00413338
0.00406166
0.00399213
0.00392467
0.00385915
0.00379558
0.0159718
0.0158173
0.0156529
0.0154964
0.0153518
0.015218
0.0150923
0.014972
0.014855
0.0147399
0.0146257
0.0145118
0.0143981
0.0142845
0.014171
0.0140578
0.0139451
0.013833
0.0137219
0.0136116
0.0135024
0.013394
0.0132866
0.0131799
0.013074
0.0129687
0.0128641
0.0127602
0.012657
0.0125545
0.0124526
0.00538156
0.00525282
0.00513249
0.00501949
0.00491247
0.00481069
0.00471355
0.00462062
0.0045315
0.00444587
0.00436346
0.00428403
0.00420736
0.00413324
0.00406148
0.00399191
0.0039244
0.00385886
0.0037943
0.00365615
0.0154662
0.0154454
0.0153863
0.0153019
0.0152015
0.015092
0.0149777
0.0148614
0.0147445
0.0146279
0.0145119
0.0143966
0.014282
0.0141682
0.0140551
0.0139427
0.0138313
0.0137208
0.0136113
0.0135027
0.0133948
0.0132877
0.0131812
0.0130752
0.0129697
0.0128646
0.01276
0.0126559
0.0125524
0.0124494
0.00538155
0.00525281
0.00513246
0.00501945
0.00491242
0.00481064
0.00471351
0.00462058
0.00453146
0.00444584
0.00436344
0.00428402
0.00420735
0.00413322
0.00406145
0.00399187
0.00392437
0.00385886
0.00379615
0.0160584
0.0157695
0.0155748
0.0154268
0.0153002
0.0151826
0.0150685
0.0149555
0.0148427
0.0147299
0.0146171
0.0145042
0.0143914
0.0142788
0.0141665
0.0140545
0.0139429
0.0138319
0.0137216
0.0136121
0.0135033
0.0133951
0.0132875
0.0131804
0.0130736
0.0129672
0.0128612
0.0127555
0.0126503
0.0125457
0.0124415
0.00538155
0.0052528
0.00513242
0.00501938
0.00491232
0.00481049
0.00471331
0.00462033
0.00453116
0.00444549
0.00436303
0.00428355
0.00420681
0.00413261
0.00406077
0.00399113
0.00392359
0.00385806
0.00379533
0.0160593
0.0157703
0.0155736
0.0154238
0.0152961
0.0151783
0.0150645
0.0149521
0.0148401
0.0147282
0.014616
0.0145038
0.0143915
0.0142793
0.0141672
0.0140552
0.0139435
0.0138323
0.0137215
0.0136114
0.0135019
0.013393
0.0132845
0.0131764
0.0130687
0.0129613
0.0128542
0.0127474
0.0126411
0.0125355
0.0124304
0.00538155
0.00525279
0.00513239
0.00501933
0.00491226
0.00481045
0.0047133
0.00462036
0.00453125
0.00444563
0.00436322
0.00428378
0.00420707
0.00413289
0.00406107
0.00399146
0.00392395
0.00385844
0.00379571
0.0160589
0.0157758
0.015584
0.0154355
0.0153076
0.0151889
0.0150739
0.0149605
0.0148475
0.0147346
0.0146217
0.0145089
0.014396
0.0142831
0.0141704
0.0140577
0.0139453
0.0138332
0.0137216
0.0136105
0.0135
0.0133901
0.0132806
0.0131715
0.0130627
0.0129543
0.0128462
0.0127387
0.0126317
0.0125256
0.0124203
0.00538156
0.00525274
0.0051322
0.00501895
0.00491166
0.00480961
0.00471224
0.0046191
0.00452981
0.00444404
0.00436149
0.00428193
0.00420511
0.00413085
0.00405896
0.0039893
0.00392175
0.00385621
0.00379166
0.00365293
0.0154498
0.0154306
0.0153741
0.0152924
0.0151948
0.0150876
0.0149753
0.0148606
0.0147449
0.0146291
0.0145137
0.0143987
0.0142843
0.0141703
0.0140567
0.0139436
0.013831
0.013719
0.0136078
0.0134973
0.0133874
0.0132781
0.0131693
0.0130611
0.0129534
0.0128465
0.0127404
0.0126354
0.0125317
0.0124297
0.00538156
0.00525274
0.00513224
0.00501911
0.00491199
0.00481013
0.00471293
0.00461994
0.00453076
0.00444505
0.00436255
0.00428298
0.00420615
0.00413185
0.00405991
0.00399019
0.00392258
0.00385697
0.00379417
0.0160483
0.0157659
0.0155748
0.0154274
0.0153007
0.0151832
0.0150696
0.0149577
0.0148465
0.0147356
0.014625
0.0145148
0.0144046
0.0142946
0.0141847
0.014075
0.0139657
0.0138571
0.0137493
0.0136424
0.0135367
0.0134319
0.0133283
0.0132257
0.0131244
0.0130243
0.0129258
0.012829
0.0127345
0.0126428
0.0125545
0.00538157
0.00525183
0.00513024
0.0050161
0.00490809
0.00480553
0.00470784
0.00461454
0.00452522
0.00443951
0.00435713
0.0042778
0.00420129
0.00412738
0.0040559
0.00398667
0.00391956
0.00385447
0.00379148
0.0159428
0.0158086
0.0156686
0.0155246
0.015384
0.0152497
0.0151229
0.0150036
0.014891
0.0147842
0.0146887
0.0146027
0.0145204
0.0144388
0.0143566
0.0142734
0.0141896
0.0141057
0.0140221
0.0139393
0.0138577
0.0137775
0.0136989
0.0136221
0.0135473
0.0134745
0.013404
0.0133364
0.0132722
0.0132128
0.0131596
0.00538192
0.00525325
0.00513342
0.00502122
0.00491493
0.00481467
0.00472015
0.00463081
0.00454614
0.00446571
0.00438912
0.00431602
0.00424606
0.00417895
0.00411441
0.00405221
0.00399215
0.00393404
0.00387775
0.003823
0.00377137
0.0159675
0.0158994
0.0157866
0.0156624
0.0155438
0.0154383
0.0153476
0.0152706
0.0152014
0.0152482
0.0153351
0.0154237
0.0154968
0.0155486
0.015579
0.0155906
0.0155871
0.0155719
0.0155481
0.0155183
0.0154844
0.0154479
0.01541
0.0153715
0.0153332
0.0152962
0.0152616
0.0152317
0.0152108
0.00545095
0.00542378
0.0053989
0.00537566
0.00535417
0.00533333
0.00531257
0.00529179
0.00527089
0.00524986
0.00522868
0.00520737
0.00518598
0.00516456
0.00514316
0.00512185
0.00510071
0.00507978
0.00505914
0.00503879
0.00501882
0.00501286
0.00499943
0.00498223
0.00496297
0.00494238
0.00492086
0.00489873
0.00487617
0.00483444
0.00479946
0.00476949
0.00474319
0.00471956
0.00469787
0.0046776
0.00465838
0.00463993
0.00462207
0.00460465
0.00458761
0.00457088
0.00455442
0.0045382
0.00452217
0.00450629
0.00449051
0.00447484
0.00445914
0.00444329
0.0195079
0.0115795
0.0111571
0.0107549
0.0098238
0.00865818
0.00754094
0.00663175
0.00597083
0.00556164
0.00535106
0.00550251
0.00587215
0.0061859
0.00640611
0.00657337
0.00671522
0.00682769
0.00725482
0.0171044
0.0193
0.0115131
0.0111718
0.0107661
0.00981031
0.0086176
0.00747951
0.00655807
0.00588897
0.00547519
0.0052695
0.00545179
0.00583981
0.00616084
0.00639349
0.00657505
0.00672919
0.00685074
0.0073014
0.0174079
0.0190846
0.0114518
0.0111877
0.0107773
0.00979658
0.00857682
0.00741818
0.00648483
0.00580736
0.00538745
0.00516643
0.00536567
0.00577448
0.00611631
0.00636537
0.00655845
0.00672057
0.00684793
0.00731798
0.0176317
0.0188731
0.0113927
0.0112044
0.0107883
0.00978257
0.00853593
0.00735708
0.00641228
0.00572661
0.00530115
0.00507991
0.0052895
0.00571337
0.00607254
0.00633724
0.00654191
0.0067121
0.0068453
0.00733529
0.0178579
0.01866
0.0113367
0.011222
0.0107992
0.00976835
0.00849498
0.00729625
0.00634035
0.00564624
0.00521427
0.00499213
0.00521669
0.00565393
0.00602917
0.00630919
0.00652547
0.0067038
0.00684286
0.00735339
0.0180871
0.0184459
0.0112841
0.0112404
0.0108099
0.00975396
0.00845408
0.00723584
0.00626922
0.0055665
0.00512722
0.00490442
0.00514461
0.00559475
0.00598578
0.00628116
0.00650914
0.00669568
0.00684063
0.00737231
0.0183193
0.0182311
0.0112348
0.0112595
0.0108205
0.00973945
0.00841324
0.00717586
0.00619884
0.00548731
0.00503966
0.00481645
0.00507234
0.00553522
0.00594214
0.00625308
0.00649294
0.00668776
0.00683861
0.00739208
0.0185546
0.0180161
0.0111887
0.0112792
0.010831
0.00972489
0.00837259
0.00711636
0.00612922
0.00540851
0.004951
0.00472736
0.00499967
0.00547536
0.0058983
0.00622497
0.00647686
0.00668005
0.00683681
0.00741273
0.018793
0.017801
0.0111459
0.0112994
0.0108413
0.00971036
0.0083322
0.00705744
0.00606042
0.00533009
0.00486086
0.00463614
0.00492671
0.00541546
0.00585445
0.00619695
0.00646095
0.00667255
0.00683522
0.00743428
0.0190345
0.017586
0.0111064
0.0113201
0.0108516
0.00969592
0.0082922
0.00699923
0.00599256
0.00525212
0.00476897
0.00454183
0.00485348
0.00535596
0.00581085
0.00616915
0.00644528
0.00666529
0.00683384
0.00745676
0.0192793
0.0173713
0.0110702
0.0113411
0.0108618
0.00968169
0.00825274
0.00694191
0.00592584
0.00517484
0.00467523
0.00444525
0.0047803
0.0052973
0.00576784
0.00614173
0.0064299
0.0066583
0.0068327
0.00748021
0.0195274
0.0171571
0.0110372
0.0113625
0.0108719
0.00966779
0.00821402
0.00688576
0.00586055
0.00509861
0.00457967
0.00434577
0.00470777
0.00523995
0.00572573
0.00611483
0.00641489
0.0066516
0.00683179
0.00750469
0.019779
0.0169435
0.0110075
0.0113841
0.0108821
0.00965437
0.00817631
0.00683112
0.00579715
0.005024
0.0044828
0.00424068
0.0046363
0.00518433
0.00568485
0.00608862
0.0064003
0.00664522
0.00683114
0.00753026
0.0200343
0.0167306
0.0109811
0.0114059
0.0108923
0.00964163
0.00813995
0.00677843
0.00573617
0.00495177
0.0043857
0.00412763
0.00456538
0.00513071
0.00564552
0.00606331
0.00638623
0.00663916
0.00683072
0.00755696
0.0202934
0.0165187
0.010958
0.0114277
0.0109026
0.00962977
0.00810528
0.00672819
0.00567818
0.00488273
0.00428978
0.00401248
0.00449461
0.00507922
0.00560787
0.00603907
0.00637283
0.00663353
0.00683054
0.00758483
0.0205565
0.0163077
0.0109381
0.0114495
0.0109131
0.00961903
0.00807273
0.00668098
0.00562385
0.00481773
0.00419642
0.00390548
0.00442672
0.00503035
0.00557207
0.0060159
0.0063601
0.00662835
0.00683066
0.00761399
0.0208239
0.0160979
0.0109215
0.0114712
0.0109238
0.00960963
0.00804272
0.00663735
0.00557387
0.00475767
0.00410748
0.0037915
0.00436617
0.004985
0.00553861
0.00599397
0.00634798
0.00662354
0.00683103
0.00764449
0.0210956
0.0158892
0.010908
0.0114927
0.0109348
0.00960181
0.00801564
0.00659783
0.00552884
0.00470352
0.00402647
0.00363442
0.0043074
0.00494321
0.00550795
0.0059738
0.0063368
0.00661918
0.00683162
0.00767634
0.0213718
0.0156817
0.0108977
0.0115139
0.0109463
0.00959579
0.00799183
0.0065628
0.00548905
0.00465571
0.00395686
0.00354297
0.00423647
0.00490404
0.00547947
0.00595522
0.0063267
0.0066155
0.00683259
0.00770972
0.0216526
0.0154755
0.0108903
0.0115348
0.0109581
0.00959176
0.00797161
0.00653255
0.00545452
0.00461356
0.00389715
0.0163333
0.00419542
0.00487012
0.00545345
0.00593786
0.00631726
0.00661218
0.00683375
0.00774458
0.0219378
0.0152707
0.0108858
0.0115554
0.0109705
0.00958985
0.0079552
0.00650733
0.00542535
0.00457656
0.00384383
0.0162769
0.00418393
0.00484193
0.00543175
0.00592299
0.00630921
0.00660966
0.00683538
0.00778114
0.0222277
0.0150672
0.010884
0.0115755
0.0109835
0.00959011
0.00794262
0.00648711
0.00540159
0.00454564
0.0038043
0.00332054
0.00410475
0.00481895
0.00541239
0.00590929
0.00630165
0.00660736
0.00683712
0.00781925
0.0225217
0.0148652
0.0108847
0.0115951
0.0109971
0.00959268
0.00793395
0.00647164
0.00538247
0.00452031
0.00379073
0.019558
0.00405763
0.00479965
0.00539764
0.00589877
0.00629593
0.00660595
0.00683926
0.00785904
0.0228197
0.0146645
0.0108877
0.0116143
0.0110113
0.00959766
0.00792946
0.00646123
0.00536784
0.00449802
0.00376867
0.00290152
0.0040259
0.0047812
0.00538146
0.00588786
0.00629044
0.00660488
0.00684165
0.00790048
0.0231212
0.0144653
0.0108927
0.0116329
0.011026
0.00960499
0.00792925
0.0064565
0.00535991
0.00448894
0.0038026
0.0116844
0.00428139
0.00477688
0.00537173
0.00587922
0.00628583
0.00660421
0.00684424
0.00794353
0.0234258
0.0142675
0.0108995
0.0116513
0.0110424
0.00961518
0.00793302
0.0064556
0.00535628
0.00448677
0.00382379
0.00921878
0.00427292
0.00476665
0.00536215
0.00587157
0.0062819
0.00660391
0.00684701
0.00798815
0.0237329
0.0140711
0.0109073
0.0116703
0.0110607
0.00962842
0.00794051
0.00645903
0.00535956
0.00450161
0.00394285
0.019966
0.00422145
0.00475596
0.0053525
0.00586452
0.00627847
0.00660391
0.00684995
0.00803433
0.0240423
0.013877
0.0109149
0.0116899
0.0110808
0.00964432
0.00795084
0.00646479
0.00536412
0.00451231
0.00391212
0.0179241
0.00419097
0.00474644
0.00534202
0.00585807
0.00627545
0.00660413
0.006853
0.00808821
0.0243517
0.013685
0.0109221
0.0117099
0.0111027
0.00966332
0.0079652
0.00647551
0.00537635
0.00453811
0.00393604
0.0172804
0.00418181
0.00473755
0.00533244
0.00585135
0.00627289
0.0066046
0.00685616
0.00815026
0.0246606
0.013495
0.0109287
0.0117303
0.0111261
0.00968456
0.00798196
0.00648848
0.00539131
0.00456898
0.00397924
0.0171519
0.00417489
0.00472909
0.00532354
0.00584522
0.00627018
0.00660535
0.00685951
0.00822057
0.0249691
0.0133069
0.0109349
0.0117513
0.0111514
0.00970843
0.00800151
0.00650382
0.00540815
0.00460125
0.00402553
0.0170101
0.00416871
0.00472194
0.00531564
0.00583957
0.00626776
0.00660614
0.00686322
0.00829898
0.0252772
0.0131205
0.0109405
0.0117726
0.0111782
0.00973477
0.00802374
0.00652141
0.00542658
0.00463388
0.00407322
0.00383642
0.00415992
0.00471668
0.00530938
0.00583501
0.00626598
0.00660723
0.00686773
0.00838603
0.0255848
0.0129356
0.0109455
0.0117944
0.0112065
0.00976345
0.00804847
0.00654111
0.00544647
0.00466718
0.00413575
0.00391117
0.0041358
0.00471148
0.00530364
0.00583106
0.00626472
0.00660864
0.00687327
0.00848267
0.0258918
0.0127521
0.0109498
0.0118165
0.0112366
0.00979455
0.00807573
0.00656285
0.00546759
0.00469958
0.0041965
0.00416471
0.00414491
0.00470997
0.00529965
0.00582804
0.00626403
0.00661037
0.00688004
0.00858983
0.0261981
0.0125698
0.0109535
0.0118391
0.0112683
0.00982821
0.00810573
0.00658696
0.00549052
0.00473145
0.00423232
0.00404276
0.00415991
0.00471179
0.0052977
0.00582622
0.00626404
0.00661248
0.00688838
0.00870852
0.0265036
0.0123887
0.0109564
0.011862
0.0113018
0.0098646
0.0081387
0.00661383
0.00551639
0.004768
0.00428353
0.00407822
0.00417701
0.00471696
0.00529788
0.00582573
0.00626484
0.00661504
0.00689865
0.00883979
0.0268081
0.0122087
0.0109584
0.0118854
0.0113372
0.00990395
0.00817486
0.00664344
0.00554449
0.00480668
0.00433631
0.00413706
0.00420132
0.00472606
0.00530043
0.00582667
0.00626651
0.00661812
0.00691132
0.00898466
0.0271115
0.0120297
0.0109594
0.0119092
0.0113747
0.00994657
0.00821479
0.0066766
0.00557575
0.00484816
0.00438964
0.00418732
0.00423425
0.0047395
0.00530561
0.0058292
0.00626912
0.00662179
0.00692692
0.00914411
0.0274134
0.0118515
0.0109594
0.0119335
0.0114143
0.00999252
0.00825857
0.00671343
0.00561041
0.00489284
0.00444535
0.00423629
0.00427478
0.00475742
0.00531363
0.00583343
0.00627274
0.00662614
0.0069461
0.009319
0.0277138
0.011674
0.0109583
0.0119582
0.0114562
0.0100421
0.00830648
0.00675411
0.00564842
0.00494056
0.0045039
0.00428941
0.0043217
0.00477984
0.0053246
0.00583947
0.00627743
0.00663128
0.00696959
0.00951006
0.0280124
0.0114972
0.0109559
0.0119833
0.0115005
0.0100956
0.00835889
0.00679893
0.00568985
0.00499107
0.00456489
0.00434678
0.00437414
0.00480676
0.00533863
0.0058474
0.00628325
0.00663738
0.00699824
0.00971789
0.0283088
0.0113208
0.010952
0.0120087
0.0115473
0.0101533
0.00841608
0.00684819
0.00573479
0.00504417
0.00462793
0.00440751
0.00443133
0.00483819
0.00535581
0.00585728
0.00629026
0.00664459
0.007033
0.00994293
0.0286028
0.0111449
0.0109466
0.0120346
0.0115967
0.0102152
0.00847833
0.00690211
0.00578329
0.00509963
0.00469277
0.0044713
0.00449268
0.00487409
0.00537619
0.00586918
0.0062985
0.00665317
0.00707496
0.0101855
0.0288942
0.0109693
0.0109396
0.0120608
0.0116488
0.0102817
0.00854596
0.00696099
0.00583543
0.00515726
0.00475923
0.00453815
0.00455774
0.00491441
0.00539982
0.00588316
0.00630804
0.00666341
0.00712535
0.0104459
0.0291825
0.0107939
0.0109306
0.0120873
0.0117037
0.010353
0.00861932
0.00702516
0.00589132
0.0052169
0.0048272
0.0046084
0.00462618
0.00495909
0.00542673
0.00589928
0.00631898
0.00667572
0.00718553
0.0107243
0.0294675
0.0106185
0.0109196
0.012114
0.0117616
0.0104295
0.00869885
0.00709508
0.00595125
0.00527858
0.00489654
0.00468195
0.00469775
0.00500801
0.00545693
0.0059176
0.00633144
0.0066906
0.00725707
0.0110209
0.0297488
0.010443
0.0109064
0.0121407
0.0118225
0.0105114
0.00878509
0.00717133
0.00601562
0.00534247
0.00496727
0.00475856
0.00477225
0.00506104
0.00549041
0.00593818
0.00634559
0.00670872
0.00734169
0.0113361
0.030026
0.0102672
0.0108905
0.0121675
0.0118866
0.0105992
0.00887868
0.00725463
0.00608504
0.00540898
0.0050397
0.00483772
0.00484957
0.00511802
0.00552719
0.00596111
0.00636166
0.00673092
0.00744131
0.0116699
0.0302988
0.010091
0.0108719
0.0121942
0.0119541
0.0106934
0.00898037
0.00734591
0.00616029
0.00547869
0.00511438
0.00491938
0.00492963
0.00517879
0.00556724
0.00598651
0.00637997
0.00675826
0.00755803
0.0120228
0.0305668
0.0099142
0.01085
0.0122206
0.012025
0.0107944
0.00909103
0.00744624
0.00624236
0.00555222
0.00519157
0.00500355
0.00501232
0.00524314
0.00561052
0.00601448
0.00640094
0.00679204
0.00769412
0.0123948
0.0308295
0.00973646
0.0108244
0.0122464
0.0120995
0.0109028
0.00921164
0.00755684
0.00633235
0.00563017
0.00527131
0.00509
0.00509741
0.00531078
0.00565698
0.00604519
0.00642516
0.00683393
0.00785207
0.0127865
0.0310864
0.00955751
0.0107947
0.0122714
0.0121777
0.0110191
0.00934323
0.00767909
0.00643155
0.00571331
0.00535376
0.00517865
0.00518459
0.00538144
0.00570659
0.0060789
0.00645341
0.00688596
0.00803452
0.013198
0.031337
0.00937703
0.0107603
0.0122951
0.0122596
0.011144
0.00948692
0.00781451
0.00654148
0.00580261
0.00543919
0.00526928
0.00527354
0.00545484
0.00575934
0.00611596
0.00648679
0.00695063
0.00824426
0.0136298
0.0315806
0.0091946
0.0107204
0.0123171
0.0123451
0.0112779
0.00964387
0.0079648
0.00666394
0.00589932
0.00552797
0.00536164
0.005364
0.00553078
0.00581535
0.00615695
0.00652675
0.00703099
0.00848418
0.0140821
0.0318166
0.00900979
0.0106743
0.0123368
0.0124341
0.0114214
0.00981533
0.00813184
0.00680109
0.00600506
0.00562078
0.0054557
0.00545587
0.00560923
0.00587487
0.0062027
0.00657525
0.00713068
0.00875724
0.014555
0.0320441
0.00882206
0.010621
0.0123533
0.0125263
0.0115749
0.0100026
0.00831771
0.00695547
0.00612202
0.00571869
0.00555174
0.00554922
0.00569029
0.00593841
0.00625446
0.00663491
0.00725403
0.00906645
0.0150489
0.0322625
0.00863083
0.0105595
0.0123658
0.0126214
0.0117388
0.0102068
0.00852471
0.00713015
0.00625306
0.00582347
0.00565048
0.00564443
0.0057744
0.00600684
0.00631405
0.00670918
0.00740615
0.00941487
0.0155638
0.0324709
0.00843543
0.0104883
0.012373
0.0127186
0.0119132
0.0104294
0.00875534
0.00732869
0.0064019
0.00593769
0.00575327
0.00574229
0.00586245
0.00608166
0.00638416
0.00680262
0.00759292
0.00980554
0.0161002
0.0326682
0.00823513
0.0104061
0.0123734
0.0128171
0.0120982
0.0106716
0.00901229
0.00755526
0.00657326
0.00606507
0.00586231
0.00584432
0.00595614
0.00616528
0.00646862
0.00692106
0.00782097
0.0102414
0.016658
0.0328532
0.00802914
0.0103111
0.0123653
0.0129155
0.0122935
0.0109344
0.00929831
0.0078145
0.00677299
0.00621081
0.0059812
0.00595324
0.00605829
0.00626139
0.00657277
0.00707181
0.0080975
0.0107251
0.0172371
0.0330246
0.00781658
0.0102014
0.0123466
0.0130123
0.0124985
0.0112186
0.00961611
0.00811148
0.00700815
0.00638197
0.00611551
0.00607345
0.00617341
0.00637546
0.00670384
0.00726374
0.00843002
0.0112589
0.0178368
0.0331808
0.00759655
0.0100746
0.0123145
0.0131052
0.012712
0.0115247
0.00996818
0.00845153
0.00728698
0.00658792
0.00627343
0.00621173
0.00630831
0.0065153
0.00687128
0.00750722
0.00882598
0.0118444
0.0184562
0.0333201
0.00736809
0.00992826
0.012266
0.0131914
0.012932
0.0118522
0.0103565
0.0088399
0.00761869
0.00684043
0.00646637
0.00637797
0.00647277
0.00669157
0.00708699
0.00781375
0.00929231
0.0124825
0.0190935
0.0334403
0.00713031
0.00975947
0.0121971
0.0132669
0.0131557
0.0121998
0.0107822
0.00928132
0.00801288
0.00715336
0.00670929
0.00658597
0.00668028
0.00691822
0.00736513
0.00819539
0.00983483
0.0131729
0.0197464
0.0335392
0.00688237
0.00956505
0.0121034
0.0133272
0.0133791
0.012565
0.011245
0.00977938
0.00847863
0.00754181
0.00702049
0.0068538
0.00694832
0.00721236
0.00772154
0.00866374
0.0104578
0.0139144
0.0204117
0.033614
0.00662355
0.00934151
0.0119794
0.0133661
0.0135964
0.0129436
0.0117431
0.0103357
0.0090233
0.00802054
0.00742038
0.00720326
0.00729784
0.00759338
0.00817237
0.00922875
0.0111631
0.014704
0.0210856
0.0336614
0.00635343
0.00908515
0.0118189
0.0133761
0.0138002
0.013329
0.0122718
0.010949
0.00965116
0.0086018
0.00792907
0.00765787
0.0077513
0.00808088
0.00873214
0.00989737
0.01195
0.0155372
0.0217624
0.0336775
0.00607193
0.00879215
0.0116147
0.0133481
0.0139809
0.0137121
0.0128236
0.0116145
0.010362
0.00929295
0.00856276
0.00823921
0.0083294
0.00869183
0.0094115
0.0106723
0.0128144
0.0164071
0.0224352
0.0336577
0.00577953
0.00845885
0.0113588
0.0132713
0.0141263
0.0140806
0.0133867
0.0123223
0.0111498
0.0100943
0.00932993
0.00896225
0.0090469
0.00943714
0.0102149
0.0115507
0.0137483
0.0173043
0.0230953
0.0335967
0.00547754
0.00808204
0.0110426
0.0131328
0.0142211
0.0144182
0.0139451
0.0130572
0.0120017
0.0109974
0.0102286
0.009831
0.00990862
0.0103187
0.0111389
0.0125236
0.0147394
0.0182168
0.0237322
0.0334882
0.00516835
0.00765945
0.0106573
0.0129183
0.0142473
0.0147049
0.0144775
0.0137976
0.0128968
0.0119851
0.0112471
0.0108358
0.0109066
0.011327
0.0121709
0.0135752
0.0157713
0.01913
0.0243339
0.0333248
0.00485579
0.00719041
0.0101942
0.0126118
0.0141836
0.014916
0.0149569
0.0145143
0.0138045
0.0130298
0.0123762
0.0120118
0.0120193
0.0124411
0.0132888
0.0146834
0.0168233
0.0200261
0.0248862
0.0330968
0.00454549
0.00667664
0.00964597
0.0121966
0.0140063
0.015023
0.0153513
0.015171
0.0146818
0.0140748
0.0135282
0.0132054
0.0132114
0.0136282
0.0144618
0.0158195
0.0178704
0.0208842
0.0253723
0.0327927
0.00424524
0.0061234
0.00900788
0.0116567
0.0136896
0.0149933
0.0156235
0.0157274
0.0154845
0.0150735
0.0146626
0.0144081
0.014437
0.0148461
0.0156516
0.0169493
0.0188828
0.0216792
0.0257724
0.0323982
0.0039649
0.00554067
0.00827939
0.0109779
0.0132067
0.014791
0.0157319
0.016138
0.0161651
0.0159775
0.0157328
0.0155786
0.0156415
0.0160445
0.016813
0.0180328
0.0198263
0.0223829
0.0260633
0.0318964
0.0152868
0.00494485
0.00746653
0.0101505
0.0125317
0.0143772
0.0156292
0.0163505
0.0166675
0.0167268
0.0166735
0.0166454
0.0167646
0.0171675
0.0178949
0.0190253
0.0206625
0.0229634
0.0262184
0.0312653
0.0143277
0.00436241
0.00658437
0.00917293
0.0116426
0.0137121
0.0152631
0.0163058
0.0169292
0.0172567
0.0174188
0.017542
0.0177419
0.0181541
0.0188417
0.0198774
0.0213496
0.0233856
0.0262074
0.030476
0.013816
0.0150101
0.00565961
0.00805647
0.0105269
0.0127588
0.0145777
0.0159368
0.0168787
0.0174953
0.0178976
0.0181985
0.0185052
0.0189398
0.0195939
0.0205363
0.021842
0.0236085
0.025993
0.0294874
0.0136893
0.0117526
0.00474492
0.00683147
0.00918936
0.0114904
0.0135173
0.0151676
0.0164309
0.0173574
0.018028
0.0185371
0.0189825
0.0194565
0.0200893
0.020946
0.0220891
0.0235837
0.0255274
0.02824
0.0138886
0.00973596
0.0151258
0.00555532
0.00766558
0.00990504
0.0120379
0.0139183
0.0154832
0.0167325
0.0177017
0.0184513
0.0190606
0.0196341
0.020263
0.0210471
0.0220344
0.0232586
0.0247475
0.0266257
0.0143351
0.00867872
0.0107183
0.00434311
0.00604033
0.00804981
0.0101319
0.0121241
0.0139229
0.0154811
0.0167814
0.0178312
0.0186738
0.0193993
0.0200495
0.0207779
0.0216177
0.0225723
0.0235601
0.0244195
0.0149757
0.00829077
0.00842772
0.0116191
0.00448979
0.00606174
0.00787214
0.00977674
0.011654
0.0134324
0.0150602
0.0164832
0.0176639
0.0186358
0.0193452
0.0200357
0.0207217
0.021333
0.0215704
0.0206632
0.00764769
0.00826648
0.0075128
0.0083418
0.0112839
0.0178707
0.00549917
0.007018
0.00867671
0.0104132
0.0121865
0.0139333
0.0155314
0.0168451
0.0180401
0.0187533
0.0192821
0.0193347
0.0177703
0.00807817
0.00377782
0.00841735
0.00730467
0.0072012
0.00781403
0.00962304
0.0134581
0.00436554
0.00540139
0.00661863
0.00803016
0.00967243
0.011565
0.0136064
0.0155645
0.01707
0.0178934
0.0182838
0.017367
0.00635393
0.00381527
0.00863915
0.00736328
0.00699595
0.00692331
0.00711861
0.00774744
0.00903192
0.0112444
0.00340657
0.00390889
0.00460721
0.00564649
0.00718574
0.00913448
0.0111314
0.0125674
0.014197
0.0135324
0.00580599
0.00385227
0.00888088
0.00749186
0.00705372
0.00685735
0.00674637
0.00672087
0.00681456
0.00705353
0.00743517
0.00798308
0.00869613
0.00972145
0.0113342
0.014289
0.0195282
0.00538894
0.0051272
0.00476323
0.00371129
0.00388759
0.00912893
0.00763396
0.00715513
0.00694151
0.00679364
0.00668169
0.00661311
0.00660268
0.00666326
0.00680487
0.00703488
0.00736846
0.00783063
0.00845058
0.00933277
0.0102948
0.0108052
0.0111702
0.00246564
0.00392101
0.00937801
0.00777858
0.00725927
0.00703948
0.00688979
0.00676671
0.0066699
0.00661002
0.00660257
0.00666238
0.00680298
0.00703561
0.00737293
0.0078094
0.00831781
0.00894977
0.0096145
0.010315
0.0107433
0.0039523
0.00962518
0.00792346
0.0073619
0.00713452
0.00698706
0.00686354
0.00675791
0.00667546
0.00663234
0.00664373
0.00672169
0.00688851
0.00716197
0.00756053
0.00807294
0.00872437
0.009491
0.0104011
0.0113215
0.0039809
0.00986682
0.00806739
0.00746219
0.00722621
0.00708131
0.00696039
0.00685247
0.00676061
0.00669578
0.00667206
0.00670384
0.00681446
0.00702831
0.00736903
0.00788038
0.00855679
0.00945041
0.0105205
0.0116509
0.00400686
0.0100981
0.00820888
0.00755767
0.00731257
0.00717047
0.00705422
0.00694632
0.00685125
0.00677484
0.00672607
0.00672283
0.0067872
0.00695009
0.00723158
0.00772067
0.00840654
0.00937362
0.0106109
0.0119553
0.00403072
0.0103176
0.00834775
0.00765027
0.00739354
0.0072528
0.00714073
0.00703742
0.006943
0.00686291
0.0068008
0.00677103
0.00680002
0.00691661
0.00715021
0.00758435
0.00827049
0.00929039
0.0106757
0.0122322
0.00405194
0.0105251
0.00848101
0.00774194
0.00747305
0.00733371
0.0072227
0.00712374
0.00703068
0.00694844
0.00688088
0.00683538
0.00683664
0.00690946
0.00710461
0.00748883
0.00815584
0.00920711
0.0107179
0.0124828
0.00407011
0.0107186
0.00860605
0.0078277
0.00754747
0.0074096
0.00730238
0.00720608
0.00711613
0.00703267
0.00695739
0.00690419
0.00688891
0.00693072
0.00708733
0.00742699
0.0080625
0.00912701
0.0107412
0.0127094
0.0040858
0.010893
0.00872534
0.00790685
0.0076168
0.0074774
0.00737574
0.00728287
0.00719626
0.00711615
0.00703822
0.00697612
0.00694652
0.00696787
0.00709074
0.00739047
0.00799132
0.00905527
0.01075
0.0129137
0.00410104
0.0110505
0.00883954
0.00798368
0.00768424
0.00754405
0.00744458
0.00735623
0.00727298
0.00719267
0.00711659
0.00705019
0.00700842
0.00701331
0.00710938
0.00737473
0.00794185
0.00899555
0.0107497
0.0130966
0.00411487
0.0111986
0.0089445
0.00806063
0.00774911
0.0076099
0.00751191
0.00742528
0.00734465
0.00726607
0.00719136
0.00712319
0.00707374
0.00706562
0.00713986
0.00737573
0.00791185
0.00895012
0.0107452
0.0132566
0.00412349
0.0113307
0.00903433
0.00813177
0.00781082
0.00767099
0.00757732
0.00749351
0.00741298
0.0073362
0.00726304
0.00719495
0.00714152
0.00712299
0.00717889
0.00738974
0.00789835
0.0089191
0.010739
0.0133919
0.00413202
0.0114454
0.009118
0.00819451
0.00786785
0.00772907
0.00763991
0.00755868
0.00747953
0.00740407
0.0073323
0.00726504
0.00720956
0.00718299
0.00722409
0.00741363
0.00789793
0.00890076
0.0107323
0.0135036
0.0041422
0.0115444
0.00920289
0.00825637
0.00792153
0.00778507
0.00769914
0.00762132
0.0075446
0.00747004
0.0073991
0.00733294
0.00727639
0.00724407
0.00727345
0.00744463
0.00790757
0.00889351
0.0107282
0.0135962
0.00415151
0.0116353
0.00928294
0.00831713
0.00797594
0.00784161
0.00775626
0.00768143
0.00760714
0.00753387
0.00746442
0.00739951
0.00734213
0.00730562
0.00732556
0.00748115
0.00792573
0.00889705
0.0107315
0.0136759
0.00415682
0.0117216
0.009355
0.00837516
0.00803249
0.00789751
0.00781264
0.00774001
0.00766805
0.00759702
0.00752971
0.00746566
0.00740759
0.00736791
0.00738025
0.00752286
0.00795182
0.00891135
0.0107465
0.0137498
0.00416112
0.0118026
0.00941832
0.00843197
0.00809
0.00795399
0.00787028
0.00779907
0.00772932
0.00766106
0.00759553
0.00753211
0.00747376
0.00743153
0.00743765
0.00756932
0.0079849
0.00893528
0.0107757
0.0138258
0.0041668
0.0118771
0.00947782
0.0084912
0.00814841
0.0080124
0.00792976
0.0078593
0.00779183
0.0077262
0.00766192
0.00759926
0.00754082
0.00749636
0.0074971
0.00761927
0.00802343
0.00896671
0.0108174
0.0139125
0.00417406
0.0119441
0.00954047
0.00855206
0.00820723
0.00807179
0.00798977
0.00792043
0.0078555
0.00779183
0.00772854
0.00766654
0.0076079
0.00756144
0.00755744
0.00767151
0.00806605
0.00900312
0.0108608
0.0140191
0.00418098
0.0120063
0.00960537
0.00861226
0.00826576
0.00813084
0.00804965
0.00798247
0.00791959
0.0078572
0.00779482
0.00773319
0.00767426
0.00762612
0.00761828
0.00772578
0.00811219
0.00904344
0.0109053
0.0141377
0.00418588
0.0120697
0.00966964
0.00867172
0.00832421
0.00818982
0.00811044
0.00804547
0.00798373
0.00792236
0.00786085
0.00779943
0.00774019
0.0076909
0.00768034
0.00778257
0.00816194
0.00908788
0.0109518
0.0142692
0.00419101
0.0121369
0.00973286
0.00873172
0.00838347
0.00825031
0.00817334
0.00810978
0.00804879
0.00798835
0.00792758
0.00786625
0.00780676
0.00775691
0.00774452
0.00784229
0.00821539
0.00913663
0.0110001
0.0144122
0.00419797
0.0122058
0.00979562
0.00879277
0.00844471
0.00831388
0.00823895
0.0081762
0.00811593
0.00805615
0.00799576
0.00793435
0.00787482
0.00782489
0.00781113
0.00790487
0.00827236
0.00918939
0.0110487
0.0145626
0.004206
0.012273
0.00985768
0.00885477
0.00850897
0.00838067
0.00830701
0.00824485
0.00818516
0.00812562
0.00806516
0.00800371
0.00794454
0.00789478
0.00787979
0.00796987
0.00833231
0.00924545
0.0110954
0.0147134
0.00421382
0.0123361
0.00991856
0.00891802
0.00857578
0.00844916
0.00837632
0.00831467
0.0082553
0.00819564
0.00813503
0.00807399
0.0080156
0.00796605
0.00794993
0.00803674
0.00839467
0.00930419
0.0111387
0.0148545
0.00422073
0.012395
0.00997859
0.00898222
0.00864325
0.00851767
0.00844559
0.00838437
0.00832509
0.00826532
0.00820509
0.00814505
0.00808759
0.00803822
0.00802115
0.0081052
0.00845921
0.00936544
0.0111782
0.014973
0.00422647
0.0124512
0.0100386
0.00904653
0.00871026
0.00858568
0.00851437
0.00845347
0.00839422
0.00833485
0.00827571
0.00821696
0.00816035
0.00811121
0.00809351
0.00817538
0.0085262
0.00942984
0.0112163
0.0150567
0.00423129
0.0125079
0.0100994
0.00911087
0.00877724
0.00865378
0.00858311
0.00852242
0.00846352
0.00840519
0.0083475
0.00828994
0.00823409
0.00818534
0.00816736
0.00824765
0.00859627
0.00950014
0.0113218
0.0151605
0.0042363
0.0125673
0.010161
0.00917594
0.00884509
0.00872277
0.00865253
0.00859219
0.00853416
0.00847718
0.00842079
0.00836423
0.00830916
0.008261
0.00824305
0.00832219
0.00866931
0.00957555
0.0114426
0.0156684
0.00424247
0.0126283
0.0102232
0.00924211
0.00891418
0.008793
0.00872322
0.00866364
0.00860685
0.00855105
0.00849562
0.00843991
0.0083857
0.00833831
0.00832055
0.00839865
0.00874425
0.00965174
0.0115169
0.0161437
0.00424922
0.0126891
0.0102854
0.00930904
0.00898423
0.00886439
0.00879553
0.00873709
0.00868141
0.00862637
0.00857161
0.00851674
0.00846348
0.00841697
0.00839937
0.00847632
0.00882003
0.00972727
0.0115689
0.00809489
0.00425568
0.0127481
0.0103468
0.00937607
0.00905479
0.00893687
0.00886943
0.00881205
0.00875702
0.00870238
0.00864823
0.00859428
0.00854208
0.00849641
0.00847874
0.00855445
0.00889606
0.0098022
0.0115856
0.00384593
0.00426182
0.0128032
0.0104068
0.0094428
0.00912576
0.0090103
0.00894432
0.00888754
0.00883275
0.00877847
0.0087251
0.00867219
0.00862098
0.00857598
0.00855807
0.00863256
0.00897221
0.009878
0.0116403
0.00806844
0.00426752
0.0128551
0.0104657
0.00950934
0.00919724
0.00908427
0.00901933
0.0089628
0.00890821
0.00885451
0.00880214
0.00875026
0.00869982
0.00865522
0.00863708
0.0087105
0.00904855
0.00995537
0.0117189
0.00385255
0.00427288
0.0129045
0.0105244
0.00957608
0.00926914
0.00915825
0.00909399
0.00903771
0.00898358
0.00893075
0.00887943
0.00882836
0.0087784
0.00873405
0.00871584
0.00878834
0.00912496
0.0100332
0.0118041
0.00386256
0.00427808
0.0129531
0.0105832
0.00964337
0.00934126
0.00923207
0.00916846
0.00911269
0.00905932
0.0090075
0.00895702
0.00890641
0.00885674
0.00881266
0.0087945
0.00886616
0.00920135
0.0101109
0.0118881
0.00387281
0.00428339
0.0130022
0.0106421
0.00971115
0.00941343
0.0093059
0.00924311
0.00918814
0.0091357
0.00908473
0.00903475
0.00898436
0.00893496
0.00889128
0.00887321
0.0089441
0.00927774
0.0101883
0.0119717
0.003883
0.00428911
0.0130517
0.0107009
0.0097787
0.00948566
0.00937992
0.0093182
0.00926417
0.00921255
0.00916214
0.00911244
0.00906228
0.00901328
0.00897012
0.00895214
0.00902226
0.00935418
0.0102655
0.0120551
0.00389333
0.00429528
0.0131003
0.010759
0.00984581
0.00955789
0.00945421
0.00939367
0.00934052
0.00928948
0.00923946
0.00919006
0.00914034
0.00909189
0.00904932
0.00903138
0.00910064
0.00943066
0.0103425
0.0121385
0.00390397
0.00430144
0.0131463
0.0108157
0.00991247
0.00963007
0.00952865
0.00946928
0.00941681
0.00936624
0.00931665
0.00926779
0.00921871
0.00917092
0.00912887
0.00911089
0.00917914
0.00950708
0.0104193
0.0122222
0.00391503
0.00430709
0.0131894
0.0108715
0.00997885
0.00970224
0.00960306
0.00954476
0.0094929
0.00944287
0.00939394
0.00934581
0.00929745
0.00925027
0.00920861
0.00919046
0.00925756
0.00958333
0.0104958
0.0123062
0.00392651
0.00431213
0.0132306
0.0109268
0.0100452
0.00977442
0.00967738
0.0096201
0.00956893
0.00951963
0.00947149
0.00942413
0.00937642
0.00932971
0.00928828
0.00926985
0.00933576
0.00965933
0.0105721
0.0123905
0.00393831
0.00431686
0.0132709
0.010982
0.0101116
0.00984665
0.00975172
0.00969552
0.00964514
0.00959666
0.0095493
0.00950263
0.00945541
0.009409
0.00936767
0.00934894
0.0094137
0.00973507
0.010648
0.0124749
0.0039503
0.00432158
0.0133106
0.0110373
0.0101781
0.00991911
0.00982636
0.0097713
0.00972173
0.00967399
0.00962731
0.00958118
0.00953429
0.00948805
0.00944679
0.00942779
0.00949144
0.00981055
0.0107235
0.0125593
0.00396231
0.00432635
0.0133496
0.0110927
0.010245
0.00999204
0.00990157
0.00984764
0.00979876
0.00975163
0.00970549
0.00965976
0.0096131
0.00956697
0.00952579
0.00950654
0.00956908
0.00988579
0.0107984
0.0126433
0.00397421
0.00433104
0.013388
0.0111485
0.0103125
0.0100658
0.00997761
0.00992467
0.00987634
0.00982966
0.00978392
0.00973849
0.00969202
0.00964601
0.00960491
0.00958537
0.00964672
0.00996079
0.0108728
0.0127268
0.00398592
0.00433554
0.013426
0.011205
0.010381
0.0101407
0.0100546
0.0100025
0.00995454
0.00990818
0.00986274
0.00981757
0.00977128
0.00972538
0.00968432
0.00966442
0.00972444
0.0100356
0.0109464
0.0128098
0.00399744
0.00433992
0.0134645
0.0112629
0.010451
0.0102168
0.0101326
0.0100811
0.0100334
0.00998726
0.00994208
0.00989718
0.00985106
0.00980523
0.00976412
0.00974376
0.00980233
0.0101103
0.0110196
0.0128925
0.00400884
0.00434444
0.0135038
0.0113224
0.0105222
0.010294
0.0102115
0.0101605
0.0101129
0.010067
0.0100221
0.0099774
0.0099314
0.00988556
0.00984434
0.00982347
0.00988052
0.0101851
0.0110926
0.0129753
0.00402024
0.00434925
0.0135439
0.011383
0.0105946
0.0103721
0.0102912
0.0102405
0.0101931
0.0101473
0.0101027
0.0100582
0.0100123
0.00996637
0.00992507
0.00990374
0.00995926
0.0102604
0.0111658
0.0130587
0.00403177
0.00435429
0.0135839
0.0114444
0.0106677
0.0104508
0.0103714
0.0103211
0.0102739
0.0102283
0.0101839
0.0101395
0.0100936
0.0100478
0.0100065
0.00998479
0.0100388
0.0103364
0.0112395
0.0131434
0.00404353
0.0043593
0.0136229
0.011506
0.0107412
0.01053
0.0104521
0.0104022
0.0103552
0.0103099
0.0102657
0.0102214
0.0101756
0.01013
0.0100888
0.0100669
0.0101196
0.0104136
0.0113143
0.0132296
0.00405559
0.00436405
0.0136606
0.0115677
0.010815
0.0106095
0.0105333
0.0104839
0.0104371
0.010392
0.0103479
0.0103038
0.0102584
0.0102132
0.0101724
0.0101505
0.0102018
0.0104922
0.0113904
0.0133176
0.00406803
0.00436845
0.0136969
0.0116294
0.0108891
0.0106894
0.010615
0.010566
0.0105195
0.0104746
0.0104308
0.0103871
0.0103423
0.0102977
0.0102575
0.0102356
0.0102857
0.0105725
0.011468
0.0134075
0.00408093
0.00437253
0.013732
0.011691
0.0109635
0.0107696
0.010697
0.0106486
0.0106023
0.0105577
0.0105144
0.0104714
0.0104275
0.0103838
0.0103443
0.0103226
0.0103716
0.0106545
0.0115471
0.0134994
0.00409438
0.00437634
0.013766
0.0117526
0.0110382
0.0108501
0.0107794
0.0107315
0.0106856
0.0106416
0.0105991
0.0105571
0.0105143
0.0104717
0.010433
0.0104117
0.0104595
0.0107386
0.0116279
0.0135936
0.00410842
0.00437988
0.0137991
0.0118141
0.0111132
0.0109307
0.010862
0.0108148
0.0107695
0.0107263
0.0106849
0.0106442
0.0106028
0.0105615
0.0105238
0.0105029
0.0105496
0.0108248
0.0117105
0.01369
0.00412306
0.00438312
0.0138315
0.0118755
0.0111884
0.0110115
0.010945
0.0108987
0.0108542
0.0108121
0.0107721
0.0107329
0.0106931
0.0106532
0.0106167
0.0105964
0.010642
0.0109132
0.0117951
0.0137888
0.00413826
0.00438603
0.0138638
0.0119369
0.0112639
0.0110927
0.0110285
0.0109833
0.0109399
0.0108992
0.0108607
0.0108233
0.0107853
0.010747
0.0107119
0.0106923
0.0107369
0.0110039
0.0118814
0.0138897
0.00415396
0.00438864
0.0138971
0.0119985
0.0113403
0.0111744
0.0111129
0.0110691
0.011027
0.0109878
0.010951
0.0109154
0.0108793
0.0108428
0.0108092
0.0107904
0.0108341
0.0110966
0.0119692
0.0139922
0.00417013
0.00439107
0.0139326
0.0120609
0.0114175
0.011257
0.0111984
0.0111561
0.0111154
0.0110778
0.0110428
0.0110092
0.0109752
0.0109406
0.0109087
0.0108907
0.0109332
0.011191
0.0120579
0.0140957
0.00418675
0.00439349
0.0139717
0.0121243
0.0114958
0.0113407
0.0112852
0.0112445
0.0112053
0.0111693
0.0111361
0.0111046
0.0110729
0.0110403
0.01101
0.0109928
0.0110341
0.0112867
0.0121471
0.0141995
0.0042038
0.00439604
0.0140159
0.0121888
0.0115754
0.0114257
0.0113732
0.0113342
0.0112964
0.0112621
0.0112309
0.0112016
0.0111722
0.0111416
0.0111129
0.0110964
0.0111364
0.0113834
0.0122362
0.0143029
0.00422129
0.00439869
0.0140664
0.0122541
0.0116561
0.011512
0.0114623
0.0114252
0.0113889
0.0113563
0.0113271
0.0113
0.0112729
0.0112443
0.0112171
0.0112013
0.0112398
0.0114808
0.0123247
0.014405
0.00423921
0.00440141
0.0141241
0.0123203
0.0117376
0.0115994
0.0115524
0.0115173
0.0114826
0.0114517
0.0114246
0.0113997
0.0113748
0.0113482
0.0113225
0.0113073
0.0113441
0.0115784
0.012412
0.014505
0.00425756
0.00440408
0.0141894
0.0123874
0.0118197
0.0116879
0.0116436
0.0116105
0.0115775
0.0115485
0.0115233
0.0115006
0.0114779
0.0114532
0.0114289
0.0114144
0.0114492
0.0116761
0.0124978
0.0146021
0.00427634
0.00440691
0.0142612
0.0124555
0.0119023
0.0117777
0.011736
0.0117049
0.0116737
0.0116465
0.0116232
0.0116025
0.0115821
0.0115592
0.0115364
0.0115223
0.0115549
0.0117738
0.0125816
0.0146958
0.00429553
0.00440999
0.0143389
0.0125252
0.0119853
0.0118686
0.0118296
0.0118006
0.0117712
0.0117457
0.0117243
0.0117056
0.0116874
0.0116663
0.0116449
0.0116311
0.0116612
0.0118713
0.0126635
0.0147854
0.00431503
0.00441359
0.0144213
0.0125966
0.0120689
0.0119606
0.0119247
0.0118975
0.0118698
0.0118461
0.0118265
0.0118098
0.0117936
0.0117744
0.0117542
0.0117408
0.0117683
0.0119688
0.0127432
0.0148705
0.00433466
0.00441812
0.0145065
0.0126699
0.0121534
0.0120535
0.012021
0.0119956
0.0119694
0.0119474
0.0119297
0.0119149
0.0119009
0.0118834
0.0118645
0.0118514
0.0118761
0.0120665
0.0128207
0.0149503
0.00435417
0.00442405
0.0145921
0.012745
0.0122391
0.012147
0.0121182
0.0120949
0.0120702
0.0120498
0.0120337
0.0120208
0.012009
0.0119932
0.0119757
0.011963
0.0119849
0.0121643
0.0128959
0.0150236
0.00437329
0.00443188
0.0146758
0.0128212
0.0123268
0.012241
0.0122156
0.0121948
0.0121719
0.0121531
0.0121387
0.0121276
0.0121179
0.012104
0.0120879
0.0120757
0.0120947
0.0122622
0.0129682
0.0150888
0.00439178
0.00444203
0.0147562
0.0128978
0.0124175
0.0123368
0.012314
0.0122955
0.0122743
0.0122572
0.0122445
0.0122351
0.0122275
0.0122156
0.0122011
0.0121894
0.0122054
0.0123601
0.0130374
0.0151441
0.00440941
0.00445464
0.0148331
0.0129718
0.0125087
0.0124335
0.0124134
0.0123971
0.0123776
0.0123621
0.0123511
0.0123435
0.012338
0.0123281
0.0123152
0.0123043
0.0123171
0.0124579
0.0131024
0.0151869
0.00442607
0.0582802
0.0471103
0.0452645
0.0451233
0.0450427
0.0447619
0.044218
0.0433505
0.0420571
0.0401326
0.0368607
0.0284973
0.0220761
0.0196932
0.0189157
0.0180166
0.0170109
0.016468
0.0166074
0.0333984
0.0583961
0.0465011
0.0448892
0.0447927
0.0446887
0.0443606
0.0437512
0.0427925
0.0413642
0.0392192
0.0350022
0.0264783
0.0211067
0.0194422
0.0188857
0.018024
0.0170523
0.0165332
0.0166325
0.0332254
0.058471
0.0459278
0.0445298
0.0444666
0.0443394
0.0439544
0.0432714
0.0422115
0.0406326
0.0382328
0.0330044
0.0247794
0.0203981
0.0192978
0.0188893
0.0180488
0.017107
0.0166035
0.016656
0.0330083
0.0585116
0.045393
0.044185
0.0441425
0.0439922
0.0435485
0.04278
0.0416055
0.039855
0.0371659
0.0310301
0.023376
0.0198822
0.019226
0.0189161
0.0180877
0.0171723
0.0166779
0.0166785
0.0327628
0.0585267
0.0448982
0.0438534
0.0438203
0.0436412
0.0431524
0.0422753
0.040976
0.0390324
0.0360308
0.0291901
0.0222275
0.0195123
0.0192048
0.018959
0.0181382
0.0172463
0.0167557
0.0167006
0.0324971
0.0585267
0.0444429
0.0435337
0.0434995
0.0432873
0.0427514
0.0417794
0.0403278
0.0381707
0.0348434
0.027529
0.0212883
0.0192544
0.0192194
0.019013
0.0181982
0.0173276
0.016836
0.0167222
0.0322159
0.0585216
0.0440256
0.043225
0.043181
0.042932
0.042346
0.0412945
0.0396655
0.0372783
0.0336291
0.0260391
0.0205169
0.0190812
0.0192591
0.0190752
0.018266
0.0174148
0.0169182
0.0167434
0.0319225
0.0585207
0.043644
0.0429266
0.042866
0.042577
0.0419385
0.0408199
0.0389959
0.0363596
0.032385
0.024701
0.0198852
0.0189744
0.0193158
0.0191434
0.0183403
0.0175067
0.0170019
0.0167644
0.0316194
0.0585321
0.0432958
0.0426387
0.0425552
0.0422237
0.0415298
0.040345
0.0383335
0.0354258
0.0311252
0.0235013
0.0193699
0.0189199
0.0193848
0.0192166
0.0184208
0.0176033
0.0170874
0.0167856
0.0313092
0.0585623
0.0429785
0.0423605
0.0422487
0.041872
0.0411208
0.0398718
0.0376717
0.0344805
0.029871
0.0224439
0.0189575
0.0189073
0.0194631
0.0192948
0.0185075
0.0177045
0.0171749
0.0168076
0.0309935
0.0586161
0.0426888
0.0420911
0.0419456
0.0415211
0.0407116
0.0394013
0.0370136
0.0335472
0.0286711
0.021523
0.0186367
0.0189292
0.0195494
0.0193782
0.0186007
0.0178104
0.0172646
0.0168304
0.0306737
0.0586965
0.0424228
0.0418283
0.0416451
0.0411716
0.0403043
0.0389344
0.0363632
0.0326459
0.0275858
0.0207295
0.0183979
0.0189793
0.019642
0.0194668
0.0186997
0.0179204
0.0173562
0.0168541
0.0303503
0.0588043
0.0421763
0.0415705
0.0413466
0.0408238
0.039901
0.038472
0.0357283
0.0317952
0.0266424
0.0200461
0.018232
0.0190512
0.0197391
0.0195596
0.0188039
0.018034
0.0174494
0.0168785
0.0300239
0.0589389
0.0419453
0.0413166
0.0410505
0.0404795
0.0395042
0.038015
0.0351141
0.0310037
0.0258305
0.01946
0.0181294
0.0191389
0.0198388
0.0196557
0.0189122
0.0181504
0.0175439
0.0169036
0.0296948
0.0590993
0.0417272
0.0410659
0.0407576
0.0401401
0.0391153
0.037563
0.0345224
0.0302679
0.0251161
0.0189723
0.0180807
0.0192371
0.0199397
0.0197544
0.019024
0.0182693
0.0176396
0.0169295
0.0293635
0.0592839
0.0415198
0.0408185
0.0404684
0.0398063
0.0387343
0.037115
0.0339524
0.0295791
0.0244505
0.0185951
0.0180773
0.0193413
0.0200406
0.0198552
0.019139
0.0183905
0.0177365
0.0169563
0.0290305
0.0594911
0.0413217
0.0405745
0.040183
0.0394777
0.0383598
0.0366704
0.0334032
0.0289312
0.0238429
0.0183289
0.01811
0.0194482
0.0201413
0.0199585
0.0192574
0.0185143
0.0178349
0.0169843
0.0286963
0.0597193
0.0411318
0.0403339
0.0399015
0.0391539
0.0379905
0.0362288
0.0328728
0.0283168
0.0232822
0.0181281
0.0181683
0.0195559
0.0202417
0.0200644
0.0193795
0.0186408
0.0179349
0.0170134
0.0283611
0.0599661
0.0409494
0.0400963
0.0396234
0.0388342
0.0376252
0.0357905
0.0323589
0.0277254
0.0226821
0.0179338
0.0182442
0.0196643
0.0203426
0.0201728
0.0195047
0.0187698
0.0180364
0.0170436
0.0280253
0.0602289
0.0407735
0.0398611
0.0393479
0.0385177
0.037263
0.0353561
0.0318602
0.0271501
0.0219507
0.017683
0.0183296
0.0197738
0.0204454
0.0202847
0.0196332
0.0189008
0.018139
0.0170748
0.0276891
0.0605049
0.0406031
0.0396279
0.0390744
0.0382037
0.0369025
0.0349267
0.0313743
0.0265974
0.0212403
0.0173416
0.0184127
0.0198808
0.0205486
0.0203991
0.0197645
0.0190337
0.0182426
0.0171071
0.0273528
0.0607909
0.0404368
0.0393958
0.0388024
0.0378915
0.0365428
0.0345033
0.0308945
0.0260752
0.0214954
0.0171805
0.0185131
0.0199882
0.0206523
0.0205155
0.0198981
0.0191684
0.0183476
0.0171406
0.0270169
0.0610834
0.0402735
0.0391643
0.0385313
0.0375807
0.0361836
0.0340825
0.0304131
0.0254957
0.020824
0.0170984
0.0186252
0.0200967
0.0207573
0.0206342
0.0200342
0.0193051
0.018454
0.0171755
0.0266818
0.0613789
0.040112
0.0389326
0.0382604
0.0372706
0.0358257
0.0336681
0.0299477
0.0249478
0.0197659
0.0170343
0.0187376
0.0202042
0.0208638
0.0207557
0.0201731
0.019444
0.018562
0.017212
0.0263479
0.0616743
0.0399515
0.0387004
0.0379893
0.0369601
0.0354668
0.0332557
0.0294934
0.0244489
0.019004
0.0170308
0.0188505
0.0203109
0.020972
0.0208801
0.020315
0.0195851
0.0186715
0.0172499
0.0260155
0.0619668
0.0397913
0.0384673
0.0377177
0.0366495
0.0351075
0.0328438
0.0290386
0.0239432
0.0180426
0.0170723
0.0189667
0.0204182
0.0210822
0.0210074
0.0204595
0.0197283
0.0187826
0.0172892
0.0256846
0.0622538
0.0396307
0.0382324
0.0374449
0.0363384
0.0347492
0.032438
0.0285869
0.0234497
0.0166787
0.0171528
0.0190878
0.0205268
0.0211944
0.0211372
0.0206065
0.0198733
0.018895
0.0173298
0.0253555
0.0625333
0.0394687
0.0379951
0.0371695
0.036025
0.0343904
0.0320434
0.0281351
0.0230068
0.0161105
0.0172942
0.0192142
0.0206366
0.0213082
0.0212692
0.0207556
0.0200201
0.0190085
0.0173715
0.0250281
0.0628035
0.0393047
0.0377545
0.0368908
0.0357082
0.0340296
0.0316621
0.0276745
0.0226156
0.0164009
0.0174668
0.019344
0.0207475
0.0214236
0.0214032
0.0209065
0.0201681
0.0191228
0.0174138
0.0247025
0.0630634
0.0391374
0.0375097
0.0366075
0.0353867
0.0336652
0.0312761
0.0272291
0.0222591
0.0166612
0.0176419
0.0194758
0.0208594
0.0215404
0.0215389
0.021059
0.0203171
0.0192376
0.0174567
0.0243788
0.0633127
0.038966
0.0372596
0.0363184
0.0350592
0.0332956
0.0308813
0.0268
0.0219283
0.0168777
0.0178196
0.0196093
0.0209722
0.0216586
0.0216762
0.0212128
0.020467
0.0193527
0.0175
0.0240571
0.0635523
0.0387897
0.0370035
0.0360223
0.0347245
0.0329195
0.0304757
0.0263846
0.02162
0.0170692
0.0180001
0.0197444
0.0210863
0.0217783
0.021815
0.0213677
0.0206175
0.0194682
0.0175438
0.0237378
0.0637843
0.0386073
0.0367406
0.0357183
0.0343814
0.0325392
0.030054
0.0259801
0.0213317
0.0172461
0.0181839
0.0198813
0.0212018
0.0218996
0.0219555
0.021524
0.0207689
0.019584
0.017588
0.0234213
0.0640126
0.0384174
0.0364703
0.0354057
0.0340293
0.0321655
0.0296035
0.0255811
0.0210585
0.0174173
0.0183717
0.0200205
0.0213192
0.0220229
0.0220978
0.0216817
0.0209212
0.0197002
0.0176328
0.0231077
0.0642429
0.0382174
0.0361924
0.0350845
0.0336698
0.0317979
0.029126
0.0251843
0.0207986
0.017593
0.0185646
0.0201625
0.0214391
0.0221485
0.0222422
0.021841
0.0210745
0.0198169
0.0176781
0.0227973
0.0644837
0.0380033
0.0359067
0.034756
0.0333102
0.0314093
0.0286508
0.024791
0.0205576
0.0177812
0.018763
0.0203077
0.0215618
0.0222768
0.0223888
0.0220019
0.0212287
0.019934
0.0177237
0.0224902
0.0647466
0.0377671
0.0356133
0.0344241
0.0329633
0.0309837
0.028181
0.0244066
0.020347
0.0179861
0.0189673
0.0204566
0.0216877
0.0224078
0.0225376
0.0221643
0.0213837
0.0200513
0.0177695
0.0221863
0.0650511
0.0374899
0.0353135
0.034096
0.0325935
0.0305572
0.0277224
0.0240401
0.0201818
0.01821
0.0191781
0.0206095
0.0218172
0.0225418
0.0226886
0.022328
0.0215393
0.0201685
0.0178151
0.0218857
0.0654285
0.0371327
0.0350085
0.0337569
0.0322081
0.0301334
0.027282
0.0237032
0.0200766
0.0184546
0.0193958
0.0207668
0.0219504
0.0226789
0.0228418
0.022493
0.0216953
0.0202853
0.0178601
0.0215883
0.0658297
0.0368062
0.0346866
0.0334103
0.0318211
0.0297169
0.0268679
0.0234092
0.0200427
0.0187211
0.0196209
0.0209289
0.0220877
0.0228193
0.0229973
0.0226592
0.0218514
0.0204014
0.0179042
0.0212942
0.0662171
0.0365818
0.034365
0.0330618
0.0314361
0.0293126
0.0264884
0.0231703
0.020086
0.0190086
0.0198528
0.021096
0.0222296
0.0229634
0.0231553
0.0228265
0.0220075
0.0205163
0.0179469
0.0210032
0.0665912
0.0364714
0.0340485
0.0327137
0.0310568
0.0289262
0.0261511
0.0229959
0.0202043
0.0193127
0.0200899
0.0212683
0.0223766
0.0231116
0.0233161
0.0229952
0.0221635
0.02063
0.0179879
0.0207155
0.0669519
0.0364825
0.0337451
0.0323697
0.0306878
0.028563
0.0258614
0.0228894
0.0203862
0.0196265
0.0203305
0.0214458
0.0225292
0.0232645
0.02348
0.0231653
0.0223192
0.0207419
0.0180267
0.0204309
0.0672996
0.036618
0.0334655
0.0320343
0.0303337
0.0282278
0.0256216
0.0228482
0.0206142
0.0199434
0.0205732
0.021629
0.0226882
0.0234228
0.0236473
0.0233367
0.0224744
0.0208518
0.018063
0.0201492
0.067634
0.0368759
0.0332219
0.0317132
0.0299991
0.0279241
0.0254314
0.0228637
0.0208698
0.0202581
0.0208176
0.0218185
0.0228543
0.0235867
0.0238183
0.0235095
0.0226288
0.0209592
0.0180961
0.0198704
0.0679555
0.0372498
0.0330274
0.0314134
0.0296884
0.0276548
0.0252877
0.0229251
0.0211386
0.0205683
0.0210635
0.0220147
0.0230281
0.0237568
0.0239929
0.0236834
0.022782
0.0210634
0.0181255
0.0195941
0.068264
0.0377297
0.0328945
0.0311427
0.0294063
0.0274215
0.0251865
0.0230214
0.0214121
0.0208729
0.0213112
0.0222182
0.0232098
0.0239331
0.0241712
0.0238583
0.0229337
0.0211641
0.0181508
0.0193202
0.0685595
0.0383029
0.0328338
0.0309097
0.0291572
0.0272258
0.0251238
0.0231436
0.0216858
0.0211712
0.0215606
0.022429
0.0233998
0.0241158
0.0243532
0.0240339
0.0230833
0.0212607
0.0181715
0.0190485
0.0688418
0.0389555
0.0328538
0.0307231
0.0289462
0.0270688
0.0250962
0.0232848
0.0219568
0.0214623
0.0218114
0.0226473
0.0235984
0.0243052
0.0245388
0.0242102
0.0232308
0.0213529
0.0181871
0.0187788
0.0691107
0.0396727
0.0329594
0.0305915
0.0287781
0.0269519
0.0251007
0.0234403
0.0222227
0.0217457
0.0220643
0.0228737
0.0238059
0.0245016
0.0247284
0.024387
0.0233758
0.0214403
0.0181973
0.0185107
0.0693657
0.04044
0.0331525
0.0305221
0.0286578
0.0268762
0.0251351
0.0236067
0.0224821
0.0220227
0.0223207
0.0231089
0.0240229
0.0247052
0.0249219
0.0245643
0.0235181
0.0215223
0.0182013
0.0182439
0.0696063
0.0412437
0.0334317
0.0305209
0.0285896
0.0268428
0.0251983
0.0237827
0.0227359
0.0222967
0.0225832
0.0233543
0.02425
0.0249163
0.0251195
0.024742
0.0236572
0.0215984
0.0181986
0.0179779
0.069832
0.0420713
0.0337927
0.0305916
0.0285772
0.0268531
0.0252899
0.0239691
0.022988
0.0225726
0.0228546
0.0236111
0.0244877
0.0251353
0.0253212
0.02492
0.0237928
0.0216678
0.0181884
0.0177124
0.070042
0.0429114
0.034229
0.0307361
0.0286233
0.0269084
0.0254109
0.0241686
0.0232443
0.0228548
0.0231371
0.0238803
0.0247363
0.0253622
0.0255273
0.025098
0.0239242
0.0217298
0.0181698
0.0174468
0.0702354
0.0437547
0.034733
0.0309541
0.0287303
0.0270107
0.0255635
0.024385
0.0235102
0.0231469
0.0234321
0.0241628
0.0249964
0.0255975
0.0257377
0.0252759
0.0240508
0.0217832
0.0181418
0.0171805
0.0704111
0.0445932
0.035296
0.0312437
0.0288993
0.0271616
0.0257501
0.0246226
0.0237902
0.0234513
0.0237411
0.0244593
0.0252683
0.0258414
0.0259524
0.0254528
0.0241714
0.0218269
0.0181035
0.0169131
0.0705681
0.0454204
0.0359091
0.0316018
0.0291304
0.0273627
0.0259732
0.0248848
0.0240873
0.0237703
0.0240656
0.0247708
0.0255528
0.026094
0.0261708
0.0256279
0.0242847
0.0218594
0.0180536
0.016644
0.070705
0.0462312
0.0365638
0.0320239
0.0294231
0.0276149
0.0262351
0.0251747
0.0244047
0.0241075
0.024408
0.0250984
0.0258503
0.0263552
0.0263923
0.0258
0.0243894
0.0218793
0.0179909
0.0163726
0.0708202
0.0470214
0.0372518
0.0325049
0.0297758
0.0279187
0.0265375
0.0254953
0.0247462
0.0244669
0.0247709
0.0254433
0.0261609
0.0266244
0.0266157
0.0259677
0.0244838
0.021885
0.0179142
0.0160985
0.0709117
0.047788
0.0379659
0.0330395
0.0301861
0.028274
0.026882
0.0258496
0.0251164
0.0248527
0.0251566
0.0258063
0.0264846
0.0269009
0.0268399
0.0261295
0.0245661
0.0218746
0.017822
0.015821
0.0709774
0.0485289
0.0386996
0.0336221
0.0306515
0.0286804
0.0272701
0.0262403
0.0255192
0.0252678
0.0255662
0.0261877
0.0268208
0.0271836
0.0270637
0.0262838
0.0246347
0.0218463
0.0177129
0.0155397
0.071015
0.0492426
0.0394472
0.0342475
0.0311689
0.0291371
0.0277026
0.0266698
0.0259572
0.0257132
0.0260002
0.0265873
0.027169
0.0274719
0.0272859
0.0264291
0.0246873
0.021798
0.0175852
0.015254
0.0710221
0.049928
0.0402039
0.0349103
0.0317348
0.0296426
0.0281798
0.0271393
0.026431
0.0261887
0.0264583
0.0270048
0.0275288
0.0277649
0.0275052
0.0265634
0.0247217
0.0217272
0.0174373
0.0149636
0.070996
0.0505841
0.0409649
0.0356051
0.0323453
0.0301948
0.028701
0.0276486
0.02694
0.0266937
0.0269404
0.0274401
0.0278994
0.0280613
0.0277197
0.0266842
0.0247348
0.0216313
0.0172674
0.0146681
0.0709338
0.0512093
0.0417261
0.0363267
0.0329962
0.0307911
0.0292648
0.0281971
0.0274834
0.0272283
0.0274465
0.0278925
0.02828
0.0283596
0.0279268
0.0267882
0.0247233
0.0215071
0.0170735
0.014367
0.0708321
0.051802
0.0424832
0.03707
0.0336831
0.0314286
0.0298696
0.0287837
0.028061
0.0277926
0.0279762
0.0283612
0.0286687
0.0286569
0.0281232
0.0268714
0.0246829
0.0213511
0.0168537
0.0140603
0.0706868
0.0523603
0.0432322
0.0378298
0.0344016
0.0321038
0.0305132
0.0294074
0.0286725
0.0283863
0.0285282
0.0288439
0.0290625
0.0289496
0.0283043
0.026929
0.024609
0.0211598
0.0166062
0.0137479
0.0704937
0.0528819
0.0439692
0.0386013
0.0351469
0.0328134
0.0311931
0.0300664
0.0293168
0.0290076
0.0290996
0.029337
0.029457
0.0292325
0.0284647
0.0269554
0.0244964
0.0209291
0.0163291
0.01343
0.0702486
0.0533643
0.0446901
0.0393791
0.0359142
0.033553
0.0319061
0.0307581
0.0299913
0.029653
0.029686
0.0298353
0.0298466
0.0294998
0.0285981
0.0269443
0.0243393
0.0206547
0.0160206
0.013107
0.0699468
0.0538042
0.04539
0.0401574
0.0366973
0.0343173
0.0326473
0.0314783
0.0306915
0.0303173
0.0302818
0.0303329
0.030225
0.0297447
0.0286976
0.0268887
0.0241313
0.0203322
0.0156793
0.0127794
0.0695835
0.0541965
0.0460629
0.040929
0.037489
0.0350995
0.0334108
0.0322209
0.0314111
0.0309943
0.0308805
0.0308228
0.0305847
0.0299593
0.0287549
0.0267803
0.0238653
0.0199571
0.0153039
0.0124482
0.0691526
0.0545347
0.0467011
0.0416856
0.038281
0.0358915
0.0341887
0.0329786
0.0321431
0.0316766
0.0314746
0.031297
0.0309172
0.0301347
0.0287606
0.0266099
0.0235336
0.019525
0.0148941
0.012115
0.068647
0.0548103
0.0472957
0.0424174
0.0390632
0.0366836
0.0349718
0.0337423
0.0328783
0.032355
0.0320547
0.0317458
0.0312123
0.0302599
0.0287035
0.026367
0.023128
0.0190317
0.0144506
0.0117816
0.068058
0.0550139
0.0478364
0.0431134
0.0398244
0.0374648
0.035749
0.0345011
0.0336054
0.0330182
0.032609
0.0321569
0.031457
0.0303217
0.0285704
0.0260396
0.02264
0.0184743
0.0139753
0.0114506
0.0673763
0.0551353
0.0483119
0.0437616
0.0405518
0.0382217
0.036507
0.035241
0.0343163
0.0336538
0.0331225
0.0325144
0.0316355
0.0303042
0.0283461
0.0256148
0.0220614
0.0178512
0.0134718
0.011125
0.0665921
0.0551632
0.0487098
0.044348
0.0412307
0.0389389
0.0372292
0.0359445
0.0349832
0.0342373
0.033573
0.0327983
0.0317288
0.0301892
0.0280136
0.0250789
0.0213849
0.0171632
0.0129462
0.0108084
0.065695
0.0550857
0.0490159
0.0448567
0.0418435
0.0395976
0.0378958
0.0365904
0.0355803
0.0347408
0.0339363
0.0329863
0.0317157
0.0299561
0.0275543
0.0244184
0.0206055
0.0164141
0.0124068
0.0105046
0.0646741
0.0548888
0.0492138
0.0452692
0.0423697
0.0401757
0.0384834
0.0371545
0.0360869
0.0351449
0.0341915
0.0330563
0.0315733
0.0295827
0.026949
0.0236211
0.0197216
0.0156124
0.0118646
0.0102176
0.0635169
0.0545559
0.0492841
0.0455636
0.0427859
0.0406483
0.0389662
0.0376107
0.0364777
0.0354249
0.0343135
0.0329829
0.0312765
0.0290451
0.0261781
0.0226773
0.0187366
0.0147715
0.0113332
0.00995098
0.0622084
0.0540678
0.0492048
0.045716
0.0430661
0.0409883
0.0393166
0.0379314
0.0367259
0.0355535
0.0342746
0.0327385
0.0307978
0.0283178
0.0252234
0.0215819
0.0176611
0.0139108
0.0108274
0.00970772
0.0607307
0.053403
0.0489521
0.0457
0.0431826
0.0411669
0.0395052
0.0380871
0.036802
0.0355006
0.0340445
0.0322929
0.0301077
0.0273745
0.0240694
0.0203376
0.0165145
0.0130556
0.0103624
0.00948917
0.0590633
0.0525386
0.0485004
0.0454882
0.0431061
0.0411536
0.0395006
0.0380457
0.0366732
0.0352336
0.0335913
0.0316142
0.0291739
0.0261889
0.0227069
0.0189583
0.0153276
0.0122356
0.00995152
0.00929542
0.057184
0.0514509
0.0478232
0.0450514
0.0428058
0.0409157
0.0392691
0.0377729
0.0363049
0.0347182
0.0328816
0.030667
0.0279609
0.0247373
0.0211374
0.0174736
0.0141435
0.0114833
0.00960394
0.00912516
0.0550697
0.0501146
0.0468925
0.0443589
0.0422493
0.0404194
0.0387754
0.0372324
0.0356607
0.0339204
0.0318802
0.0294099
0.0264285
0.0230024
0.0193816
0.0159344
0.0130161
0.0108281
0.00932306
0.00897595
0.0526972
0.0485024
0.0456791
0.0433783
0.0414028
0.0396308
0.0379827
0.0363859
0.0347077
0.0328112
0.030546
0.0277866
0.0245325
0.0209844
0.0174914
0.0144172
0.0120044
0.0102898
0.00910601
0.00884467
0.0500455
0.0465864
0.0441549
0.0420775
0.0402306
0.0385137
0.0368575
0.0352086
0.033431
0.031358
0.0288081
0.0257125
0.0222348
0.0187261
0.0155672
0.0130218
0.0111609
0.00987415
0.00894481
0.00872815
0.0471154
0.0443406
0.0422945
0.0404272
0.0386995
0.0370331
0.0353692
0.0337284
0.0318341
0.0294928
0.0265348
0.023094
0.0195626
0.0163628
0.0137693
0.0118526
0.0105143
0.009572
0.00882879
0.00862354
0.0440064
0.0417347
0.0400594
0.0383949
0.0367782
0.035161
0.0334958
0.0317958
0.0297748
0.0269617
0.0235013
0.0199158
0.0167082
0.0141534
0.012284
0.0109779
0.0100595
0.00936323
0.00874698
0.00852834
0.0411332
0.0386118
0.0373152
0.0359222
0.0344523
0.0329111
0.0314133
0.0297568
0.0269811
0.0233215
0.019626
0.0164838
0.0140972
0.012403
0.0112284
0.0103954
0.00976202
0.00922325
0.00868987
0.00844059
0.0407322
0.0342593
0.0338115
0.0329056
0.0317158
0.0304003
0.0296187
0.0263047
0.0221368
0.018416
0.0155814
0.0135874
0.0122237
0.0112772
0.0105863
0.0100424
0.00957413
0.00912876
0.00865016
0.00835967
0.0423481
0.0305339
0.0303744
0.029808
0.029001
0.0293665
0.0246299
0.0199546
0.0165773
0.014353
0.0129069
0.0119336
0.0112348
0.0106929
0.0102398
0.00983516
0.00945115
0.00906117
0.00862282
0.00828779
0.0184472
0.0268669
0.0275374
0.0270325
0.02824
0.0214913
0.0172307
0.0147826
0.0133386
0.0124147
0.0117567
0.0112382
0.0107975
0.0104041
0.0100411
0.00969645
0.00935766
0.00900686
0.00860483
0.00822896
0.0181085
0.0236742
0.0247062
0.0272701
0.0184656
0.0153581
0.0138356
0.0129433
0.0123156
0.0118058
0.0113566
0.0109466
0.010568
0.0102167
0.00988822
0.00957632
0.00927074
0.00895718
0.00860047
0.00819982
0.0173164
0.0212012
0.0238013
0.0157618
0.0141522
0.0134386
0.0129313
0.012463
0.0120018
0.0115523
0.0111253
0.0107286
0.0103655
0.0100347
0.00973197
0.0094499
0.00917821
0.00892336
0.00862263
0.0081586
0.016143
0.0188855
0.016088
0.0142564
0.0136878
0.0132753
0.0128184
0.0123193
0.0118134
0.0113304
0.0108875
0.0104917
0.0101423
0.00983437
0.00956063
0.00931168
0.0090906
0.00882277
0.00850477
0.00813155
0.0148462
0.0172066
0.0144427
0.0141509
0.0138317
0.0133384
0.0127492
0.0121434
0.0115705
0.0110555
0.0106069
0.0102228
0.00989615
0.00961759
0.00937744
0.00917403
0.00894433
0.00869734
0.00840032
0.00813115
0.0136546
0.0146916
0.0146235
0.0144882
0.0139805
0.0132853
0.0125506
0.0118592
0.011248
0.0107272
0.0102927
0.00993407
0.00963861
0.00939377
0.00920319
0.00899788
0.00879406
0.00857492
0.008305
0.00814651
0.0100029
0.0154706
0.0155097
0.0148684
0.0139923
0.0130785
0.0122305
0.0114936
0.010878
0.0103756
0.00997089
0.00964632
0.00938574
0.00917593
0.00898444
0.00881344
0.00864395
0.00845679
0.00821614
0.00817225
0.0146301
0.0169791
0.0161078
0.0149441
0.0137796
0.0127255
0.0118259
0.0110878
0.0104971
0.0100307
0.00966467
0.00937721
0.00915067
0.00897701
0.00880806
0.00865517
0.00850852
0.00834721
0.00813348
0.00820597
0.0183943
0.0177179
0.016201
0.0147212
0.0134025
0.0122916
0.0113927
0.0106852
0.0101373
0.00971545
0.0093902
0.00913818
0.00894187
0.00877374
0.00863314
0.00850644
0.0083836
0.00824578
0.00805671
0.00824645
0.0199534
0.0179608
0.0160486
0.0143687
0.0129674
0.0118462
0.010977
0.0103166
0.0098187
0.00944239
0.0091553
0.00893398
0.00876343
0.00861589
0.00848941
0.00837754
0.00827151
0.00815274
0.00798551
0.00829288
0.0207565
0.0180093
0.0157874
0.0139655
0.0125249
0.011423
0.010601
0.00999535
0.00954857
0.00921478
0.00896083
0.00876452
0.00861095
0.00847579
0.00836116
0.00826217
0.00817012
0.00806732
0.00791937
0.0083447
0.0213158
0.0179602
0.0154757
0.0135524
0.012103
0.0110401
0.0102748
0.00972577
0.00932696
0.00903029
0.0088034
0.0086263
0.00847796
0.00835472
0.00824954
0.00815989
0.00807854
0.00798878
0.00785776
0.00840145
0.0217511
0.0178497
0.0151434
0.0131518
0.0117169
0.0107057
0.0100009
0.00950603
0.0091496
0.00888353
0.00867765
0.00851443
0.0083746
0.00825572
0.00815459
0.00807003
0.00799597
0.00791647
0.00780022
0.00846282
0.0221044
0.0177002
0.0148087
0.0127763
0.0113734
0.0104214
0.00977668
0.00933083
0.00900999
0.00876786
0.00857734
0.00842349
0.00828892
0.00817251
0.00807312
0.00799095
0.00792146
0.00784978
0.00774636
0.00852857
0.0223964
0.0175275
0.0144827
0.0124326
0.0110744
0.0101848
0.00959676
0.0091934
0.00890106
0.0086766
0.00849643
0.0083483
0.00821666
0.00810144
0.00800241
0.0079209
0.00785401
0.00778814
0.00769586
0.00859855
0.0226407
0.0173424
0.0141722
0.0121233
0.0108186
0.00999146
0.00945484
0.00908693
0.00881632
0.00860398
0.00842992
0.00828429
0.00815369
0.00803914
0.00794001
0.00785828
0.00779265
0.00773104
0.00764847
0.00867269
0.0228469
0.0171523
0.0138815
0.0118488
0.0106029
0.00983606
0.00934466
0.00900528
0.00875039
0.00854549
0.00837413
0.00822566
0.00809636
0.00798293
0.0078839
0.0078017
0.00773655
0.00767801
0.00760395
0.00875091
0.0230222
0.0169624
0.0136123
0.0116081
0.0104237
0.00971319
0.00926049
0.00894324
0.00869894
0.00849775
0.00832655
0.00817675
0.00804617
0.00793238
0.00783298
0.00775009
0.00768495
0.00762863
0.00756209
0.00883315
0.0231721
0.0167762
0.0133657
0.0113991
0.0102768
0.00961767
0.00919725
0.00889646
0.00865852
0.00845822
0.00828545
0.00813316
0.00800075
0.00788611
0.00778615
0.00770256
0.00763719
0.0075825
0.0075227
0.00891933
0.0233008
0.0165962
0.0131412
0.0112192
0.0101579
0.00954472
0.00915052
0.00886126
0.00862628
0.00842485
0.00824951
0.00809399
0.00795896
0.007843
0.00774246
0.00765832
0.0075927
0.00753925
0.00748559
0.00900937
0.0234119
0.0164235
0.0129381
0.0110656
0.0100628
0.00949004
0.00911648
0.00883453
0.00859977
0.00839575
0.00821739
0.00805831
0.00791996
0.00780219
0.00770111
0.0076167
0.00755099
0.00749857
0.00745063
0.00910319
0.0235077
0.0162588
0.0127549
0.0109353
0.00998774
0.00944984
0.00909191
0.00881362
0.00857684
0.00836912
0.00818758
0.00802491
0.00788286
0.00776299
0.00766151
0.00757721
0.00751167
0.00746022
0.0074177
0.00920073
0.0235903
0.0161022
0.0125899
0.0108251
0.00992923
0.00942093
0.00907416
0.00879646
0.00855578
0.0083434
0.00815846
0.00799233
0.00784676
0.00772492
0.00762331
0.0075395
0.00747446
0.00742401
0.0073867
0.00930192
0.023661
0.0159535
0.0124416
0.0107326
0.00988436
0.00940077
0.00906125
0.00878154
0.00853539
0.00831743
0.00812868
0.0079593
0.00781097
0.00768771
0.00758632
0.00750341
0.00743918
0.00738979
0.00735756
0.00940672
0.023721
0.0158123
0.0123084
0.0106553
0.00985076
0.00938743
0.00905179
0.00876793
0.00851502
0.00829066
0.00809754
0.00792508
0.00777512
0.00765127
0.00755052
0.00746885
0.00740571
0.00735747
0.00733024
0.00951509
0.0237711
0.0156786
0.0121889
0.0105914
0.00982656
0.00937947
0.00904486
0.00875512
0.00849452
0.00826317
0.00806518
0.00788969
0.00773914
0.00761563
0.00751596
0.00743578
0.00737398
0.00732697
0.00730471
0.009627
0.0238123
0.0155521
0.012082
0.0105391
0.00981025
0.00937583
0.00903985
0.00874288
0.008474
0.00823543
0.00803243
0.00785373
0.00770323
0.00758084
0.00748265
0.0074042
0.00734393
0.00729824
0.00728095
0.00974242
0.0238453
0.0154324
0.0119865
0.010497
0.00980056
0.00937564
0.00903625
0.00873103
0.00845357
0.00820796
0.00800032
0.00781801
0.00766758
0.00754689
0.00745057
0.00737407
0.00731553
0.00727125
0.00725895
0.00986131
0.0238707
0.0153189
0.0119013
0.0104638
0.00979635
0.00937811
0.00903359
0.00871934
0.00843318
0.008181
0.00796955
0.00778317
0.00763234
0.00751366
0.00741961
0.00734532
0.00728869
0.00724591
0.00723867
0.00998361
0.0238889
0.0152109
0.0118251
0.0104382
0.00979658
0.00938249
0.00903136
0.00870742
0.00841255
0.00815434
0.00794009
0.00774938
0.00759748
0.00748101
0.00738963
0.00731781
0.00726331
0.00722215
0.00722007
0.0101092
0.0239003
0.0151075
0.0117569
0.010419
0.00980029
0.0093881
0.00902903
0.00869482
0.00839119
0.00812736
0.00791118
0.00771629
0.0075629
0.00744878
0.00736044
0.00729141
0.00723927
0.00719986
0.00720304
0.0102381
0.023905
0.0150079
0.0116956
0.0104051
0.00980666
0.00939431
0.00902612
0.00868108
0.00836857
0.00809926
0.00788157
0.00768322
0.00752853
0.00741688
0.00733192
0.00726597
0.00721641
0.00717888
0.0071875
0.0103701
0.023903
0.0149115
0.0116402
0.0103957
0.009815
0.00940063
0.00902225
0.00866589
0.00834431
0.00806941
0.00785005
0.00764947
0.00749436
0.00738535
0.00730397
0.00724136
0.00719461
0.0071591
0.00717332
0.0105052
0.0238944
0.0148176
0.01159
0.0103901
0.00982479
0.00940673
0.00901719
0.00864906
0.00831827
0.00803753
0.00781591
0.0076146
0.00746048
0.00735432
0.00727658
0.0072175
0.00717375
0.00714039
0.0071604
0.0106431
0.0238791
0.0147258
0.0115444
0.0103877
0.00983564
0.00941236
0.00901083
0.00863057
0.0082905
0.00800383
0.00777943
0.00757859
0.00742699
0.00732392
0.00724979
0.00719432
0.00715371
0.00712264
0.00714865
0.0107838
0.0238573
0.0146359
0.0115028
0.010388
0.00984729
0.00941741
0.00900312
0.00861046
0.00826119
0.00796884
0.00774166
0.00754177
0.00739391
0.00729422
0.00722361
0.00717178
0.00713443
0.00710575
0.00713798
0.0109272
0.0238291
0.0145476
0.0114649
0.0103907
0.00985951
0.00942174
0.00899402
0.00858875
0.00823046
0.00793305
0.00770397
0.00750481
0.00736124
0.00726522
0.00719803
0.00714982
0.00711583
0.00708963
0.00712831
0.0110731
0.0237947
0.0144605
0.0114303
0.0103955
0.00987209
0.00942522
0.00898342
0.00856536
0.00819831
0.00789667
0.00766711
0.00746823
0.00732889
0.00723675
0.00717297
0.00712838
0.00709783
0.00707421
0.00711957
0.0112215
0.0237541
0.0143742
0.0113985
0.010402
0.00988478
0.00942766
0.00897115
0.00854007
0.00816447
0.00785946
0.007631
0.00743219
0.00729664
0.00720861
0.0071483
0.00710738
0.00708034
0.00705941
0.00711171
0.0113722
0.0237075
0.0142882
0.0113692
0.01041
0.00989735
0.00942885
0.00895697
0.00851263
0.00812857
0.00782079
0.00759468
0.0073963
0.00726423
0.00718052
0.00712387
0.00708671
0.00706331
0.00704519
0.00710468
0.0115251
0.0236547
0.0142021
0.0113421
0.0104192
0.00990955
0.00942856
0.00894067
0.00848273
0.00809016
0.00777983
0.00755669
0.00735985
0.0072314
0.00715227
0.00709954
0.00706631
0.0070467
0.00703152
0.00709849
0.0116802
0.0235956
0.0141154
0.0113168
0.0104292
0.00992118
0.00942663
0.00892204
0.00845013
0.00804888
0.00773584
0.00751552
0.00732197
0.00719796
0.00712376
0.00707525
0.00704615
0.00703049
0.00701839
0.00709313
0.0118373
0.0235303
0.0140279
0.0112931
0.0104399
0.00993208
0.00942291
0.00890096
0.0084147
0.00800451
0.00768838
0.00747015
0.00728196
0.00716383
0.00709502
0.007051
0.00702624
0.0070147
0.00700583
0.00708862
0.0119965
0.0234585
0.0139395
0.0112708
0.0104511
0.00994215
0.00941734
0.00887739
0.0083764
0.00795704
0.00763744
0.00742037
0.00723946
0.00712905
0.00706614
0.00702687
0.00700664
0.00699937
0.00699386
0.00708501
0.0121579
0.0233802
0.0138499
0.0112498
0.0104628
0.00995132
0.00940989
0.00885134
0.0083353
0.0079066
0.00758333
0.00736678
0.00719451
0.0070937
0.00703727
0.00700297
0.00698742
0.00698454
0.00698253
0.00708231
0.0123215
0.0232955
0.0137592
0.0112302
0.0104748
0.00995955
0.00940055
0.00882284
0.00829147
0.00785338
0.00752652
0.00731039
0.00714746
0.00705785
0.00700854
0.00697939
0.00696862
0.00697026
0.00697183
0.00708054
0.0124872
0.0232044
0.0136675
0.0112118
0.0104872
0.00996678
0.0093893
0.0087919
0.00824499
0.00779754
0.00746741
0.00725222
0.00709878
0.00702155
0.00698
0.00695618
0.00695029
0.00695651
0.00696176
0.00707969
0.0126551
0.0231068
0.0135745
0.0111947
0.0104998
0.00997297
0.00937612
0.00875853
0.00819587
0.00773913
0.00740619
0.00719288
0.00704885
0.00698475
0.00695162
0.00693335
0.00693241
0.00694328
0.00695228
0.00707971
0.0128253
0.0230028
0.0134805
0.0111788
0.0105125
0.00997804
0.00936094
0.00872268
0.0081441
0.00767811
0.00734278
0.00713236
0.00699778
0.0069473
0.0069233
0.00691085
0.00691494
0.00693051
0.00694333
0.00708055
0.0129977
0.0228925
0.0133853
0.0111641
0.0105254
0.00998191
0.0093437
0.00868429
0.0080896
0.00761435
0.00727689
0.00707013
0.00694536
0.006909
0.00689484
0.00688856
0.00689779
0.00691812
0.00693483
0.00708215
0.0131721
0.0227757
0.0132891
0.0111506
0.0105382
0.00998452
0.00932437
0.00864334
0.00803232
0.00754774
0.00720814
0.00700526
0.00689115
0.00686953
0.00686603
0.00686635
0.00688086
0.00690602
0.00692669
0.00708443
0.0133487
0.0226525
0.013192
0.0111384
0.010551
0.00998585
0.00930292
0.00859983
0.00797226
0.0074782
0.00713623
0.00693686
0.00683459
0.00682862
0.00683666
0.00684408
0.00686406
0.00689413
0.00691884
0.00708733
0.0135272
0.022523
0.0130941
0.0111275
0.0105638
0.0099859
0.00927941
0.00855381
0.00790948
0.00740574
0.00706103
0.00686428
0.00677522
0.00678604
0.00680653
0.00682162
0.00684729
0.00688238
0.00691122
0.0070908
0.0137076
0.0223873
0.0129959
0.0111181
0.0105766
0.00998472
0.0092539
0.00850539
0.00784411
0.0073305
0.00698261
0.00678737
0.00671284
0.00674171
0.00677556
0.0067989
0.00683052
0.00687074
0.00690381
0.00709482
0.0138899
0.0222456
0.0128975
0.0111102
0.0105894
0.00998238
0.00922653
0.00845473
0.00777633
0.00725268
0.00690127
0.00670651
0.00664756
0.00669568
0.00674373
0.00677589
0.00681374
0.00685921
0.0068966
0.0070994
0.0140742
0.022098
0.0127992
0.0111039
0.0106023
0.00997897
0.0091974
0.00840198
0.00770636
0.00717254
0.00681739
0.00662235
0.00657979
0.00664815
0.00671109
0.00675262
0.00679697
0.00684782
0.00688964
0.0071046
0.0142605
0.0219449
0.0127014
0.0110993
0.0106153
0.00997454
0.00916666
0.0083473
0.00763441
0.00709038
0.00673142
0.00653576
0.00651008
0.00659937
0.00667776
0.00672915
0.00678027
0.00683664
0.00688297
0.00711047
0.0144489
0.0217865
0.0126041
0.0110965
0.0106284
0.00996913
0.0091344
0.00829088
0.00756069
0.00700648
0.00664376
0.00644751
0.00643893
0.00654958
0.00664387
0.00670555
0.00676372
0.00682573
0.00687666
0.00711705
0.0146395
0.021623
0.0125077
0.0110954
0.0106415
0.00996276
0.00910075
0.00823289
0.00748541
0.00692104
0.0065546
0.00635837
0.00636664
0.00649891
0.0066095
0.00668188
0.00674736
0.00681513
0.00687074
0.00712439
0.0148324
0.0214545
0.0124123
0.0110959
0.0106546
0.00995541
0.0090658
0.00817355
0.00740883
0.00683425
0.00646403
0.00626893
0.00629342
0.00644738
0.00657466
0.00665814
0.00673122
0.00680488
0.00686522
0.00713253
0.0150276
0.0212813
0.0123182
0.0110979
0.0106678
0.00994711
0.00902962
0.00811312
0.00733131
0.00674644
0.00637214
0.00617905
0.00621933
0.00639499
0.00653931
0.00663433
0.00671528
0.00679497
0.00686013
0.00714149
0.0152252
0.0211034
0.0122259
0.0111014
0.0106809
0.00993796
0.00899231
0.00805179
0.00725328
0.00665816
0.00627929
0.00608484
0.00614383
0.00634156
0.00650336
0.00661039
0.0066995
0.00678537
0.00685543
0.00715125
0.0154252
0.0209208
0.0121358
0.0111061
0.0106939
0.00992817
0.00895407
0.00798973
0.00717513
0.0065701
0.00618629
0.0059889
0.00606654
0.0062868
0.00646662
0.00658619
0.00668383
0.00677604
0.00685111
0.0071618
0.0156275
0.0207337
0.012049
0.0111118
0.0107067
0.009918
0.00891531
0.00792727
0.00709711
0.00648271
0.00609403
0.00589429
0.00598817
0.00623065
0.00642898
0.00656165
0.00666819
0.00676695
0.00684709
0.0071731
0.015832
0.0205418
0.0119666
0.0111189
0.010719
0.00990741
0.0088765
0.00786502
0.0070197
0.00639632
0.00600302
0.00579783
0.00590826
0.00617301
0.00639034
0.00653669
0.00665252
0.00675801
0.00684334
0.0071851
0.0160387
0.020345
0.0118893
0.0111277
0.0107304
0.00989595
0.00883756
0.00780345
0.00694366
0.00631182
0.00591462
0.0057038
0.00582731
0.00611385
0.00635061
0.00651126
0.00663679
0.00674921
0.0068398
0.00719776
0.0162473
0.0201434
0.0118162
0.0111393
0.010742
0.0098835
0.00879785
0.00774189
0.00686861
0.00622907
0.00582896
0.0056144
0.00574683
0.00605339
0.00630974
0.00648524
0.00662089
0.00674044
0.00683643
0.00721101
0.0164576
0.0199379
0.011744
0.011153
0.010755
0.00987176
0.00875844
0.0076808
0.00679447
0.00614759
0.00574526
0.00552685
0.00566827
0.00599248
0.00626807
0.00645875
0.00660485
0.00673172
0.00683317
0.00722479
0.0166688
0.01973
0.0116682
0.0111648
0.0107664
0.00985936
0.00871899
0.00762019
0.00672118
0.00606673
0.00566159
0.00543294
0.00558141
0.00592991
0.00622552
0.00643182
0.00658867
0.00672301
0.00683002
0.00723904
0.0168794
)
;

boundaryField
{
    wall
    {
        type            compressible::alphatJayatillekeWallFunction;
        Prt             0.85;
        value           uniform 0;
    }
    inlet
    {
        type            calculated;
        value           uniform 0.189515;
    }
    outlet
    {
        type            calculated;
        value           nonuniform List<scalar> 
20
(
0.0507614
0.058349
8.06525
8.06525
8.06525
8.06525
8.06525
8.06525
8.06525
8.06525
8.06525
8.06525
0.0600652
0.0591157
0.0581094
0.0572189
0.0565321
0.0559051
0.0550623
0.0638905
)
;
    }
    heatWall
    {
        type            compressible::alphatJayatillekeWallFunction;
        Prt             0.85;
        value           nonuniform List<scalar> 
840
(
0.000158548
0.000157387
0.000156279
0.000155218
0.00015419
0.000153165
0.000152132
0.000151091
0.00015004
0.00014898
0.00014791
0.000146833
0.000145752
0.000144669
0.000143588
0.000142512
0.000141444
0.000140386
0.000139341
0.00013831
0.000137292
0.000136184
0.000135035
0.000133866
0.00013269
0.000131516
0.000130351
0.000129198
0.000128063
0.000126729
0.0001255
0.000124349
0.00012326
0.000122217
0.000121213
0.000120239
0.00011929
0.000118363
0.000117455
0.000116564
0.000115688
0.000114827
0.000113978
0.00011314
0.000112314
0.000111496
0.000110686
0.00010988
0.000109073
0.000108255
0.000716687
0.0007307
0.000741111
0.000751644
0.000762308
0.000773098
0.000784014
0.00079506
0.000806244
0.000817571
0.000829047
0.000840681
0.000852479
0.000864449
0.000876597
0.00088893
0.000901451
0.000914166
0.000927071
0.000940165
0.000953439
0.000966879
0.000980474
0.000994206
0.00100806
0.00102202
0.00103607
0.00105015
0.00106422
0.00107826
0.00109229
0.00110628
0.00112024
0.00113416
0.00114803
0.00116184
0.00117558
0.00118924
0.00120281
0.00121629
0.00122965
0.00124289
0.00125599
0.00126894
0.00128173
0.00129435
0.00130676
0.00131897
0.00133095
0.00134267
0.00135412
0.00136527
0.0013761
0.00138656
0.00139664
0.00140628
0.00141545
0.00142411
0.00143218
0.00143961
0.00144632
0.00145223
0.00145724
0.00146123
0.00146408
0.00146563
0.00146568
0.00146403
0.00146041
0.00145452
0.00144598
0.00143435
0.00141909
0.00139953
0.00137486
0.00134404
0.00130577
0.00125827
0.00119903
0.00112438
0.00102698
0.000881813
0.000561353
0.000437782
0.000352574
0.000210487
7.64279e-05
4.70624e-05
4.74207e-05
4.99385e-05
5.22452e-05
5.43288e-05
5.62296e-05
5.79721e-05
5.95727e-05
6.10371e-05
6.23607e-05
6.35356e-05
6.45585e-05
6.54343e-05
6.61765e-05
6.68067e-05
6.73553e-05
6.78641e-05
6.83835e-05
6.89682e-05
6.96242e-05
7.03547e-05
7.11561e-05
7.20157e-05
7.29081e-05
7.3792e-05
7.4619e-05
7.50802e-05
7.56818e-05
7.74997e-05
7.97854e-05
7.93546e-05
7.98812e-05
7.89111e-05
7.93974e-05
7.98963e-05
8.0403e-05
8.09175e-05
8.14393e-05
8.19673e-05
8.25e-05
8.30359e-05
8.35731e-05
8.41104e-05
8.46473e-05
8.51844e-05
8.57233e-05
8.62664e-05
8.68171e-05
8.73787e-05
8.79543e-05
8.85463e-05
8.91559e-05
8.97839e-05
9.0431e-05
9.10985e-05
9.17879e-05
9.25013e-05
9.3241e-05
9.40087e-05
9.48055e-05
9.56317e-05
9.64869e-05
9.73696e-05
9.82778e-05
9.92088e-05
0.00010016
0.000101128
0.00010211
0.000103102
0.000104098
0.000105093
0.000106077
0.000107037
0.00146116
0.00145162
0.00144027
0.00142783
0.00141466
0.001401
0.00138697
0.00137267
0.00135816
0.0013435
0.00132871
0.00131381
0.00129883
0.00128377
0.00126865
0.00125347
0.00123824
0.00122298
0.00120769
0.00119239
0.00117709
0.0011618
0.00114652
0.00113128
0.00111607
0.00110092
0.00108584
0.00107083
0.00105591
0.00104107
0.00102634
0.0010117
0.000997179
0.000982769
0.000968482
0.000954323
0.000940298
0.000926409
0.000912659
0.000899046
0.000885568
0.000872223
0.000859005
0.000845908
0.000832924
0.000820043
0.000807254
0.000794544
0.0007819
0.00076931
0.000756758
0.000744229
0.000731705
0.00071917
0.000706603
0.000693984
0.00068129
0.000668498
0.000655583
0.000642521
0.000629284
0.000615848
0.000602189
0.000588285
0.000574115
0.000559666
0.000544932
0.000529915
0.000514631
0.000499115
0.000483421
0.000467627
0.000451838
0.000436189
0.000420843
0.00040598
0.000391796
0.000378478
0.000366189
0.000355043
0.000345088
0.000336296
0.000328577
0.000321792
0.000315782
0.000310391
0.000305478
0.000300936
0.000296723
0.00029292
0.00028976
0.000287533
0.000285892
0.000285434
0.000285719
0.000286668
0.000288066
0.0002898
0.000291815
0.000294082
0.000296584
0.000299309
0.00030225
0.0003054
0.000308755
0.000312311
0.000316066
0.000320016
0.000324158
0.000328487
0.000333
0.000337693
0.000342561
0.000347602
0.00035281
0.000358184
0.000363718
0.000369409
0.000375252
0.000381242
0.000387373
0.000393641
0.00040004
0.000406565
0.000413212
0.000419976
0.000426855
0.000433843
0.000440938
0.000448137
0.000455438
0.000462839
0.000470337
0.000477931
0.00048562
0.000493402
0.000501276
0.000509239
0.00051729
0.000525428
0.000533651
0.000541959
0.000550351
0.000558828
0.000567392
0.000576043
0.000584783
0.000593613
0.000602535
0.00061155
0.000620658
0.000629857
0.000639149
0.000648532
0.000658002
0.000667558
0.000677191
0.000686887
0.000696612
0.000706296
0.00208484
0.00205267
0.00201689
0.00197212
0.00191492
0.00184658
0.00177131
0.00169757
0.00164102
0.00162143
0.001643
0.00167301
0.00167958
0.00166858
0.00165664
0.0016564
0.00167806
0.00172575
0.0017764
0.00181071
0.00182804
0.00183029
0.00182057
0.00180729
0.00179302
0.00177781
0.00176172
0.00174478
0.00172703
0.00170858
0.00168948
0.00167152
0.00165522
0.00164043
0.00162697
0.00161463
0.00160317
0.00159237
0.00158201
0.00157192
0.00156195
0.00155201
0.00154203
0.00153196
0.00152181
0.00151159
0.00150136
0.00149122
0.0014813
0.00147181
0.000812027
0.000803213
0.000794286
0.000785211
0.00077604
0.000766778
0.000757436
0.000748024
0.000738555
0.000729038
0.000719484
0.000709904
0.000700307
0.000690702
0.000681099
0.000671504
0.000661926
0.000652371
0.000642847
0.000633358
0.00062391
0.000614507
0.000605155
0.000595855
0.000586612
0.000577427
0.000568302
0.000559267
0.000550331
0.000541489
0.000532737
0.000524067
0.000515477
0.000506959
0.000498509
0.000490122
0.000481792
0.000473513
0.00046528
0.000457086
0.000448925
0.000440789
0.000432671
0.000424564
0.00041646
0.00040835
0.000400224
0.000392072
0.000383883
0.000375643
0.000367339
0.000358952
0.000350465
0.000341857
0.000333102
0.000324175
0.000315044
0.000305673
0.000296024
0.000286053
0.000275713
0.000264955
0.000253725
0.000241973
0.00022965
0.000216719
0.000203157
0.000188969
0.0001742
0.000158952
0.000143403
0.000127825
0.000112596
9.81975e-05
8.51661e-05
7.40255e-05
6.86724e-05
6.59492e-05
6.55464e-05
6.70291e-05
6.9819e-05
7.34595e-05
7.76913e-05
7.88654e-05
8.05116e-05
8.21171e-05
8.36525e-05
8.51039e-05
8.64624e-05
8.77193e-05
8.88691e-05
8.99222e-05
9.08814e-05
9.17341e-05
9.25048e-05
9.32197e-05
9.38509e-05
9.43955e-05
9.48888e-05
9.53553e-05
9.57639e-05
9.60995e-05
9.63873e-05
9.66661e-05
9.6938e-05
9.7188e-05
9.74152e-05
9.76312e-05
9.7856e-05
9.80946e-05
9.83327e-05
9.8558e-05
9.87731e-05
9.89889e-05
9.9213e-05
9.94487e-05
9.96967e-05
9.9952e-05
0.000100213
0.000100474
0.000100735
0.000100996
0.000101257
0.000101518
0.000101779
0.000102038
0.000102293
0.000102539
0.000102774
0.000102998
0.000103215
0.000103428
0.00010364
0.000103849
0.000104057
0.000104263
0.000104472
0.000104684
0.000104899
0.000105116
0.000105333
0.000105548
0.000105761
0.000105972
0.00010618
0.000106383
0.000106582
0.000106776
0.000106964
0.000107149
0.000107331
0.000107512
0.000107698
0.000107892
0.000108098
0.000108323
0.000108573
0.000108866
0.000109235
0.000109708
0.000158552
0.000157381
0.000156268
0.000155207
0.00015418
0.000153156
0.000152131
0.000151102
0.000150068
0.000149029
0.000147984
0.000146934
0.000145879
0.00014482
0.000143758
0.000142696
0.000141635
0.000140578
0.000139526
0.000138482
0.000137184
0.00013615
0.000135035
0.000133888
0.000132497
0.000131192
0.000129953
0.000128768
0.000127627
0.000126524
0.000125456
0.000124422
0.000123418
0.000122445
0.000121502
0.000120588
0.000119702
0.000118845
0.000118015
0.000117214
0.000116439
0.000115687
0.000114951
0.00011423
0.000113522
0.000112823
0.000112128
0.000111433
0.000110731
0.000110003
0.00279045
0.00276651
0.00274274
0.00271863
0.00269429
0.00266984
0.00264541
0.00262116
0.00259719
0.00257357
0.00255034
0.00252746
0.0025049
0.00248253
0.0024602
0.00243767
0.00241464
0.00239072
0.00236546
0.0023381
0.00230573
0.00228161
0.00227917
0.00228267
0.00228991
0.00229971
0.00231118
0.00232372
0.00233699
0.00235087
0.00236417
0.00237636
0.00238748
0.00239765
0.00240697
0.00241553
0.00242344
0.00243077
0.0024376
0.00244404
0.00245018
0.00245611
0.00246191
0.00246768
0.00247351
0.0024795
0.00248572
0.00249223
0.00249899
0.00250551
0.00251512
0.00252044
0.00252536
0.00253005
0.00253469
0.0025395
0.00254465
0.00255029
0.00255654
0.00256349
0.00257114
0.00257948
0.00258849
0.00259809
0.00260822
0.0026188
0.00262974
0.00264094
0.00265232
0.00266378
0.00267522
0.00268656
0.00269775
0.00270872
0.00271944
0.00272991
0.00274014
0.00275017
0.00276006
0.00276991
0.00277984
0.00279002
0.00280062
0.00281182
0.00282381
0.00283677
0.0028508
0.00286587
0.00288172
0.0028976
0.0029131
0.00292822
0.00294297
0.00295733
0.00297129
0.00298485
0.00299797
0.00301063
0.0030228
0.00303444
0.0030455
0.00305595
0.00306572
0.00307475
0.00308299
0.00309036
0.00309678
0.00310216
0.00310642
0.00310945
0.00311116
0.00311142
0.00311011
0.0031071
0.00310225
0.00309539
0.00308637
0.00307499
0.00306105
0.00304432
0.00302455
0.00300144
0.00297467
0.00294388
0.00290869
0.00286862
0.00282315
0.00277167
0.00271347
0.00264768
0.0025733
0.00248915
0.0023938
0.00228552
0.00216213
0.00202081
0.00185759
0.00166602
0.0014338
0.00113973
0.000770471
0.000716149
0.000692781
0.000649883
0.000605814
0.000559354
0.000520921
0.000493399
0.000698006
0.000788765
0.000835182
0.000864956
0.000886853
0.000903882
0.000917531
0.000928692
0.000937956
0.000945733
0.000952314
0.000957911
0.000962685
0.000966763
0.000970244
0.000973207
0.000975715
0.000977817
0.000979554
0.000980957
0.00098205
0.000982856
0.000983394
0.000983678
0.000983721
0.000983532
0.000983117
0.000982478
0.000981617
0.000980533
0.000979225
0.000977694
0.000975938
0.000973958
0.000971751
0.000969317
0.000966651
0.000963751
0.000960613
0.000957235
0.000953611
0.000949741
0.00094562
0.000941247
0.000936619
0.000931735
0.000926593
0.000921194
0.000915539
0.000909631
0.000903473
0.000897071
0.000890431
0.000883558
0.000876459
0.00086914
0.000861606
0.000853862
0.000845912
0.000837756
0.000829396
0.000820833
)
;
    }
}


// ************************************************************************* //
