/*--------------------------------*- C++ -*----------------------------------*\
  =========                 |
  \\      /  F ield         | OpenFOAM: The Open Source CFD Toolbox
   \\    /   O peration     | Website:  https://openfoam.org
    \\  /    A nd           | Version:  8
     \\/     M anipulation  |
\*---------------------------------------------------------------------------*/
FoamFile
{
    version     2.0;
    format      ascii;
    class       volScalarField;
    location    "700";
    object      T;
}
// * * * * * * * * * * * * * * * * * * * * * * * * * * * * * * * * * * * * * //

dimensions      [0 0 0 1 0 0 0];

internalField   nonuniform List<scalar> 
8400
(
300.052
300.048
300.047
300.046
300.046
300.047
300.048
300.05
300.054
300.058
300.062
300.066
300.069
300.071
300.071
300.069
300.066
300.06
300.054
300.046
300.036
300.021
300
299.972
299.935
299.887
299.823
299.734
299.611
299.453
299.269
299.1
298.976
298.884
298.807
298.741
298.683
298.633
298.591
298.557
298.535
298.522
298.518
298.521
298.531
298.546
298.566
298.591
298.62
298.653
300.056
300.053
300.051
300.049
300.047
300.047
300.048
300.051
300.054
300.06
300.066
300.073
300.08
300.089
300.097
300.106
300.115
300.123
300.129
300.131
300.126
300.117
300.107
300.097
300.087
300.075
300.053
300.006
299.914
299.753
299.511
299.256
299.115
299.007
298.911
298.825
298.746
298.673
298.599
298.524
298.465
298.42
298.39
298.374
298.367
298.369
298.379
298.396
298.421
298.451
300.013
300.015
300.016
300.017
300.016
300.016
300.016
300.016
300.016
300.016
300.019
300.024
300.032
300.044
300.057
300.069
300.079
300.086
300.087
300.062
300.045
300.044
300.051
300.06
300.071
300.08
300.087
300.091
300.093
300.093
299.881
299.437
299.313
299.226
299.148
299.073
298.977
298.909
298.823
298.701
298.599
298.512
298.447
298.403
298.375
298.357
298.349
298.349
298.357
298.372
300.004
300.005
300.006
300.007
300.009
300.01
300.012
300.013
300.014
300.014
300.013
300.011
300.007
300.003
299.999
299.996
299.994
299.992
299.993
299.998
300.008
300.021
300.036
300.052
300.067
300.079
300.087
300.092
300.095
300.096
300.087
300.024
299.941
299.849
299.704
299.356
299.293
299.232
299.155
299.012
298.906
298.784
298.692
298.628
298.586
298.556
298.535
298.522
298.515
298.515
300.008
300.009
300.01
300.012
300.014
300.016
300.018
300.02
300.022
300.024
300.026
300.03
300.035
300.041
300.048
300.056
300.064
300.072
300.081
300.088
300.094
300.099
300.103
300.106
300.108
300.11
300.112
300.113
300.113
300.114
300.114
300.107
300.089
300.06
300.005
299.915
299.869
299.896
299.368
299.305
299.26
299.128
299.037
298.971
298.931
298.905
298.888
298.877
298.869
298.864
300.002
300.002
300.002
300.001
300.001
300.001
300
300
300
299.999
299.999
299.999
299.999
299.999
300
300.001
300.003
300.004
300.005
300.006
300.007
300.009
300.01
300.012
300.015
300.018
300.023
300.03
300.041
300.053
300.066
300.078
300.085
300.086
300.075
300.047
300.018
299.998
299.902
299.889
299.458
299.432
299.36
299.31
299.287
299.28
299.281
299.286
299.292
299.295
300.003
300.003
300.003
300.003
300.003
300.003
300.003
300.003
300.003
300.003
300.003
300.003
300.003
300.003
300.003
300.003
300.003
300.003
300.003
300.002
300.002
300.002
300.002
300.002
300.003
300.004
300.007
300.012
300.018
300.028
300.04
300.053
300.067
300.078
300.084
300.08
300.068
300.051
300.004
299.962
299.873
299.699
299.583
299.564
299.565
299.581
299.603
299.625
299.645
299.661
300
300
300
300
300
300
300
300
300
300.001
300.001
300.001
300.001
300.002
300.002
300.002
300.002
300.002
300.002
300.002
300.001
300.001
300.001
300.001
300.002
300.003
300.005
300.008
300.013
300.019
300.028
300.04
300.053
300.067
300.079
300.086
300.085
300.075
300.046
300.005
299.936
299.844
299.748
299.722
299.747
299.779
299.812
299.842
299.868
299.889
300
299.999
299.999
299.999
299.999
299.999
299.999
299.999
300
300
300
300.001
300.001
300.002
300.002
300.002
300.002
300.003
300.003
300.002
300.002
300.002
300.002
300.003
300.003
300.004
300.006
300.007
300.01
300.015
300.022
300.032
300.044
300.059
300.074
300.085
300.089
300.085
300.065
300.03
299.971
299.895
299.827
299.812
299.853
299.893
299.927
299.956
299.978
299.996
299.999
299.998
299.998
299.998
299.998
299.998
299.998
299.998
299.999
299.999
299.999
300
300
300.001
300.001
300.002
300.002
300.002
300.002
300.003
300.003
300.003
300.003
300.003
300.004
300.004
300.005
300.006
300.009
300.012
300.018
300.027
300.039
300.054
300.069
300.083
300.091
300.09
300.075
300.044
299.993
299.928
299.875
299.869
299.914
299.954
299.985
300.007
300.023
300.034
299.999
299.998
299.998
299.997
299.997
299.997
299.997
299.998
299.998
299.998
299.998
299.999
299.999
300
300
300.001
300.001
300.002
300.002
300.002
300.002
300.002
300.002
300.002
300.003
300.003
300.004
300.005
300.008
300.011
300.017
300.025
300.037
300.052
300.068
300.082
300.092
300.093
300.081
300.053
300.007
299.952
299.912
299.912
299.948
299.986
300.012
300.029
300.04
300.046
299.999
299.998
299.998
299.997
299.997
299.997
299.997
299.997
299.998
299.998
299.999
299.999
299.999
299.998
299.998
299.998
299.998
300
300.001
300.001
300.002
300.002
300.002
300.003
300.003
300.004
300.005
300.006
300.009
300.012
300.018
300.027
300.038
300.053
300.069
300.084
300.093
300.094
300.083
300.058
300.018
299.972
299.943
299.946
299.973
300.003
300.023
300.037
300.045
300.049
300.002
300.001
300.001
300.001
300.001
300.001
300.002
300.002
300.002
300.002
300.001
300.001
300.001
300.001
300.001
300
300.001
300.001
300.001
300.002
300.003
300.003
300.004
300.005
300.006
300.007
300.008
300.01
300.013
300.017
300.024
300.033
300.044
300.058
300.074
300.087
300.096
300.096
300.085
300.061
300.026
299.989
299.969
299.974
299.994
300.015
300.031
300.041
300.047
300.051
300.007
300.005
300.005
300.005
300.005
300.005
300.005
300.004
300.004
300.004
300.004
300.004
300.004
300.004
300.004
300.004
300.005
300.005
300.006
300.007
300.007
300.008
300.009
300.011
300.012
300.014
300.016
300.019
300.023
300.028
300.035
300.044
300.055
300.067
300.08
300.091
300.097
300.096
300.085
300.063
300.032
300.004
299.991
299.996
300.011
300.025
300.037
300.044
300.049
300.052
300.011
300.009
300.009
300.009
300.008
300.008
300.008
300.008
300.007
300.007
300.007
300.008
300.008
300.009
300.009
300.01
300.011
300.012
300.014
300.015
300.017
300.018
300.02
300.022
300.024
300.027
300.03
300.033
300.038
300.043
300.05
300.058
300.067
300.077
300.087
300.094
300.098
300.095
300.084
300.064
300.038
300.017
300.01
300.014
300.024
300.034
300.042
300.048
300.052
300.054
300.016
300.014
300.014
300.013
300.013
300.012
300.012
300.012
300.012
300.013
300.013
300.014
300.015
300.016
300.018
300.019
300.021
300.023
300.025
300.027
300.03
300.032
300.035
300.037
300.04
300.043
300.046
300.05
300.055
300.059
300.065
300.071
300.078
300.085
300.091
300.095
300.096
300.092
300.082
300.066
300.044
300.029
300.026
300.03
300.036
300.043
300.048
300.052
300.055
300.056
300.024
300.022
300.021
300.02
300.02
300.02
300.019
300.019
300.02
300.02
300.021
300.022
300.024
300.026
300.028
300.03
300.032
300.035
300.038
300.041
300.044
300.046
300.049
300.052
300.055
300.059
300.062
300.065
300.069
300.073
300.077
300.081
300.085
300.089
300.092
300.094
300.093
300.089
300.08
300.067
300.05
300.04
300.039
300.042
300.046
300.05
300.053
300.056
300.057
300.058
300.034
300.031
300.031
300.03
300.029
300.028
300.028
300.028
300.028
300.029
300.03
300.031
300.033
300.035
300.037
300.039
300.042
300.045
300.048
300.051
300.054
300.057
300.06
300.063
300.066
300.069
300.072
300.075
300.077
300.08
300.082
300.085
300.087
300.089
300.09
300.09
300.089
300.085
300.078
300.069
300.055
300.049
300.049
300.051
300.054
300.056
300.057
300.058
300.058
300.058
300.04
300.037
300.037
300.036
300.035
300.035
300.034
300.034
300.034
300.035
300.036
300.037
300.038
300.04
300.042
300.045
300.047
300.05
300.053
300.056
300.059
300.062
300.065
300.068
300.071
300.073
300.075
300.077
300.079
300.08
300.082
300.083
300.084
300.084
300.085
300.085
300.083
300.081
300.076
300.07
300.059
300.056
300.057
300.058
300.059
300.059
300.059
300.058
300.057
300.056
300.009
300.01
300.014
300.016
300.018
300.02
300.021
300.023
300.025
300.027
300.029
300.031
300.033
300.036
300.038
300.041
300.044
300.047
300.05
300.053
300.056
300.058
300.061
300.063
300.066
300.068
300.069
300.071
300.072
300.073
300.073
300.074
300.074
300.075
300.075
300.075
300.075
300.074
300.072
300.069
300.061
300.06
300.06
300.059
300.058
300.057
300.055
300.053
300.051
300.049
303.147
303.142
303.137
303.132
303.127
303.123
303.118
303.113
303.109
303.104
303.1
303.095
303.091
303.086
303.082
303.078
303.073
303.069
303.065
303.06
303.056
303.052
303.049
303.045
303.042
303.038
303.035
303.031
303.028
303.025
303.022
303.018
303.015
303.012
303.009
303.006
303.003
303
302.998
302.995
302.992
302.989
302.986
302.984
302.981
302.979
302.976
302.974
302.973
302.972
303.15
303.15
303.15
303.15
303.15
303.149
303.149
303.149
303.148
303.148
303.148
303.147
303.147
303.146
303.146
303.145
303.145
303.144
303.143
303.143
303.142
303.141
303.14
303.139
303.138
303.137
303.135
303.134
303.133
303.131
303.13
303.129
303.128
303.126
303.125
303.124
303.123
303.121
303.12
303.119
303.118
303.117
303.116
303.115
303.113
303.112
303.111
303.111
303.11
303.108
303.15
303.15
303.15
303.15
303.15
303.15
303.15
303.15
303.15
303.15
303.15
303.15
303.15
303.15
303.15
303.15
303.15
303.15
303.15
303.15
303.149
303.149
303.149
303.149
303.149
303.149
303.148
303.148
303.148
303.148
303.147
303.147
303.147
303.146
303.146
303.146
303.145
303.145
303.144
303.144
303.144
303.143
303.143
303.143
303.142
303.142
303.141
303.141
303.141
303.14
303.15
303.15
303.15
303.15
303.15
303.15
303.15
303.15
303.15
303.15
303.15
303.15
303.15
303.15
303.15
303.15
303.15
303.15
303.15
303.15
303.15
303.15
303.15
303.15
303.15
303.15
303.15
303.15
303.15
303.15
303.15
303.15
303.15
303.15
303.149
303.149
303.149
303.149
303.149
303.149
303.149
303.149
303.149
303.149
303.149
303.149
303.149
303.149
303.148
303.148
303.15
303.15
303.15
303.15
303.15
303.15
303.15
303.15
303.15
303.15
303.15
303.15
303.15
303.15
303.15
303.15
303.15
303.15
303.15
303.15
303.15
303.15
303.15
303.15
303.15
303.15
303.15
303.15
303.15
303.15
303.15
303.15
303.15
303.15
303.15
303.15
303.15
303.15
303.15
303.15
303.15
303.15
303.15
303.15
303.15
303.15
303.15
303.15
303.15
303.15
303.15
303.15
303.15
303.15
303.15
303.15
303.15
303.15
303.15
303.15
303.15
303.15
303.15
303.15
303.15
303.15
303.15
303.15
303.15
303.15
303.15
303.15
303.15
303.15
303.15
303.15
303.15
303.15
303.15
303.15
303.15
303.15
303.15
303.15
303.15
303.15
303.15
303.15
303.15
303.15
303.15
303.15
303.15
303.15
303.15
303.15
303.15
303.15
303.15
303.15
303.15
303.15
303.15
303.15
303.15
303.15
303.15
303.15
303.15
303.15
303.15
303.15
303.15
303.15
303.15
303.15
303.15
303.15
303.15
303.15
303.15
303.15
303.15
303.15
303.15
303.15
303.15
303.15
303.15
303.15
303.15
303.15
303.15
303.15
303.15
303.15
303.15
303.15
303.15
303.15
303.15
303.15
303.15
303.15
303.15
303.15
303.15
303.15
303.15
303.15
303.15
303.15
303.15
303.15
303.15
303.15
303.15
303.15
303.15
303.15
303.15
303.15
303.15
303.15
303.15
303.15
303.15
303.15
303.15
303.15
303.15
303.15
303.15
303.15
303.15
303.15
303.15
303.15
303.15
303.15
303.15
303.15
303.15
303.15
303.15
303.15
303.15
303.15
303.15
303.15
303.15
303.15
303.15
303.15
303.15
303.15
303.15
303.15
303.15
303.15
303.15
303.15
303.15
303.15
303.15
303.15
303.15
303.15
303.15
303.15
303.15
303.15
303.15
303.15
303.15
303.15
303.15
303.15
303.15
303.15
303.15
303.15
303.15
303.15
303.15
303.15
303.15
303.15
303.15
303.15
303.15
303.15
303.15
303.15
303.15
303.15
303.15
303.15
303.15
303.15
303.15
303.15
303.15
303.15
303.15
303.15
303.15
303.15
303.15
303.15
303.15
303.15
303.15
303.15
303.15
303.15
303.15
303.15
303.15
303.15
303.15
303.15
303.15
303.15
303.15
303.15
303.15
303.15
303.15
303.15
303.15
303.15
303.15
303.15
303.15
303.15
303.15
303.15
303.15
303.15
303.15
303.15
303.15
303.15
303.15
303.15
303.15
303.15
303.15
303.15
303.15
303.15
303.15
303.15
303.15
303.15
303.15
303.15
303.15
303.15
303.15
303.15
303.15
303.15
303.15
303.15
303.15
303.15
303.15
303.15
303.15
303.15
303.15
303.15
303.15
303.15
303.15
303.15
303.15
303.15
303.15
303.15
303.15
303.15
303.15
303.15
303.15
303.15
303.15
303.15
303.15
303.15
303.15
303.15
303.15
303.15
303.15
303.15
303.15
303.15
303.15
303.15
303.15
303.15
303.15
303.15
303.15
303.15
303.15
303.15
303.15
303.15
303.15
303.15
303.15
303.15
303.15
303.15
303.15
303.15
303.15
303.15
303.15
303.15
303.15
303.15
303.15
303.15
303.15
303.15
303.15
303.15
303.15
303.15
303.15
303.15
303.15
303.15
303.15
303.15
303.15
303.15
303.15
303.15
303.15
303.15
303.15
303.15
303.15
303.15
303.15
303.15
303.15
303.15
303.15
303.15
303.15
303.15
303.15
303.15
303.15
303.15
303.15
303.15
303.15
303.15
303.15
303.15
303.15
303.15
303.15
303.15
303.15
303.15
303.15
303.15
303.15
303.15
303.15
303.15
303.15
303.15
303.15
303.15
303.15
303.15
303.15
303.15
303.15
303.15
303.15
303.15
303.15
303.15
303.15
303.15
303.15
303.15
303.15
303.15
303.15
303.15
303.15
303.15
303.15
303.15
303.15
303.15
303.15
303.15
303.15
303.15
303.15
303.15
303.15
303.15
303.15
303.15
303.15
303.15
303.15
303.15
303.15
303.15
303.15
303.15
303.15
303.15
303.15
303.15
303.15
303.15
303.15
303.15
303.15
303.15
303.15
303.15
303.15
303.15
303.15
303.15
303.15
303.15
303.15
303.15
303.15
303.15
303.15
303.15
303.15
303.15
303.15
303.15
303.15
303.15
303.15
303.15
303.15
303.15
303.15
303.15
303.15
303.15
303.15
303.15
303.15
303.15
303.15
303.15
303.15
303.15
303.15
303.15
303.15
303.15
303.15
303.15
303.15
303.15
303.15
303.15
303.15
303.15
303.15
303.15
303.15
303.15
303.15
303.15
303.15
303.15
303.15
303.15
303.15
303.15
303.15
303.15
303.15
303.15
303.15
303.15
303.15
303.15
303.15
303.15
303.15
303.15
303.15
303.15
303.15
303.15
303.15
303.15
303.15
303.15
303.15
303.15
303.15
303.15
303.15
303.15
303.15
303.15
303.15
303.15
303.15
303.15
303.15
303.15
303.15
303.15
303.15
303.15
303.15
303.15
303.15
303.15
303.15
303.15
303.15
303.15
303.15
303.15
303.15
303.15
303.15
303.15
303.15
303.15
303.15
303.15
303.15
303.15
303.15
303.15
303.15
303.15
303.15
303.149
303.15
303.15
303.15
303.15
303.15
303.15
303.15
303.15
303.15
303.15
303.15
303.15
303.15
303.15
303.15
303.15
303.15
303.15
303.15
303.15
303.15
303.15
303.15
303.15
303.15
303.15
303.15
303.15
303.15
303.15
303.15
303.15
303.15
303.15
303.149
303.149
303.149
303.149
303.149
303.149
303.149
303.149
303.149
303.148
303.148
303.148
303.148
303.148
303.147
303.147
303.15
303.15
303.15
303.15
303.15
303.15
303.15
303.15
303.15
303.15
303.15
303.15
303.15
303.15
303.15
303.15
303.15
303.15
303.15
303.15
303.149
303.149
303.149
303.149
303.149
303.149
303.148
303.148
303.148
303.148
303.147
303.147
303.146
303.146
303.146
303.145
303.145
303.144
303.144
303.144
303.143
303.143
303.142
303.141
303.141
303.14
303.139
303.138
303.137
303.136
303.15
303.15
303.15
303.15
303.15
303.149
303.149
303.149
303.149
303.148
303.148
303.147
303.147
303.146
303.146
303.145
303.145
303.144
303.144
303.143
303.142
303.141
303.14
303.139
303.138
303.137
303.136
303.134
303.133
303.132
303.13
303.129
303.127
303.126
303.125
303.123
303.122
303.121
303.119
303.118
303.116
303.115
303.113
303.111
303.11
303.108
303.106
303.104
303.102
303.1
303.147
303.142
303.137
303.132
303.127
303.123
303.118
303.113
303.109
303.104
303.1
303.095
303.091
303.086
303.082
303.077
303.073
303.069
303.065
303.06
303.056
303.053
303.049
303.045
303.041
303.038
303.034
303.031
303.027
303.024
303.021
303.018
303.015
303.012
303.009
303.006
303.003
303
302.997
302.994
302.991
302.988
302.985
302.982
302.979
302.977
302.974
302.971
302.968
302.965
302.817
302.604
302.082
301.267
300.236
299.104
297.998
297.016
296.209
295.588
295.134
294.819
294.615
294.497
294.448
294.424
294.423
294.478
294.643
294.957
302.828
302.619
302.085
301.246
300.182
299.018
297.888
296.893
296.084
295.47
295.027
294.725
294.532
294.427
294.382
294.362
294.37
294.437
294.632
294.989
302.839
302.634
302.091
301.23
300.135
298.94
297.787
296.779
295.969
295.36
294.927
294.636
294.455
294.36
294.321
294.308
294.324
294.404
294.619
295.003
302.848
302.65
302.101
301.22
300.096
298.872
297.696
296.675
295.862
295.258
294.835
294.554
294.383
294.297
294.264
294.257
294.282
294.374
294.611
295.017
302.858
302.668
302.114
301.216
300.065
298.813
297.614
296.58
295.765
295.165
294.75
294.479
294.317
294.239
294.21
294.209
294.241
294.346
294.603
295.028
302.867
302.685
302.129
301.217
300.042
298.763
297.541
296.494
295.675
295.079
294.672
294.41
294.257
294.186
294.159
294.162
294.203
294.319
294.596
295.036
302.875
302.703
302.147
301.223
300.026
298.72
297.477
296.417
295.593
295.001
294.601
294.348
294.204
294.138
294.113
294.119
294.166
294.294
294.589
295.041
302.883
302.721
302.168
301.233
300.016
298.686
297.42
296.346
295.518
294.929
294.537
294.292
294.156
294.095
294.071
294.079
294.132
294.272
294.584
295.042
302.891
302.74
302.19
301.248
300.012
298.657
297.369
296.281
295.449
294.862
294.477
294.242
294.113
294.057
294.033
294.042
294.101
294.252
294.58
295.041
302.898
302.758
302.213
301.266
300.013
298.635
297.324
296.222
295.384
294.8
294.422
294.196
294.075
294.023
293.999
294.009
294.072
294.235
294.578
295.037
302.905
302.776
302.237
301.286
300.018
298.617
297.284
296.166
295.322
294.74
294.37
294.153
294.04
293.993
293.968
293.978
294.046
294.219
294.576
295.031
302.911
302.793
302.262
301.309
300.026
298.602
297.247
296.112
295.262
294.682
294.321
294.113
294.009
293.965
293.94
293.95
294.022
294.207
294.575
295.021
302.916
302.81
302.287
301.333
300.036
298.59
297.212
296.061
295.204
294.627
294.273
294.076
293.98
293.939
293.914
293.925
294.001
294.196
294.574
295.008
302.921
302.826
302.312
301.358
300.048
298.581
297.179
296.011
295.147
294.572
294.228
294.042
293.954
293.916
293.891
293.902
293.983
294.188
294.574
294.993
302.926
302.841
302.336
301.382
300.061
298.572
297.147
295.962
295.091
294.52
294.185
294.01
293.932
293.896
293.87
293.882
293.967
294.182
294.573
294.975
302.93
302.856
302.359
301.407
300.075
298.565
297.118
295.916
295.038
294.469
294.145
293.983
293.912
293.879
293.852
293.864
293.953
294.177
294.572
294.956
302.934
302.869
302.38
301.43
300.089
298.56
297.091
295.872
294.987
294.423
294.11
293.96
293.897
293.863
293.836
293.848
293.942
294.174
294.57
294.934
302.938
302.881
302.401
301.453
300.104
298.557
297.066
295.831
294.94
294.38
294.079
293.941
293.886
293.848
293.822
293.835
293.933
294.173
294.569
294.912
302.941
302.891
302.419
301.475
300.12
298.556
297.046
295.796
294.899
294.343
294.053
293.927
293.879
293.833
293.81
293.824
293.926
294.174
294.567
294.888
302.944
302.901
302.436
301.497
300.136
298.559
297.031
295.767
294.864
294.313
294.033
293.917
293.875
293.82
293.799
293.814
293.922
294.178
294.566
294.864
302.946
302.909
302.452
301.517
300.154
298.566
297.023
295.746
294.838
294.289
294.019
293.912
293.872
293.812
293.79
293.808
293.921
294.184
294.565
294.84
302.949
302.916
302.466
301.537
300.174
298.578
297.022
295.734
294.82
294.275
294.012
293.91
293.867
293.81
293.783
293.803
293.924
294.193
294.565
294.816
302.951
302.922
302.478
301.556
300.196
298.595
297.031
295.732
294.814
294.269
294.011
293.913
293.862
293.813
293.777
293.801
293.931
294.206
294.566
294.793
302.953
302.927
302.49
301.576
300.22
298.62
297.05
295.744
294.82
294.274
294.019
293.921
293.863
293.813
293.771
293.802
293.942
294.223
294.567
294.771
302.955
302.933
302.503
301.6
300.253
298.654
297.08
295.766
294.835
294.287
294.031
293.933
293.871
293.809
293.768
293.808
293.959
294.243
294.569
294.749
302.957
302.939
302.52
301.631
300.296
298.702
297.123
295.799
294.859
294.305
294.047
293.947
293.885
293.805
293.774
293.823
293.985
294.265
294.568
294.728
302.958
302.947
302.541
301.67
300.351
298.764
297.181
295.846
294.893
294.329
294.066
293.965
293.901
293.819
293.793
293.85
294.017
294.288
294.565
294.707
302.96
302.956
302.566
301.718
300.419
298.842
297.255
295.907
294.938
294.36
294.088
293.985
293.923
293.851
293.825
293.888
294.055
294.311
294.56
294.687
302.961
302.966
302.595
301.775
300.502
298.938
297.349
295.985
294.995
294.398
294.114
294.008
293.953
293.896
293.871
293.934
294.095
294.331
294.553
294.669
302.963
302.977
302.628
301.841
300.601
299.055
297.464
296.082
295.067
294.446
294.145
294.034
293.989
293.946
293.925
293.985
294.135
294.348
294.545
294.651
302.963
302.989
302.667
301.919
300.717
299.195
297.605
296.203
295.157
294.505
294.182
294.064
294.026
293.998
293.982
294.037
294.173
294.361
294.536
294.635
302.964
303.002
302.709
302.006
300.853
299.362
297.775
296.352
295.27
294.58
294.227
294.095
294.062
294.048
294.039
294.086
294.206
294.372
294.526
294.621
302.964
303.015
302.755
302.105
301.008
299.557
297.98
296.535
295.411
294.675
294.284
294.131
294.095
294.091
294.092
294.131
294.235
294.38
294.517
294.608
302.963
303.029
302.804
302.213
301.184
299.785
298.224
296.758
295.587
294.795
294.355
294.171
294.126
294.128
294.137
294.17
294.259
294.385
294.508
294.597
302.961
303.042
302.854
302.329
301.38
300.046
298.512
297.029
295.807
294.949
294.448
294.221
294.157
294.159
294.175
294.202
294.279
294.388
294.499
294.588
302.959
303.055
302.905
302.45
301.593
300.341
298.848
297.355
296.08
295.147
294.571
294.287
294.191
294.184
294.205
294.229
294.295
294.39
294.492
294.58
302.956
303.066
302.954
302.573
301.82
300.668
299.237
297.746
296.419
295.402
294.736
294.378
294.235
294.209
294.226
294.252
294.308
294.393
294.487
294.573
302.951
303.075
302.999
302.694
302.053
301.023
299.677
298.208
296.838
295.731
294.96
294.507
294.299
294.24
294.247
294.272
294.321
294.396
294.484
294.568
302.946
303.082
303.038
302.806
302.284
301.394
300.165
298.747
297.35
296.156
295.266
294.696
294.397
294.286
294.273
294.293
294.334
294.401
294.483
294.565
302.939
303.086
303.07
302.905
302.502
301.768
300.687
299.36
297.969
296.7
295.685
294.975
294.554
294.361
294.309
294.318
294.35
294.409
294.485
294.563
302.931
303.088
303.095
302.987
302.696
302.125
301.223
300.033
298.695
297.385
296.253
295.387
294.81
294.493
294.369
294.35
294.371
294.421
294.49
294.563
302.923
303.088
303.112
303.049
302.855
302.444
301.74
300.736
299.514
298.219
297.003
295.983
295.222
294.733
294.483
294.4
294.398
294.438
294.499
294.565
302.914
303.086
303.122
303.092
302.975
302.704
302.201
301.42
300.383
299.184
297.952
296.815
295.866
295.161
294.718
294.506
294.444
294.461
294.511
294.568
302.904
303.083
303.127
303.119
303.056
302.896
302.573
302.026
301.23
300.218
299.073
297.904
296.815
295.891
295.196
294.763
294.554
294.493
294.527
294.572
302.895
303.079
303.128
303.134
303.105
303.022
302.839
302.502
301.965
301.212
300.269
299.2
298.087
297.017
296.078
295.355
294.893
294.638
294.55
294.578
302.885
303.074
303.128
303.14
303.131
303.093
303.004
302.825
302.515
302.037
301.377
300.545
299.576
298.524
297.465
296.501
295.746
295.228
294.786
294.586
302.876
303.069
303.126
303.143
303.142
303.128
303.091
303.011
302.86
302.609
302.229
301.701
301.019
300.188
299.233
298.225
297.294
296.594
296.094
294.66
302.866
303.063
303.124
303.143
303.147
303.143
303.129
303.099
303.038
302.929
302.753
302.488
302.115
301.616
300.974
300.188
299.321
298.532
297.947
296.943
302.857
303.058
303.121
303.143
303.148
303.148
303.144
303.134
303.113
303.074
303.006
302.9
302.741
302.517
302.212
301.811
301.318
300.804
300.455
300.496
302.849
303.053
303.118
303.142
303.148
303.149
303.148
303.145
303.139
303.126
303.104
303.067
303.01
302.927
302.812
302.659
302.467
302.246
302.016
301.874
302.841
303.047
303.116
303.141
303.148
303.149
303.149
303.149
303.146
303.142
303.134
303.121
303.1
303.07
303.027
302.972
302.901
302.815
302.708
302.593
302.833
303.043
303.113
303.14
303.148
303.149
303.15
303.149
303.149
303.147
303.143
303.137
303.127
303.11
303.086
303.053
303.007
302.945
302.857
302.739
302.826
303.038
303.11
303.139
303.147
303.149
303.15
303.15
303.149
303.149
303.147
303.143
303.136
303.124
303.105
303.076
303.031
302.966
302.875
302.749
302.82
303.034
303.108
303.138
303.147
303.149
303.15
303.15
303.15
303.149
303.148
303.146
303.141
303.132
303.116
303.089
303.047
302.981
302.887
302.753
302.814
303.03
303.106
303.137
303.147
303.149
303.15
303.15
303.15
303.15
303.149
303.147
303.144
303.137
303.124
303.1
303.059
302.994
302.897
302.756
302.809
303.027
303.104
303.136
303.146
303.149
303.15
303.15
303.15
303.15
303.149
303.148
303.146
303.14
303.129
303.107
303.069
303.004
302.905
302.759
302.805
303.024
303.102
303.135
303.146
303.149
303.15
303.15
303.15
303.15
303.15
303.149
303.147
303.142
303.133
303.113
303.077
303.012
302.912
302.761
302.801
303.021
303.1
303.135
303.146
303.149
303.15
303.15
303.15
303.15
303.15
303.149
303.148
303.144
303.136
303.118
303.083
303.02
302.917
302.764
302.798
303.019
303.099
303.134
303.146
303.149
303.15
303.15
303.15
303.15
303.15
303.149
303.148
303.145
303.138
303.122
303.088
303.026
302.922
302.766
302.795
303.017
303.097
303.133
303.145
303.149
303.15
303.15
303.15
303.15
303.15
303.15
303.149
303.146
303.14
303.125
303.093
303.031
302.927
302.768
302.793
303.015
303.096
303.133
303.145
303.149
303.15
303.15
303.15
303.15
303.15
303.15
303.149
303.147
303.141
303.127
303.097
303.036
302.93
302.77
302.792
303.014
303.095
303.132
303.145
303.149
303.15
303.15
303.15
303.15
303.15
303.15
303.149
303.147
303.142
303.129
303.1
303.039
302.934
302.771
302.791
303.013
303.095
303.132
303.145
303.149
303.15
303.15
303.15
303.15
303.15
303.15
303.149
303.147
303.143
303.131
303.102
303.042
302.936
302.773
302.79
303.012
303.094
303.132
303.145
303.149
303.15
303.15
303.15
303.15
303.15
303.15
303.149
303.148
303.143
303.132
303.104
303.045
302.939
302.774
302.789
303.012
303.094
303.132
303.145
303.149
303.15
303.15
303.15
303.15
303.15
303.15
303.149
303.148
303.144
303.133
303.106
303.047
302.941
302.776
302.789
303.012
303.094
303.132
303.145
303.149
303.15
303.15
303.15
303.15
303.15
303.15
303.149
303.148
303.144
303.134
303.107
303.049
302.943
302.777
302.79
303.012
303.094
303.132
303.145
303.149
303.15
303.15
303.15
303.15
303.15
303.15
303.149
303.148
303.145
303.134
303.108
303.051
302.945
302.779
302.79
303.012
303.094
303.132
303.145
303.149
303.15
303.15
303.15
303.15
303.15
303.15
303.15
303.148
303.145
303.135
303.109
303.053
302.947
302.78
302.791
303.012
303.094
303.132
303.145
303.149
303.15
303.15
303.15
303.15
303.15
303.15
303.15
303.148
303.145
303.135
303.11
303.054
302.949
302.781
302.792
303.013
303.094
303.132
303.145
303.149
303.15
303.15
303.15
303.15
303.15
303.15
303.15
303.148
303.145
303.136
303.111
303.056
302.95
302.782
302.793
303.013
303.094
303.132
303.145
303.149
303.15
303.15
303.15
303.15
303.15
303.15
303.15
303.149
303.145
303.136
303.112
303.057
302.952
302.784
302.795
303.014
303.094
303.132
303.145
303.149
303.15
303.15
303.15
303.15
303.15
303.15
303.15
303.149
303.145
303.136
303.113
303.058
302.954
302.785
302.796
303.014
303.095
303.132
303.145
303.149
303.15
303.15
303.15
303.15
303.15
303.15
303.15
303.149
303.146
303.137
303.113
303.06
302.955
302.786
302.797
303.015
303.095
303.132
303.145
303.149
303.15
303.15
303.15
303.15
303.15
303.15
303.15
303.149
303.146
303.137
303.114
303.061
302.956
302.787
302.799
303.016
303.095
303.132
303.145
303.149
303.15
303.15
303.15
303.15
303.15
303.15
303.15
303.149
303.146
303.137
303.114
303.061
302.957
302.788
302.8
303.017
303.096
303.132
303.145
303.149
303.15
303.15
303.15
303.15
303.15
303.15
303.15
303.149
303.146
303.137
303.115
303.062
302.958
302.789
302.802
303.017
303.096
303.133
303.145
303.149
303.15
303.15
303.15
303.15
303.15
303.15
303.15
303.149
303.146
303.137
303.115
303.063
302.959
302.79
302.804
303.018
303.097
303.133
303.145
303.149
303.15
303.15
303.15
303.15
303.15
303.15
303.15
303.149
303.146
303.138
303.115
303.063
302.96
302.791
302.805
303.019
303.097
303.133
303.145
303.149
303.15
303.15
303.15
303.15
303.15
303.15
303.15
303.149
303.146
303.138
303.116
303.064
302.962
302.792
302.807
303.02
303.098
303.133
303.145
303.149
303.15
303.15
303.15
303.15
303.15
303.15
303.15
303.149
303.146
303.138
303.116
303.065
302.963
302.794
302.809
303.021
303.098
303.133
303.146
303.149
303.15
303.15
303.15
303.15
303.15
303.15
303.15
303.149
303.146
303.138
303.116
303.066
302.964
302.795
302.81
303.022
303.099
303.134
303.146
303.149
303.15
303.15
303.15
303.15
303.15
303.15
303.15
303.149
303.146
303.138
303.117
303.066
302.965
302.797
302.812
303.023
303.099
303.134
303.146
303.149
303.15
303.15
303.15
303.15
303.15
303.15
303.15
303.149
303.146
303.139
303.117
303.067
302.966
302.798
302.814
303.024
303.1
303.134
303.146
303.149
303.15
303.15
303.15
303.15
303.15
303.15
303.15
303.149
303.146
303.139
303.118
303.068
302.967
302.8
302.816
303.025
303.1
303.134
303.146
303.149
303.15
303.15
303.15
303.15
303.15
303.15
303.15
303.149
303.147
303.139
303.118
303.069
302.968
302.801
302.817
303.026
303.101
303.135
303.146
303.149
303.15
303.15
303.15
303.15
303.15
303.15
303.15
303.149
303.147
303.139
303.119
303.069
302.969
302.803
302.819
303.027
303.102
303.135
303.146
303.149
303.15
303.15
303.15
303.15
303.15
303.15
303.15
303.149
303.147
303.139
303.119
303.07
302.971
302.804
302.821
303.028
303.102
303.135
303.146
303.149
303.15
303.15
303.15
303.15
303.15
303.15
303.15
303.149
303.147
303.14
303.119
303.071
302.972
302.806
302.823
303.029
303.103
303.135
303.146
303.149
303.15
303.15
303.15
303.15
303.15
303.15
303.15
303.149
303.147
303.14
303.12
303.072
302.973
302.808
302.825
303.03
303.103
303.135
303.146
303.149
303.15
303.15
303.15
303.15
303.15
303.15
303.15
303.149
303.147
303.14
303.12
303.072
302.974
302.81
302.827
303.031
303.104
303.136
303.146
303.149
303.15
303.15
303.15
303.15
303.15
303.15
303.15
303.149
303.147
303.14
303.121
303.073
302.975
302.812
302.828
303.032
303.104
303.136
303.146
303.149
303.15
303.15
303.15
303.15
303.15
303.15
303.15
303.149
303.147
303.14
303.121
303.074
302.976
302.814
302.83
303.033
303.105
303.136
303.146
303.149
303.15
303.15
303.15
303.15
303.15
303.15
303.15
303.149
303.147
303.14
303.121
303.074
302.977
302.816
302.832
303.034
303.105
303.136
303.146
303.149
303.15
303.15
303.15
303.15
303.15
303.15
303.15
303.149
303.147
303.141
303.122
303.075
302.978
302.818
302.834
303.035
303.106
303.137
303.147
303.149
303.15
303.15
303.15
303.15
303.15
303.15
303.15
303.149
303.147
303.141
303.122
303.076
302.979
302.82
302.836
303.036
303.107
303.137
303.147
303.149
303.15
303.15
303.15
303.15
303.15
303.15
303.15
303.149
303.147
303.141
303.122
303.077
302.981
302.822
302.838
303.037
303.107
303.137
303.147
303.149
303.15
303.15
303.15
303.15
303.15
303.15
303.15
303.149
303.147
303.141
303.123
303.077
302.982
302.824
302.84
303.039
303.108
303.137
303.147
303.149
303.15
303.15
303.15
303.15
303.15
303.15
303.15
303.149
303.147
303.141
303.123
303.078
302.983
302.826
302.842
303.04
303.109
303.138
303.147
303.149
303.15
303.15
303.15
303.15
303.15
303.15
303.15
303.149
303.147
303.141
303.124
303.079
302.984
302.828
302.844
303.041
303.109
303.138
303.147
303.149
303.15
303.15
303.15
303.15
303.15
303.15
303.15
303.149
303.147
303.141
303.124
303.08
302.986
302.83
302.846
303.042
303.11
303.138
303.147
303.149
303.15
303.15
303.15
303.15
303.15
303.15
303.15
303.149
303.148
303.142
303.124
303.081
302.987
302.832
302.848
303.043
303.111
303.138
303.147
303.149
303.15
303.15
303.15
303.15
303.15
303.15
303.15
303.149
303.148
303.142
303.125
303.082
302.989
302.834
302.85
303.044
303.111
303.139
303.147
303.149
303.15
303.15
303.15
303.15
303.15
303.15
303.15
303.149
303.148
303.142
303.125
303.083
302.99
302.835
302.852
303.046
303.112
303.139
303.147
303.149
303.15
303.15
303.15
303.15
303.15
303.15
303.15
303.149
303.148
303.142
303.126
303.084
302.992
302.837
302.854
303.047
303.113
303.139
303.147
303.149
303.15
303.15
303.15
303.15
303.15
303.15
303.15
303.149
303.148
303.142
303.126
303.085
302.994
302.838
302.856
303.048
303.113
303.14
303.147
303.149
303.15
303.15
303.15
303.15
303.15
303.15
303.15
303.149
303.148
303.142
303.127
303.086
302.995
302.839
302.858
303.049
303.114
303.14
303.148
303.149
303.15
303.15
303.15
303.15
303.15
303.15
303.15
303.149
303.148
303.143
303.127
303.087
302.997
302.839
302.86
303.051
303.115
303.14
303.148
303.15
303.15
303.15
303.15
303.15
303.15
303.15
303.15
303.149
303.148
303.143
303.128
303.088
303
302.84
302.862
303.052
303.115
303.14
303.148
303.15
303.15
303.15
303.15
303.15
303.15
303.15
303.15
303.149
303.148
303.143
303.128
303.089
303.002
302.84
302.864
303.053
303.116
303.14
303.148
303.15
303.15
303.15
303.15
303.15
303.15
303.15
303.15
303.149
303.148
303.143
303.128
303.09
303.005
302.84
302.866
303.054
303.116
303.141
303.148
303.15
303.15
303.15
303.15
303.15
303.15
303.15
303.15
303.149
303.148
303.143
303.129
303.091
303.008
302.839
302.868
303.055
303.117
303.141
303.148
303.15
303.15
303.15
303.15
303.15
303.15
303.15
303.15
303.149
303.148
303.143
303.129
303.093
303.012
302.838
302.871
303.056
303.117
303.141
303.148
303.15
303.15
303.15
303.15
303.15
303.15
303.15
303.15
303.15
303.148
303.144
303.13
303.094
303.016
302.837
302.873
303.058
303.118
303.141
303.148
303.15
303.15
303.15
303.15
303.15
303.15
303.15
303.15
303.15
303.148
303.144
303.13
303.095
303.02
302.836
302.875
303.059
303.118
303.141
303.148
303.15
303.15
303.15
303.15
303.15
303.15
303.15
303.15
303.15
303.148
303.144
303.131
303.096
303.024
302.836
302.877
303.06
303.119
303.142
303.148
303.15
303.15
303.15
303.15
303.15
303.15
303.15
303.15
303.15
303.148
303.144
303.131
303.097
303.027
302.837
302.879
303.061
303.119
303.142
303.148
303.15
303.15
303.15
303.15
303.15
303.15
303.15
303.15
303.15
303.148
303.144
303.131
303.098
303.029
302.838
302.881
303.062
303.12
303.142
303.148
303.15
303.15
303.15
303.15
303.15
303.15
303.15
303.15
303.15
303.148
303.144
303.132
303.099
303.031
302.84
302.884
303.063
303.12
303.142
303.148
303.15
303.15
303.15
303.15
303.15
303.15
303.15
303.15
303.15
303.148
303.145
303.132
303.1
303.032
302.843
302.886
303.064
303.121
303.142
303.148
303.15
303.15
303.15
303.15
303.15
303.15
303.15
303.15
303.15
303.149
303.145
303.133
303.101
303.033
302.845
302.888
303.065
303.121
303.142
303.148
303.15
303.15
303.15
303.15
303.15
303.15
303.15
303.15
303.15
303.149
303.145
303.133
303.102
303.035
302.847
302.89
303.066
303.122
303.143
303.148
303.15
303.15
303.15
303.15
303.15
303.15
303.15
303.15
303.15
303.149
303.145
303.134
303.103
303.036
302.85
302.892
303.067
303.122
303.143
303.148
303.15
303.15
303.15
303.15
303.15
303.15
303.15
303.15
303.15
303.149
303.145
303.134
303.104
303.038
302.853
302.895
303.069
303.123
303.143
303.148
303.15
303.15
303.15
303.15
303.15
303.15
303.15
303.15
303.15
303.149
303.145
303.134
303.104
303.039
302.855
302.897
303.07
303.123
303.143
303.148
303.15
303.15
303.15
303.15
303.15
303.15
303.15
303.15
303.15
303.149
303.146
303.135
303.105
303.04
302.858
302.899
303.071
303.124
303.143
303.149
303.15
303.15
303.15
303.15
303.15
303.15
303.15
303.15
303.15
303.149
303.146
303.135
303.106
303.042
302.86
302.901
303.072
303.124
303.143
303.149
303.15
303.15
303.15
303.15
303.15
303.15
303.15
303.15
303.15
303.149
303.146
303.135
303.107
303.043
302.863
302.903
303.073
303.125
303.144
303.149
303.15
303.15
303.15
303.15
303.15
303.15
303.15
303.15
303.15
303.149
303.146
303.136
303.108
303.045
302.866
302.905
303.074
303.125
303.144
303.149
303.15
303.15
303.15
303.15
303.15
303.15
303.15
303.15
303.15
303.149
303.146
303.136
303.108
303.046
302.869
302.907
303.075
303.126
303.144
303.149
303.15
303.15
303.15
303.15
303.15
303.15
303.15
303.15
303.15
303.149
303.146
303.136
303.109
303.048
302.871
302.909
303.076
303.126
303.144
303.149
303.15
303.15
303.15
303.15
303.15
303.15
303.15
303.15
303.15
303.149
303.146
303.137
303.11
303.049
302.874
302.911
303.077
303.127
303.144
303.149
303.15
303.15
303.15
303.15
303.15
303.15
303.15
303.15
303.15
303.149
303.146
303.137
303.111
303.051
302.877
302.913
303.078
303.127
303.144
303.149
303.15
303.15
303.15
303.15
303.15
303.15
303.15
303.15
303.15
303.149
303.146
303.137
303.112
303.052
302.88
302.915
303.079
303.128
303.145
303.149
303.15
303.15
303.15
303.15
303.15
303.15
303.15
303.15
303.15
303.149
303.147
303.138
303.112
303.054
302.882
302.917
303.08
303.128
303.145
303.149
303.15
303.15
303.15
303.15
303.15
303.15
303.15
303.15
303.15
303.149
303.147
303.138
303.113
303.055
302.885
302.919
303.081
303.129
303.145
303.149
303.15
303.15
303.15
303.15
303.15
303.15
303.15
303.15
303.15
303.149
303.147
303.138
303.114
303.056
302.888
302.921
303.082
303.129
303.145
303.149
303.15
303.15
303.15
303.15
303.15
303.15
303.15
303.15
303.15
303.149
303.147
303.139
303.115
303.058
302.891
302.923
303.083
303.13
303.145
303.149
303.15
303.15
303.15
303.15
303.15
303.15
303.15
303.15
303.15
303.149
303.147
303.139
303.115
303.059
302.894
302.925
303.085
303.131
303.146
303.149
303.15
303.15
303.15
303.15
303.15
303.15
303.15
303.15
303.15
303.149
303.147
303.139
303.116
303.061
302.897
302.927
303.086
303.131
303.146
303.149
303.15
303.15
303.15
303.15
303.15
303.15
303.15
303.15
303.15
303.149
303.147
303.14
303.117
303.062
302.9
302.929
303.087
303.132
303.146
303.149
303.15
303.15
303.15
303.15
303.15
303.15
303.15
303.15
303.15
303.149
303.147
303.14
303.118
303.064
302.903
302.932
303.088
303.132
303.146
303.149
303.15
303.15
303.15
303.15
303.15
303.15
303.15
303.15
303.15
303.149
303.147
303.14
303.119
303.065
302.906
302.934
303.089
303.133
303.146
303.149
303.15
303.15
303.15
303.15
303.15
303.15
303.15
303.15
303.15
303.149
303.148
303.141
303.119
303.067
302.909
302.936
303.091
303.133
303.146
303.149
303.15
303.15
303.15
303.15
303.15
303.15
303.15
303.15
303.15
303.149
303.148
303.141
303.12
303.069
302.912
302.939
303.092
303.134
303.147
303.149
303.15
303.15
303.15
303.15
303.15
303.15
303.15
303.15
303.15
303.149
303.148
303.141
303.121
303.07
302.915
302.942
303.093
303.134
303.147
303.149
303.15
303.15
303.15
303.15
303.15
303.15
303.15
303.15
303.15
303.15
303.148
303.142
303.122
303.072
302.918
302.944
303.094
303.135
303.147
303.149
303.15
303.15
303.15
303.15
303.15
303.15
303.15
303.15
303.15
303.15
303.148
303.142
303.123
303.073
302.921
302.947
303.095
303.135
303.147
303.149
303.15
303.15
303.15
303.15
303.15
303.15
303.15
303.15
303.15
303.15
303.148
303.142
303.124
303.075
302.924
302.95
303.096
303.136
303.147
303.15
303.15
303.15
303.15
303.15
303.15
303.15
303.15
303.15
303.15
303.15
303.148
303.143
303.124
303.077
302.927
302.954
303.097
303.136
303.147
303.15
303.15
303.15
303.15
303.15
303.15
303.15
303.15
303.15
303.15
303.15
303.148
303.143
303.125
303.078
302.93
302.957
303.098
303.136
303.147
303.15
303.15
303.15
303.15
303.15
303.15
303.15
303.15
303.15
303.15
303.15
303.148
303.143
303.126
303.08
302.933
302.961
303.098
303.136
303.147
303.15
303.15
303.15
303.15
303.15
303.15
303.15
303.15
303.15
303.15
303.15
303.148
303.144
303.127
303.081
302.936
302.964
303.099
303.136
303.147
303.15
303.15
303.15
303.15
303.15
303.15
303.15
303.15
303.15
303.15
303.15
303.149
303.144
303.128
303.083
302.939
302.967
303.099
303.137
303.148
303.15
303.15
303.15
303.15
303.15
303.15
303.15
303.15
303.15
303.15
303.15
303.149
303.144
303.129
303.085
302.943
302.97
303.1
303.137
303.148
303.15
303.15
303.15
303.15
303.15
303.15
303.15
303.15
303.15
303.15
303.15
303.149
303.145
303.13
303.087
302.946
302.972
303.101
303.138
303.148
303.15
303.15
303.15
303.15
303.15
303.15
303.15
303.15
303.15
303.15
303.15
303.149
303.145
303.131
303.088
302.949
302.972
303.102
303.138
303.148
303.15
303.15
303.15
303.15
303.15
303.15
303.15
303.15
303.15
303.15
303.15
303.149
303.145
303.132
303.09
302.952
302.973
303.103
303.139
303.148
303.15
303.15
303.15
303.15
303.15
303.15
303.15
303.15
303.15
303.15
303.15
303.149
303.146
303.133
303.092
302.956
302.972
303.105
303.139
303.148
303.15
303.15
303.15
303.15
303.15
303.15
303.15
303.15
303.15
303.15
303.15
303.149
303.146
303.134
303.095
302.959
302.972
303.107
303.14
303.148
303.15
303.15
303.15
303.15
303.15
303.15
303.15
303.15
303.15
303.15
303.15
303.149
303.146
303.135
303.097
302.962
300.047
300.055
300.057
300.058
300.057
300.056
300.054
300.052
300.051
300.05
300.041
300.007
299.902
299.669
299.293
298.859
298.52
298.395
298.487
298.688
300.045
300.054
300.056
300.057
300.058
300.057
300.055
300.054
300.053
300.052
300.047
300.017
299.912
299.673
299.289
298.855
298.53
298.424
298.527
298.726
300.044
300.052
300.055
300.056
300.057
300.057
300.056
300.055
300.053
300.053
300.049
300.019
299.911
299.664
299.276
298.85
298.544
298.459
298.571
298.765
300.042
300.051
300.054
300.055
300.056
300.056
300.056
300.055
300.054
300.053
300.048
300.015
299.9
299.645
299.256
298.843
298.561
298.498
298.618
298.807
300.041
300.05
300.052
300.054
300.055
300.055
300.055
300.054
300.054
300.053
300.047
300.008
299.883
299.617
299.228
298.832
298.579
298.541
298.67
298.85
300.04
300.049
300.051
300.053
300.054
300.054
300.054
300.054
300.053
300.053
300.044
299.998
299.859
299.58
299.191
298.818
298.6
298.588
298.724
298.894
300.039
300.048
300.05
300.052
300.053
300.053
300.053
300.053
300.053
300.052
300.04
299.983
299.827
299.534
299.15
298.805
298.624
298.639
298.781
298.938
300.039
300.047
300.05
300.051
300.052
300.053
300.053
300.053
300.053
300.051
300.033
299.963
299.788
299.481
299.105
298.794
298.654
298.695
298.839
298.983
300.038
300.046
300.049
300.051
300.052
300.052
300.053
300.053
300.053
300.048
300.023
299.937
299.74
299.421
299.06
298.787
298.69
298.755
298.898
299.026
300.037
300.046
300.049
300.051
300.051
300.052
300.052
300.052
300.051
300.043
300.008
299.904
299.684
299.357
299.016
298.788
298.733
298.818
298.957
299.066
300.036
300.045
300.048
300.05
300.051
300.051
300.051
300.051
300.048
300.035
299.988
299.861
299.619
299.289
298.978
298.797
298.782
298.882
299.015
299.104
300.035
300.044
300.047
300.049
300.05
300.05
300.049
300.047
300.042
300.023
299.96
299.809
299.546
299.221
298.946
298.816
298.838
298.948
299.069
299.137
300.033
300.042
300.046
300.047
300.047
300.047
300.045
300.041
300.033
300.005
299.923
299.747
299.468
299.156
298.925
298.845
298.898
299.013
299.119
299.165
300.031
300.04
300.043
300.044
300.043
300.041
300.037
300.03
300.018
299.979
299.876
299.674
299.385
299.097
298.916
298.885
298.962
299.074
299.162
299.185
300.027
300.036
300.039
300.039
300.037
300.033
300.025
300.014
299.997
299.944
299.818
299.592
299.303
299.049
298.922
298.933
299.027
299.131
299.198
299.195
300.022
300.03
300.032
300.031
300.027
300.019
300.008
299.992
299.967
299.898
299.747
299.504
299.224
299.014
298.941
298.989
299.09
299.179
299.222
299.194
300.014
300.022
300.022
300.019
300.012
300.001
299.984
299.96
299.926
299.84
299.666
299.411
299.154
298.995
298.973
299.048
299.147
299.216
299.233
299.179
300.004
300.011
300.009
300.002
299.991
299.975
299.952
299.919
299.875
299.769
299.574
299.319
299.097
298.993
299.016
299.106
299.193
299.238
299.228
299.146
299.991
299.995
299.99
299.98
299.964
299.941
299.909
299.867
299.811
299.687
299.477
299.234
299.057
299.008
299.065
299.157
299.226
299.242
299.204
299.094
299.973
299.975
299.966
299.95
299.928
299.897
299.856
299.803
299.734
299.593
299.377
299.16
299.034
299.034
299.112
299.196
299.238
299.225
299.157
299.019
299.95
299.949
299.935
299.913
299.882
299.842
299.791
299.727
299.646
299.492
299.282
299.101
299.029
299.068
299.152
299.217
299.228
299.182
299.085
298.92
299.921
299.915
299.895
299.866
299.827
299.777
299.715
299.64
299.549
299.389
299.194
299.059
299.038
299.101
299.177
299.213
299.19
299.113
298.987
298.795
299.886
299.874
299.847
299.809
299.76
299.7
299.628
299.544
299.445
299.287
299.121
299.035
299.054
299.125
299.181
299.183
299.124
299.016
298.864
298.643
299.842
299.824
299.789
299.742
299.684
299.614
299.533
299.442
299.341
299.194
299.065
299.025
299.07
299.134
299.159
299.123
299.031
298.894
298.716
298.468
299.79
299.765
299.721
299.665
299.598
299.521
299.433
299.34
299.241
299.114
299.026
299.026
299.08
299.122
299.108
299.035
298.913
298.751
298.549
298.272
299.73
299.697
299.645
299.581
299.506
299.423
299.333
299.242
299.151
299.051
299.005
299.031
299.078
299.085
299.033
298.926
298.778
298.594
298.368
298.062
299.661
299.621
299.562
299.491
299.411
299.326
299.238
299.154
299.077
299.009
298.997
299.034
299.059
299.027
298.937
298.804
298.636
298.433
298.182
297.847
299.585
299.539
299.474
299.399
299.317
299.234
299.153
299.081
299.022
298.986
298.999
299.031
299.023
298.953
298.835
298.682
298.499
298.277
298.001
297.636
299.503
299.453
299.384
299.308
299.229
299.152
299.082
299.026
298.988
298.979
299.006
299.019
298.974
298.874
298.739
298.576
298.379
298.138
297.836
297.44
299.419
299.366
299.297
299.224
299.151
299.085
299.03
298.991
298.973
298.986
299.012
298.998
298.923
298.807
298.666
298.497
298.288
298.026
297.696
297.269
299.335
299.283
299.217
299.15
299.087
299.035
298.997
298.976
298.976
299.001
299.014
298.973
298.884
298.768
298.629
298.455
298.232
297.947
297.588
297.13
299.254
299.207
299.148
299.09
299.04
299.003
298.982
298.978
298.992
299.018
299.012
298.956
298.87
298.766
298.631
298.451
298.212
297.904
297.514
297.023
299.181
299.142
299.092
299.046
299.011
298.99
298.985
298.994
299.014
299.032
299.011
298.957
298.892
298.804
298.671
298.481
298.225
297.892
297.47
296.947
299.12
299.09
299.052
299.02
299
298.993
299
299.018
299.037
299.043
299.017
298.987
298.949
298.871
298.736
298.535
298.262
297.904
297.451
296.895
299.071
299.054
299.028
299.01
299.004
299.009
299.024
299.043
299.058
299.052
299.038
299.044
299.03
298.956
298.813
298.602
298.312
297.931
297.449
296.86
299.039
299.034
299.021
299.015
299.02
299.033
299.051
299.066
299.071
299.061
299.08
299.125
299.122
299.043
298.894
298.673
298.369
297.966
297.456
296.836
299.021
299.03
299.028
299.032
299.044
299.061
299.076
299.082
299.077
299.077
299.143
299.218
299.213
299.126
298.971
298.743
298.427
298.006
297.47
296.819
299.019
299.039
299.047
299.058
299.073
299.088
299.095
299.088
299.076
299.102
299.227
299.314
299.297
299.202
299.043
298.811
298.485
298.047
297.488
296.808
299.03
299.06
299.073
299.087
299.101
299.109
299.105
299.085
299.073
299.144
299.326
299.403
299.369
299.27
299.11
298.875
298.543
298.091
297.51
296.801
299.052
299.089
299.104
299.117
299.125
299.123
299.107
299.078
299.077
299.211
299.426
299.478
299.431
299.33
299.171
298.936
298.6
298.137
297.535
296.799
299.082
299.123
299.137
299.144
299.144
299.13
299.104
299.074
299.094
299.303
299.512
299.537
299.485
299.385
299.229
298.996
298.657
298.185
297.565
296.802
299.118
299.16
299.169
299.168
299.157
299.133
299.102
299.082
299.139
299.402
299.583
299.586
299.532
299.436
299.284
299.054
298.715
298.235
297.599
296.81
299.157
299.197
299.198
299.188
299.167
299.137
299.108
299.11
299.212
299.482
299.64
299.626
299.574
299.482
299.335
299.11
298.773
298.288
297.637
296.822
299.197
299.233
299.225
299.206
299.177
299.147
299.131
299.166
299.301
299.594
299.68
299.662
299.613
299.526
299.385
299.166
298.832
298.343
297.677
296.837
299.237
299.267
299.251
299.224
299.193
299.17
299.177
299.25
299.417
299.682
299.712
299.695
299.65
299.568
299.434
299.221
298.891
298.399
297.72
296.855
299.277
299.301
299.276
299.246
299.219
299.212
299.249
299.353
299.526
299.717
299.741
299.726
299.684
299.608
299.481
299.274
298.95
298.456
297.765
296.874
299.315
299.333
299.304
299.275
299.258
299.273
299.338
299.458
299.615
299.749
299.768
299.753
299.715
299.645
299.525
299.326
299.008
298.515
297.811
296.896
299.352
299.366
299.336
299.313
299.311
299.347
299.429
299.551
299.684
299.777
299.791
299.777
299.743
299.679
299.566
299.376
299.065
298.573
297.859
296.919
299.387
299.399
299.372
299.358
299.372
299.424
299.515
299.628
299.736
299.8
299.81
299.798
299.767
299.709
299.605
299.424
299.121
298.632
297.909
296.944
299.421
299.433
299.412
299.409
299.436
299.499
299.59
299.689
299.774
299.82
299.827
299.816
299.789
299.736
299.64
299.469
299.175
298.69
297.958
296.97
299.452
299.468
299.455
299.462
299.499
299.566
299.652
299.737
299.803
299.835
299.84
299.83
299.806
299.76
299.672
299.511
299.227
298.747
298.009
296.997
299.482
299.503
299.498
299.513
299.557
299.625
299.703
299.774
299.825
299.847
299.85
299.841
299.821
299.781
299.701
299.55
299.277
298.803
298.059
297.025
299.509
299.537
299.54
299.562
299.609
299.674
299.744
299.803
299.841
299.856
299.857
299.85
299.833
299.798
299.727
299.586
299.324
298.858
298.109
297.053
299.534
299.57
299.579
299.607
299.654
299.715
299.777
299.824
299.853
299.862
299.862
299.856
299.842
299.813
299.75
299.62
299.368
298.911
298.158
297.081
299.556
299.6
299.616
299.646
299.693
299.749
299.802
299.841
299.861
299.866
299.864
299.859
299.849
299.825
299.77
299.65
299.41
298.961
298.206
297.109
299.574
299.629
299.65
299.682
299.726
299.777
299.822
299.853
299.866
299.867
299.865
299.861
299.853
299.835
299.787
299.677
299.449
299.01
298.252
297.137
299.588
299.654
299.68
299.713
299.754
299.799
299.838
299.861
299.869
299.867
299.864
299.861
299.856
299.842
299.801
299.701
299.485
299.055
298.297
297.164
299.598
299.677
299.707
299.739
299.778
299.818
299.85
299.867
299.87
299.866
299.862
299.86
299.857
299.847
299.813
299.722
299.518
299.098
298.34
297.19
299.604
299.696
299.731
299.763
299.798
299.833
299.859
299.871
299.87
299.863
299.859
299.857
299.856
299.85
299.822
299.741
299.547
299.139
298.381
297.215
299.605
299.712
299.752
299.783
299.815
299.845
299.866
299.873
299.868
299.86
299.855
299.854
299.854
299.851
299.83
299.757
299.575
299.176
298.419
297.238
299.602
299.725
299.77
299.8
299.829
299.855
299.871
299.874
299.866
299.856
299.851
299.849
299.851
299.851
299.836
299.771
299.599
299.21
298.455
297.259
299.593
299.734
299.785
299.815
299.842
299.863
299.875
299.874
299.863
299.852
299.847
299.845
299.847
299.85
299.84
299.783
299.621
299.242
298.488
297.278
299.58
299.74
299.798
299.828
299.852
299.87
299.878
299.873
299.861
299.848
299.842
299.84
299.842
299.848
299.842
299.793
299.64
299.27
298.517
297.294
299.561
299.743
299.808
299.839
299.861
299.875
299.879
299.872
299.858
299.844
299.839
299.835
299.837
299.845
299.844
299.801
299.657
299.296
298.544
297.308
299.538
299.743
299.817
299.849
299.868
299.88
299.881
299.871
299.855
299.841
299.835
299.83
299.831
299.841
299.844
299.808
299.672
299.319
298.567
297.319
299.51
299.74
299.823
299.857
299.874
299.883
299.881
299.87
299.853
299.839
299.833
299.826
299.825
299.836
299.843
299.813
299.685
299.339
298.587
297.326
299.478
299.734
299.827
299.863
299.88
299.886
299.882
299.868
299.851
299.837
299.831
299.822
299.819
299.831
299.841
299.817
299.696
299.356
298.603
297.33
299.443
299.725
299.83
299.869
299.885
299.889
299.883
299.867
299.849
299.836
299.83
299.818
299.813
299.825
299.838
299.819
299.705
299.37
298.616
297.33
299.404
299.713
299.831
299.873
299.889
299.891
299.883
299.867
299.849
299.836
299.83
299.814
299.807
299.819
299.835
299.821
299.713
299.382
298.625
297.327
299.362
299.699
299.83
299.876
299.892
299.893
299.883
299.866
299.849
299.837
299.831
299.811
299.801
299.813
299.831
299.821
299.718
299.391
298.63
297.32
299.319
299.682
299.827
299.879
299.895
299.895
299.884
299.866
299.85
299.839
299.833
299.808
299.795
299.806
299.827
299.821
299.722
299.398
298.632
297.308
299.273
299.664
299.823
299.881
299.897
299.896
299.884
299.867
299.851
299.842
299.835
299.806
299.789
299.799
299.822
299.82
299.725
299.402
298.631
297.293
299.227
299.643
299.818
299.881
299.899
299.898
299.885
299.867
299.853
299.845
299.838
299.804
299.783
299.793
299.817
299.818
299.726
299.403
298.626
297.274
299.18
299.622
299.811
299.881
299.901
299.899
299.886
299.868
299.855
299.849
299.841
299.802
299.777
299.786
299.811
299.815
299.726
299.403
298.617
297.252
299.134
299.598
299.804
299.881
299.902
299.901
299.887
299.87
299.858
299.853
299.843
299.801
299.772
299.779
299.805
299.812
299.725
299.4
298.606
297.225
299.089
299.574
299.795
299.879
299.904
299.902
299.888
299.871
299.861
299.857
299.846
299.799
299.767
299.772
299.799
299.808
299.723
299.395
298.591
297.195
299.044
299.549
299.785
299.877
299.904
299.903
299.89
299.873
299.865
299.861
299.848
299.798
299.762
299.765
299.793
299.803
299.72
299.388
298.574
297.162
299.002
299.524
299.774
299.875
299.905
299.905
299.891
299.875
299.868
299.864
299.85
299.796
299.756
299.758
299.786
299.798
299.715
299.38
298.555
297.126
298.961
299.498
299.762
299.871
299.905
299.906
299.892
299.878
299.872
299.868
299.853
299.794
299.752
299.751
299.779
299.793
299.71
299.371
298.533
297.088
298.922
299.473
299.75
299.868
299.905
299.907
299.894
299.88
299.875
299.872
299.855
299.793
299.747
299.745
299.772
299.787
299.705
299.36
298.51
297.048
298.886
299.447
299.737
299.863
299.905
299.908
299.896
299.882
299.878
299.876
299.859
299.792
299.742
299.738
299.765
299.781
299.698
299.348
298.486
297.006
298.853
299.422
299.724
299.858
299.904
299.909
299.897
299.884
299.881
299.88
299.863
299.791
299.737
299.731
299.758
299.775
299.692
299.336
298.461
296.963
298.822
299.398
299.71
299.853
299.903
299.91
299.899
299.886
299.883
299.886
299.867
299.791
299.733
299.724
299.751
299.768
299.684
299.323
298.435
296.92
298.793
299.373
299.695
299.847
299.902
299.911
299.901
299.888
299.886
299.889
299.87
299.791
299.729
299.718
299.744
299.761
299.677
299.31
298.409
296.878
298.767
299.35
299.681
299.84
299.901
299.912
299.903
299.89
299.888
299.892
299.871
299.791
299.725
299.711
299.736
299.754
299.669
299.296
298.383
296.836
298.743
299.327
299.666
299.834
299.899
299.913
299.905
299.892
299.89
299.894
299.87
299.789
299.72
299.704
299.729
299.747
299.661
299.283
298.357
296.795
298.721
299.305
299.651
299.826
299.897
299.914
299.906
299.894
299.892
299.897
299.87
299.786
299.715
299.697
299.721
299.74
299.653
299.27
298.332
296.756
298.701
299.284
299.636
299.818
299.895
299.914
299.908
299.896
299.894
299.899
299.868
299.782
299.709
299.69
299.714
299.733
299.646
299.257
298.308
296.718
298.682
299.262
299.62
299.81
299.892
299.914
299.91
299.898
299.896
299.901
299.866
299.777
299.703
299.683
299.706
299.726
299.638
299.246
298.286
296.684
298.665
299.241
299.604
299.801
299.888
299.914
299.911
299.9
299.898
299.902
299.863
299.772
299.696
299.675
299.699
299.719
299.631
299.235
298.266
296.653
298.649
299.22
299.588
299.792
299.884
299.914
299.913
299.903
299.9
299.903
299.859
299.766
299.689
299.667
299.691
299.712
299.625
299.225
298.248
296.626
298.634
299.199
299.571
299.781
299.879
299.912
299.914
299.905
299.902
299.904
299.855
299.76
299.682
299.659
299.683
299.706
299.619
299.217
298.233
296.603
298.621
299.178
299.553
299.769
299.874
299.91
299.914
299.907
299.905
299.905
299.851
299.753
299.674
299.651
299.676
299.699
299.613
299.21
298.22
296.585
298.608
299.157
299.535
299.756
299.866
299.908
299.914
299.909
299.907
299.905
299.846
299.746
299.666
299.643
299.668
299.693
299.609
299.204
298.211
296.572
298.597
299.136
299.515
299.742
299.858
299.904
299.914
299.91
299.909
299.905
299.841
299.738
299.658
299.635
299.661
299.688
299.606
299.201
298.205
296.565
298.586
299.115
299.495
299.726
299.848
299.899
299.912
299.911
299.91
299.904
299.835
299.729
299.649
299.626
299.653
299.683
299.603
299.2
298.202
296.563
298.576
299.094
299.473
299.709
299.837
299.893
299.91
299.911
299.911
299.901
299.827
299.72
299.639
299.617
299.646
299.679
299.602
299.2
298.203
296.568
298.567
299.074
299.45
299.69
299.824
299.885
299.906
299.91
299.91
299.897
299.819
299.71
299.629
299.608
299.639
299.675
299.603
299.203
298.208
296.578
298.558
299.053
299.427
299.67
299.809
299.875
299.901
299.907
299.908
299.891
299.809
299.7
299.619
299.6
299.633
299.672
299.604
299.209
298.217
296.595
298.551
299.032
299.403
299.648
299.792
299.864
299.894
299.903
299.905
299.883
299.798
299.688
299.608
299.591
299.626
299.67
299.608
299.217
298.23
296.617
298.544
299.012
299.378
299.625
299.774
299.851
299.885
299.897
299.899
299.873
299.785
299.675
299.597
299.581
299.62
299.669
299.613
299.227
298.246
296.645
298.537
298.992
299.353
299.601
299.754
299.836
299.874
299.889
299.891
299.861
299.771
299.661
299.585
299.572
299.615
299.669
299.619
299.24
298.266
296.678
298.532
298.973
299.327
299.575
299.732
299.819
299.861
299.879
299.881
299.846
299.755
299.646
299.573
299.563
299.61
299.671
299.628
299.255
298.289
296.716
298.528
298.954
299.301
299.549
299.708
299.8
299.846
299.865
299.868
299.83
299.737
299.631
299.561
299.554
299.606
299.673
299.639
299.272
298.315
296.758
298.524
298.936
299.276
299.522
299.683
299.778
299.828
299.85
299.852
299.811
299.717
299.614
299.548
299.545
299.602
299.677
299.651
299.292
298.343
296.804
298.522
298.919
299.25
299.494
299.656
299.755
299.808
299.831
299.833
299.789
299.696
299.596
299.534
299.536
299.6
299.683
299.666
299.314
298.374
296.853
298.521
298.903
299.225
299.465
299.628
299.729
299.785
299.81
299.812
299.766
299.673
299.577
299.52
299.528
299.598
299.691
299.682
299.337
298.407
296.904
298.521
298.888
299.2
299.436
299.599
299.702
299.76
299.786
299.787
299.74
299.649
299.558
299.507
299.52
299.597
299.7
299.7
299.362
298.44
296.956
298.522
298.874
299.175
299.407
299.569
299.673
299.732
299.759
299.76
299.711
299.623
299.537
299.493
299.513
299.598
299.711
299.72
299.388
298.474
297.008
298.524
298.862
299.152
299.378
299.538
299.642
299.703
299.73
299.73
299.681
299.596
299.516
299.479
299.506
299.6
299.723
299.742
299.413
298.506
297.06
298.528
298.851
299.129
299.349
299.506
299.61
299.671
299.698
299.698
299.649
299.568
299.495
299.465
299.5
299.604
299.738
299.764
299.439
298.537
297.109
298.533
298.841
299.107
299.32
299.473
299.576
299.637
299.664
299.663
299.615
299.539
299.474
299.452
299.495
299.609
299.754
299.787
299.463
298.565
297.156
298.539
298.832
299.086
299.291
299.44
299.541
299.602
299.629
299.627
299.58
299.509
299.452
299.439
299.491
299.617
299.773
299.811
299.484
298.589
297.198
298.547
298.825
299.067
299.263
299.407
299.506
299.565
299.591
299.589
299.544
299.479
299.431
299.426
299.489
299.626
299.793
299.834
299.503
298.607
297.235
298.556
298.82
299.048
299.235
299.374
299.47
299.527
299.552
299.55
299.507
299.45
299.41
299.415
299.488
299.638
299.814
299.856
299.517
298.619
297.265
298.566
298.815
299.031
299.208
299.341
299.433
299.488
299.513
299.51
299.471
299.42
299.39
299.406
299.49
299.652
299.837
299.876
299.525
298.623
297.288
298.578
298.813
299.015
299.183
299.309
299.396
299.45
299.473
299.47
299.434
299.392
299.372
299.397
299.494
299.669
299.861
299.894
299.527
298.618
297.303
298.59
298.811
299.001
299.158
299.277
299.36
299.411
299.433
299.431
299.399
299.365
299.355
299.391
299.501
299.689
299.886
299.907
299.52
298.603
297.308
298.604
298.811
298.988
299.135
299.247
299.325
299.373
299.393
299.392
299.365
299.34
299.339
299.387
299.511
299.712
299.911
299.916
299.504
298.577
297.304
298.619
298.813
298.977
299.114
299.218
299.291
299.336
299.356
299.354
299.333
299.317
299.326
299.386
299.524
299.738
299.935
299.919
299.477
298.539
297.29
298.634
298.816
298.968
299.094
299.19
299.259
299.301
299.32
299.319
299.304
299.296
299.316
299.389
299.542
299.768
299.959
299.914
299.438
298.488
297.266
298.651
298.82
298.96
299.076
299.165
299.229
299.268
299.286
299.287
299.277
299.278
299.309
299.395
299.566
299.8
299.98
299.9
299.385
298.424
297.231
298.668
298.825
298.954
299.061
299.143
299.201
299.238
299.255
299.258
299.255
299.264
299.305
299.407
299.594
299.836
299.997
299.875
299.318
298.346
297.185
298.687
298.832
298.95
299.048
299.123
299.176
299.211
299.228
299.233
299.235
299.253
299.306
299.424
299.629
299.873
300.008
299.836
299.234
298.254
297.13
298.706
298.841
298.948
299.037
299.106
299.155
299.187
299.205
299.212
299.22
299.247
299.311
299.448
299.671
299.912
300.012
299.782
299.133
298.149
297.065
298.725
298.85
298.949
299.029
299.092
299.137
299.168
299.186
299.195
299.21
299.244
299.323
299.481
299.719
299.951
300.005
299.71
299.014
298.03
296.992
298.745
298.861
298.951
299.024
299.081
299.124
299.153
299.171
299.183
299.203
299.247
299.343
299.524
299.774
299.987
299.983
299.617
298.876
297.898
296.91
298.766
298.873
298.955
299.021
299.074
299.113
299.142
299.16
299.175
299.201
299.256
299.372
299.577
299.835
300.016
299.942
299.5
298.719
297.756
296.821
298.787
298.886
298.961
299.022
299.07
299.107
299.134
299.154
299.172
299.204
299.273
299.414
299.643
299.9
300.033
299.878
299.359
298.544
297.604
296.726
298.808
298.9
298.969
299.024
299.069
299.104
299.131
299.152
299.173
299.213
299.3
299.47
299.722
299.964
300.032
299.784
299.19
298.352
297.443
296.626
298.829
298.914
298.978
299.03
299.072
299.105
299.132
299.153
299.178
299.23
299.342
299.545
299.811
300.021
300.006
299.657
298.993
298.143
297.275
296.522
298.85
298.93
298.989
299.037
299.077
299.109
299.136
299.158
299.19
299.259
299.404
299.64
299.908
300.062
299.944
299.492
298.769
297.922
297.104
296.415
298.87
298.946
299.001
299.047
299.084
299.116
299.143
299.169
299.211
299.307
299.491
299.757
300.005
300.075
299.839
299.285
298.519
297.691
296.931
296.307
298.89
298.963
299.015
299.058
299.095
299.127
299.157
299.189
299.25
299.382
299.611
299.891
300.089
300.046
299.681
299.038
298.249
297.456
296.759
296.198
298.91
298.98
299.031
299.073
299.11
299.145
299.18
299.224
299.316
299.497
299.766
300.034
300.143
299.959
299.464
298.753
297.965
297.221
296.59
296.091
298.93
299
299.05
299.094
299.135
299.177
299.222
299.288
299.426
299.664
299.956
300.168
300.141
299.799
299.189
298.439
297.676
296.991
296.425
295.987
298.959
299.031
299.085
299.134
299.184
299.237
299.302
299.405
299.604
299.892
300.165
300.261
300.058
299.558
298.864
298.106
297.39
296.77
296.267
295.886
299.04
299.116
299.173
299.227
299.288
299.36
299.454
299.607
299.869
300.172
300.355
300.268
299.87
299.24
298.503
297.773
297.116
296.559
296.118
295.789
299.234
299.303
299.351
299.405
299.474
299.566
299.697
299.909
300.213
300.458
300.46
300.146
299.574
298.864
298.133
297.452
296.855
296.362
295.979
295.697
299.745
299.659
299.634
299.669
299.742
299.856
300.04
300.318
300.602
300.668
300.409
299.877
299.193
298.467
297.773
297.147
296.613
296.18
295.849
295.611
300.751
300.227
300.039
300.058
300.164
300.346
300.603
300.876
300.943
300.686
300.162
299.492
298.775
298.075
297.43
296.864
296.391
296.013
295.73
295.531
301.707
300.788
300.586
300.654
300.804
301.001
301.197
301.232
300.945
300.419
299.762
299.061
298.361
297.703
297.114
296.608
296.191
295.862
295.621
295.456
301.981
301.179
301.252
301.318
301.416
301.519
301.487
301.175
300.654
300.026
299.337
298.639
297.972
297.362
296.828
296.376
296.01
295.726
295.522
295.388
302.227
301.984
302.246
301.872
301.808
301.709
301.399
300.921
300.308
299.626
298.926
298.247
297.616
297.054
296.57
296.168
295.847
295.603
295.433
295.326
302.38
302.345
302.386
302.071
301.936
301.668
301.223
300.625
299.945
299.237
298.541
297.885
297.292
296.773
296.336
295.979
295.7
295.493
295.354
295.27
302.477
302.423
302.428
302.207
301.876
301.492
300.938
300.283
299.579
298.867
298.183
297.553
296.995
296.518
296.124
295.808
295.566
295.393
295.283
295.218
302.522
302.465
302.439
302.185
301.707
301.214
300.624
299.949
299.233
298.522
297.851
297.248
296.725
296.286
295.93
295.652
295.444
295.301
295.216
295.171
302.551
302.488
302.412
302.072
301.573
301.018
300.369
299.652
298.915
298.201
297.545
296.968
296.477
296.074
295.754
295.509
295.332
295.215
295.154
295.126
302.565
302.489
302.253
301.915
301.437
300.832
300.128
299.372
298.616
297.903
297.262
296.71
296.25
295.88
295.592
295.377
295.228
295.136
295.095
295.077
302.607
302.468
302.217
301.831
301.306
300.645
299.892
299.104
298.334
297.624
297
296.473
296.043
295.703
295.444
295.257
295.132
295.062
295.041
295.037
302.667
302.524
302.215
301.773
301.181
300.462
299.664
298.848
298.069
297.365
296.758
296.255
295.852
295.541
295.309
295.147
295.045
294.997
294.985
295
302.7
302.529
302.204
301.708
301.057
300.284
299.446
298.606
297.819
297.123
296.534
296.054
295.678
295.392
295.186
295.047
294.967
294.937
294.937
294.971
302.715
302.534
302.178
301.637
300.934
300.112
299.237
298.377
297.586
296.898
296.326
295.87
295.518
295.257
295.073
294.956
294.897
294.873
294.89
294.948
302.729
302.537
302.151
301.568
300.815
299.948
299.039
298.16
297.366
296.688
296.134
295.699
295.371
295.132
294.97
294.874
294.831
294.817
294.848
294.93
302.742
302.54
302.126
301.501
300.702
299.792
298.851
297.956
297.16
296.492
295.956
295.542
295.235
295.018
294.877
294.8
294.763
294.759
294.806
294.92
302.755
302.543
302.104
301.44
300.596
299.644
298.674
297.764
296.967
296.309
295.79
295.396
295.111
294.914
294.792
294.733
294.704
294.707
294.77
294.916
302.767
302.55
302.086
301.385
300.498
299.507
298.508
297.583
296.787
296.138
295.636
295.262
294.996
294.818
294.714
294.664
294.642
294.655
294.738
294.917
302.779
302.558
302.073
301.337
300.409
299.38
298.354
297.416
296.619
295.98
295.493
295.137
294.89
294.73
294.643
294.6
294.584
294.606
294.71
294.922
302.791
302.569
302.065
301.297
300.33
299.264
298.212
297.261
296.464
295.834
295.362
295.022
294.792
294.65
294.578
294.541
294.53
294.562
294.685
294.932
302.803
302.581
302.061
301.263
300.259
299.159
298.081
297.118
296.32
295.699
295.24
294.916
294.701
294.575
294.519
294.488
294.48
294.52
294.663
294.943
)
;

boundaryField
{
    wall
    {
        type            zeroGradient;
    }
    inlet
    {
        type            fixedValue;
        value           uniform 303.15;
    }
    outlet
    {
        type            inletOutlet;
        inletValue      uniform 300;
        value           nonuniform List<scalar> 
20
(
300.055
300.061
300
300
300
300
300
300
300
300
300
300
300.002
300.006
300.011
300.016
300.024
300.035
300.04
300.005
)
;
    }
    heatWall
    {
        type            fixedGradient;
        gradient        uniform -1500;
    }
}


// ************************************************************************* //
