/*--------------------------------*- C++ -*----------------------------------*\
  =========                 |
  \\      /  F ield         | OpenFOAM: The Open Source CFD Toolbox
   \\    /   O peration     | Website:  https://openfoam.org
    \\  /    A nd           | Version:  8
     \\/     M anipulation  |
\*---------------------------------------------------------------------------*/
FoamFile
{
    version     2.0;
    format      ascii;
    class       volScalarField;
    location    "800";
    object      alphat;
}
// * * * * * * * * * * * * * * * * * * * * * * * * * * * * * * * * * * * * * //

dimensions      [1 -1 -1 0 0 0 0];

internalField   nonuniform List<scalar> 
8400
(
0.0705312
0.0698737
0.0691582
0.0684279
0.0677968
0.0672091
0.0666521
0.0662073
0.0659381
0.0658302
0.0658403
0.0659447
0.0661484
0.0665132
0.0672698
0.0690851
0.073049
0.0789644
0.082826
0.0810612
0.0777498
0.0756975
0.0745918
0.0736147
0.0725685
0.0714313
0.0702984
0.0697202
0.0697657
0.0699543
0.0701534
0.0703292
0.0704326
0.0704422
0.0703357
0.0700294
0.0694945
0.0689641
0.0684328
0.0679015
0.0673727
0.0668466
0.06632
0.0657929
0.0652683
0.0647473
0.0642275
0.0637097
0.0631954
0.062682
0.0588851
0.058671
0.0589209
0.0592962
0.0594954
0.0596094
0.0596852
0.059724
0.0596989
0.0596217
0.0594785
0.0591736
0.0584759
0.0567952
0.0531302
0.0479526
0.0455998
0.0473686
0.0489983
0.0490148
0.0481091
0.0467129
0.0440913
0.0416698
0.0405573
0.0405542
0.0406576
0.0406883
0.0408437
0.0408981
0.0409017
0.0408856
0.0408307
0.0407346
0.0405993
0.0404939
0.04047
0.0403259
0.0400932
0.0397889
0.0394352
0.0390431
0.0386279
0.0382054
0.0377814
0.0373698
0.0369827
0.0366297
0.0363247
0.0360832
0.0611228
0.0610558
0.0609644
0.0609272
0.0611181
0.0614851
0.0615471
0.0611275
0.0606794
0.060357
0.060161
0.0600418
0.0599529
0.0598578
0.0597155
0.0595055
0.0593608
0.0591455
0.0581372
0.0442501
0.0300584
0.0366221
0.0364514
0.0347435
0.0344117
0.0348922
0.0350887
0.0352736
0.0354136
0.0353818
0.0353324
0.0352893
0.0352389
0.035192
0.0351524
0.0351725
0.0352551
0.0352871
0.0352813
0.035249
0.0351994
0.0351406
0.0350814
0.0350285
0.0349836
0.0349505
0.034931
0.034924
0.0349291
0.0349444
0.0611743
0.0610981
0.061033
0.0610089
0.0610196
0.061043
0.061036
0.0609936
0.0609264
0.060848
0.0607681
0.0606894
0.0606103
0.0605259
0.0604368
0.060366
0.0602281
0.0600621
0.05975
0.0584225
0.0540894
0.0516468
0.0492808
0.0361455
0.0269806
0.033839
0.0346158
0.0348041
0.0345504
0.0345354
0.0343933
0.0343162
0.0342652
0.0342366
0.0342304
0.0342778
0.0343689
0.0344334
0.034477
0.0345047
0.0345198
0.0345289
0.0345359
0.0345437
0.0345515
0.0345606
0.0345726
0.0345841
0.0345963
0.0346096
0.0612092
0.0611813
0.0611527
0.0611238
0.0610937
0.0610627
0.0610302
0.0609969
0.0609623
0.0609268
0.0608906
0.060854
0.0608185
0.0607837
0.06074
0.0606659
0.0605769
0.0604664
0.0603144
0.0599793
0.0589564
0.0575791
0.055889
0.0524307
0.0478168
0.0454605
0.0333513
0.0302757
0.0346509
0.0351015
0.0348072
0.0346221
0.034552
0.0345064
0.0344898
0.0345268
0.0346014
0.0346648
0.03472
0.0347685
0.034812
0.0348548
0.0348963
0.0349376
0.0349803
0.0350223
0.0350645
0.0351052
0.0351439
0.03518
0.0612052
0.0611723
0.0611388
0.0611053
0.0610704
0.0610354
0.060999
0.0609611
0.0609222
0.0608828
0.0608426
0.0608024
0.0607623
0.0607189
0.0606811
0.0606415
0.0605956
0.0605368
0.0604553
0.060317
0.0599803
0.0593726
0.0584545
0.0568622
0.0544553
0.052005
0.0474892
0.0458156
0.0356241
0.0308916
0.0365941
0.0352228
0.0353103
0.0352769
0.0352831
0.0353354
0.0354165
0.0355074
0.0356043
0.0357089
0.0358195
0.0359377
0.036063
0.0361927
0.036329
0.0364679
0.0366077
0.0367482
0.0368863
0.0370189
0.0612021
0.0611661
0.0611297
0.0610925
0.0610542
0.0610149
0.0609742
0.0609326
0.0608895
0.0608465
0.0608029
0.0607598
0.060712
0.0606688
0.0606272
0.0605874
0.0605478
0.0605057
0.0604548
0.060381
0.0602358
0.0599519
0.0594632
0.0586224
0.0572577
0.0555126
0.0529145
0.0508109
0.046921
0.0468149
0.0278946
0.034832
0.0360718
0.0360843
0.0361627
0.0362521
0.036354
0.0364874
0.0366412
0.0368128
0.0369989
0.0371973
0.0374077
0.0376252
0.0378491
0.0380767
0.0383043
0.0385297
0.0387506
0.0389623
0.0611956
0.0611519
0.0611074
0.061062
0.0610157
0.0609689
0.0609212
0.0608717
0.0608215
0.0607711
0.0607193
0.0606645
0.0606166
0.0605717
0.0605305
0.0604944
0.0604619
0.0604299
0.0603952
0.0603505
0.0602748
0.0601276
0.0598554
0.0593722
0.0585504
0.0573676
0.0556758
0.0538547
0.051386
0.049852
0.0438975
0.0366703
0.0343387
0.0367548
0.0368028
0.0369219
0.0370524
0.0372261
0.0374275
0.0376492
0.037887
0.0381346
0.0383901
0.0386473
0.0389049
0.0391579
0.0394019
0.0396355
0.0398556
0.0400567
0.061186
0.0611315
0.0610765
0.0610196
0.0609615
0.0609
0.0608394
0.0607788
0.0607172
0.0606503
0.0605879
0.0605324
0.0604823
0.0604392
0.0604019
0.0603699
0.0603433
0.0603206
0.0602989
0.0602728
0.0602306
0.0601479
0.0599872
0.0596903
0.0591649
0.0583509
0.0571702
0.0557273
0.0539235
0.0522669
0.0492935
0.0457175
0.0425539
0.0344263
0.0370256
0.0371805
0.0373535
0.0375671
0.0378042
0.0380586
0.0383246
0.0385891
0.0388516
0.0391052
0.039345
0.0395663
0.039763
0.0399323
0.0400687
0.0401691
0.061169
0.0610943
0.061018
0.0609416
0.0608606
0.0607761
0.0606864
0.0605927
0.0605006
0.0604204
0.060349
0.0602934
0.0602523
0.0602242
0.0602066
0.060196
0.0601881
0.0601817
0.0601746
0.0601645
0.0601443
0.0600976
0.0599992
0.0598055
0.0594489
0.0588679
0.0580018
0.0568695
0.0554659
0.0539919
0.0520206
0.0497557
0.047887
0.0467537
0.0338808
0.0369617
0.0371904
0.0374753
0.0377656
0.0380538
0.0383404
0.038618
0.0388809
0.0391234
0.0393399
0.0395231
0.039662
0.039754
0.0397852
0.0397549
0.061132
0.0610121
0.0608907
0.0607694
0.0606403
0.0605005
0.0603503
0.0601989
0.0600594
0.0599598
0.0599034
0.0598932
0.0599098
0.0599312
0.0599538
0.0599767
0.0599976
0.0600154
0.0600283
0.060036
0.0600345
0.0600121
0.0599505
0.059818
0.0595613
0.0591257
0.0584609
0.0575567
0.0564256
0.0551712
0.0536836
0.0520727
0.05063
0.0496622
0.0460761
0.0407494
0.0362763
0.0369838
0.0373239
0.0376394
0.0379409
0.0382377
0.0385262
0.0387869
0.0390128
0.0392014
0.0393387
0.039436
0.0394559
0.0393832
0.0609881
0.0606949
0.0605114
0.060316
0.060151
0.0603604
0.0602456
0.0596267
0.0592236
0.0591854
0.0593026
0.0594307
0.0595354
0.0596303
0.0597179
0.0597763
0.0598141
0.0598483
0.0598795
0.0599013
0.0599136
0.0599099
0.0598725
0.0597758
0.0595788
0.0592342
0.0586998
0.0579571
0.0570212
0.0559622
0.0547789
0.0535613
0.0524524
0.0515519
0.0498697
0.0470731
0.0428785
0.0393201
0.0375263
0.0370623
0.037171
0.037459
0.0377978
0.0381301
0.0384251
0.0386805
0.0388868
0.0390459
0.0391372
0.0391447
0.0597953
0.0593625
0.0590577
0.0587777
0.0585714
0.0584802
0.0584673
0.0585013
0.0585988
0.0587447
0.0589085
0.0590726
0.0592257
0.0593608
0.0594729
0.0595625
0.0596318
0.059691
0.0597367
0.0597741
0.0598012
0.0598105
0.0597869
0.0597024
0.0595391
0.0592508
0.0588001
0.0581707
0.05738
0.0564839
0.055523
0.0545805
0.0537319
0.0529698
0.0518646
0.0501404
0.0474994
0.0441263
0.0409873
0.0388269
0.0376774
0.0372338
0.0372065
0.0373928
0.0376676
0.0379681
0.0382544
0.038503
0.0386973
0.0388262
0.0583912
0.0581427
0.058002
0.0579523
0.0579795
0.0580786
0.0582045
0.058335
0.0584653
0.0585956
0.0587328
0.0588729
0.0590095
0.0591399
0.0592602
0.0593657
0.0594556
0.0595326
0.0595944
0.0596435
0.0596804
0.0596982
0.0596829
0.0596177
0.0594819
0.0592315
0.0587736
0.0582481
0.0575742
0.0568156
0.0560349
0.0553037
0.0546532
0.0540167
0.0531458
0.0518613
0.0500162
0.0475672
0.0447976
0.0421883
0.0401124
0.0386912
0.037857
0.0374669
0.037375
0.0374674
0.0376595
0.037891
0.0381225
0.0383298
0.0579463
0.0579295
0.0579653
0.0580365
0.0581312
0.0582304
0.058328
0.0584227
0.0585141
0.058608
0.0587047
0.0588056
0.0589085
0.0590117
0.0591136
0.0592104
0.059299
0.0593779
0.0594461
0.0595016
0.0595416
0.0595624
0.0595523
0.059496
0.0593758
0.059157
0.0587818
0.0582801
0.0575758
0.0569975
0.0563841
0.0558264
0.0553185
0.0547669
0.0540063
0.0529282
0.0514741
0.0496303
0.0474764
0.0451983
0.0430334
0.0411791
0.039738
0.0387203
0.0380746
0.0377242
0.0375899
0.037601
0.0377016
0.0378497
0.0579766
0.0580245
0.0580867
0.0581553
0.0582251
0.0582945
0.0583637
0.0584332
0.0585048
0.0585795
0.0586558
0.0587345
0.0588157
0.0588983
0.0589812
0.0590625
0.059141
0.0592138
0.0592778
0.0593308
0.0593696
0.0593881
0.0593786
0.0593276
0.0592207
0.059031
0.058723
0.0583032
0.0577056
0.0569461
0.0565952
0.0561975
0.0557828
0.0552732
0.0545616
0.053596
0.0523648
0.0508779
0.0491708
0.0473167
0.0454254
0.0436205
0.0420095
0.0406618
0.039604
0.0388257
0.0382933
0.0379626
0.0377884
0.0377284
0.0579416
0.0579753
0.0580118
0.0580518
0.0580944
0.058141
0.0581918
0.0582474
0.0583084
0.0583732
0.0584417
0.0585134
0.0585872
0.0586625
0.0587386
0.0588135
0.0588861
0.0589537
0.0590147
0.0590653
0.0591022
0.0591207
0.0591149
0.0590737
0.0589858
0.0588347
0.0585992
0.0582748
0.0578189
0.0569553
0.0566538
0.0564446
0.0560682
0.0555583
0.0548621
0.0539636
0.0528733
0.0516111
0.0502016
0.04868
0.047098
0.0455191
0.0440102
0.0426305
0.0414237
0.0404119
0.039598
0.0389706
0.0385091
0.0381876
0.0575806
0.0575785
0.0575794
0.0575855
0.0575977
0.0576181
0.0576469
0.0576859
0.057734
0.0577901
0.0578539
0.0579241
0.057999
0.0580778
0.0581585
0.0582396
0.0583199
0.0583959
0.0584661
0.0585282
0.0585791
0.0586144
0.0586307
0.058621
0.0585783
0.0584931
0.0583541
0.0581533
0.0578566
0.0571871
0.0564579
0.0565461
0.0561763
0.0556417
0.0549432
0.0540866
0.0530905
0.0519753
0.0507627
0.0494765
0.048147
0.0468069
0.0454932
0.044244
0.0430919
0.0420602
0.0411632
0.0404061
0.0397852
0.0392912
0.0567037
0.0566486
0.056597
0.056551
0.0565146
0.0564893
0.0564773
0.0564799
0.0564968
0.0565287
0.0565745
0.0566334
0.056704
0.0567847
0.0568738
0.0569696
0.0570701
0.0571737
0.0572784
0.0573816
0.0574813
0.0575753
0.0576611
0.0577354
0.057795
0.0578354
0.0578516
0.0578355
0.0577602
0.0574195
0.0561877
0.0564219
0.0560798
0.0555384
0.0548422
0.054018
0.0530906
0.05208
0.0510082
0.0498972
0.0487687
0.0476446
0.0465484
0.0455032
0.0445287
0.0436407
0.0428514
0.0421677
0.0415905
0.0411171
0.073492
0.0727252
0.0719401
0.0711267
0.0702838
0.0694145
0.0685247
0.0676238
0.0667235
0.0658353
0.0649711
0.0641414
0.0633559
0.0626224
0.061947
0.0613332
0.060783
0.0602974
0.0598745
0.0595117
0.0592052
0.0589503
0.0587425
0.0585764
0.0584471
0.0583482
0.0582704
0.058197
0.0580899
0.0576173
0.0572708
0.0573244
0.0573591
0.0572797
0.0570877
0.0567973
0.0564286
0.0560029
0.055541
0.0550616
0.0545836
0.0541264
0.0537093
0.05335
0.0530642
0.052865
0.0527613
0.0527576
0.0528517
0.0530328
0.00545354
0.0054572
0.00546586
0.00543601
0.00539232
0.00535289
0.00532071
0.00529183
0.00526378
0.00523712
0.0052134
0.00519345
0.00517702
0.00516315
0.00515057
0.00513786
0.00512364
0.00510674
0.0050863
0.00506183
0.00501149
0.00497708
0.00494226
0.00489875
0.00486378
0.00483526
0.00482131
0.00480577
0.00479205
0.00478183
0.00477527
0.00477156
0.00476925
0.00476684
0.00476293
0.00475628
0.00474589
0.00473108
0.00471156
0.00468744
0.00465775
0.00462412
0.00458858
0.00455306
0.00451968
0.00449058
0.00446735
0.00445009
0.00443597
0.00441943
0.00538275
0.00523228
0.00512957
0.00503682
0.00493522
0.00482473
0.00471333
0.00460817
0.00451255
0.00442715
0.00435159
0.00428496
0.00422577
0.00417184
0.00412052
0.00406907
0.00401515
0.00395716
0.00389571
0.00382966
0.00372641
0.00363114
0.00355713
0.0153445
0.0155045
0.0155704
0.015535
0.0155299
0.0155657
0.0156329
0.0157164
0.0158023
0.0158794
0.015939
0.0159745
0.015981
0.0159553
0.0158965
0.0158055
0.0156854
0.0155491
0.0154016
0.0152497
0.0151019
0.0149666
0.0148527
0.0147718
0.0147375
0.0147494
0.0147596
0.00540686
0.00528719
0.00516146
0.00504401
0.00493007
0.00481616
0.00470369
0.00459615
0.00449623
0.00440504
0.00432249
0.00424772
0.00417933
0.0041155
0.0040542
0.0039934
0.00393141
0.00386752
0.00378191
0.0159741
0.0156886
0.0154769
0.0153023
0.0151587
0.0150341
0.0149274
0.0148382
0.0147702
0.0147219
0.0146893
0.0146664
0.0146467
0.0146238
0.0145918
0.0145458
0.0144827
0.0144001
0.0142971
0.0141742
0.0140337
0.0138798
0.013718
0.0135554
0.013399
0.0132535
0.0131206
0.0130013
0.012906
0.0128686
0.0129435
0.00539483
0.00529529
0.00517817
0.00505766
0.00493922
0.00482339
0.00471087
0.00460353
0.00450336
0.0044116
0.00432841
0.00425304
0.00418409
0.00411974
0.0040579
0.00399659
0.00393412
0.00386983
0.00378452
0.0159928
0.0156989
0.0154851
0.0153094
0.0151558
0.0150203
0.0149036
0.0148062
0.0147279
0.0146665
0.0146179
0.0145771
0.0145378
0.0144942
0.0144409
0.0143736
0.0142887
0.0141844
0.0140602
0.0139172
0.0137581
0.0135869
0.0134089
0.0132312
0.013062
0.0129094
0.0127769
0.0126578
0.0125374
0.0124213
0.0123953
0.00538764
0.00528899
0.00517971
0.00506213
0.0049428
0.00482514
0.00471127
0.00460306
0.0045022
0.00440984
0.00432619
0.00425058
0.00418162
0.00411743
0.00405586
0.00399486
0.00393269
0.00386868
0.00378382
0.0159888
0.0156987
0.015486
0.0153098
0.0151553
0.0150189
0.0149011
0.0148025
0.0147226
0.0146586
0.0146068
0.0145621
0.0145183
0.0144698
0.0144113
0.0143387
0.014249
0.0141406
0.0140131
0.013868
0.013708
0.0135371
0.0133599
0.0131819
0.0130094
0.0128514
0.0127185
0.012616
0.0125281
0.0124233
0.0123536
0.00538882
0.00528653
0.00517944
0.00506466
0.00494639
0.00482837
0.00471367
0.00460472
0.00450331
0.00441052
0.00432658
0.00425086
0.00418194
0.00411793
0.00405665
0.00399598
0.00393414
0.00386997
0.00380288
0.0159139
0.0157376
0.0155559
0.015377
0.0152081
0.0150554
0.0149225
0.0148114
0.014721
0.0146485
0.0145893
0.0145381
0.0144888
0.0144355
0.0143731
0.0142975
0.0142061
0.0140973
0.0139711
0.0138288
0.0136731
0.0135083
0.0133391
0.0131705
0.013006
0.0128495
0.0127083
0.0125957
0.0125151
0.0124332
0.0123611
0.00539203
0.0052893
0.00518169
0.00506742
0.00494951
0.00483106
0.00471535
0.00460522
0.00450274
0.0044091
0.00432457
0.00424851
0.00417948
0.00411555
0.00405449
0.00399414
0.00393266
0.00386884
0.00380229
0.0159145
0.0157416
0.0155622
0.0153845
0.015216
0.0150629
0.0149291
0.0148163
0.0147236
0.0146482
0.0145856
0.0145302
0.0144762
0.0144181
0.0143512
0.0142717
0.0141774
0.0140673
0.0139416
0.0138018
0.0136504
0.0134909
0.0133283
0.0131683
0.0130156
0.0128714
0.0127359
0.012616
0.0125253
0.0124473
0.0123758
0.00539375
0.00529351
0.00518587
0.00507124
0.00495296
0.00483391
0.00471729
0.0046061
0.00450264
0.00440822
0.00432317
0.00424683
0.00417777
0.00411397
0.00405318
0.00399319
0.00393214
0.00386878
0.00380268
0.0159254
0.0157537
0.0155755
0.0153988
0.015231
0.0150782
0.0149442
0.0148305
0.014736
0.0146578
0.0145914
0.0145314
0.014472
0.0144082
0.0143355
0.0142509
0.0141526
0.0140401
0.0139142
0.0137767
0.01363
0.0134769
0.0133209
0.013167
0.0130209
0.0128863
0.0127617
0.0126455
0.0125479
0.012465
0.0123897
0.00539423
0.00529678
0.00519009
0.00507527
0.00495638
0.00483651
0.0047189
0.00460664
0.00450216
0.0044069
0.00432123
0.00424453
0.00417532
0.00411158
0.00405098
0.00399129
0.00393063
0.00386771
0.00380211
0.0159293
0.0157597
0.0155834
0.0154083
0.0152419
0.0150899
0.0149562
0.0148418
0.0147457
0.0146647
0.0145945
0.0145295
0.0144644
0.0143942
0.0143153
0.0142251
0.0141224
0.0140074
0.0138812
0.0137461
0.0136046
0.0134594
0.013313
0.0131681
0.0130288
0.0128999
0.0127827
0.0126732
0.0125744
0.0124862
0.0124047
0.00539456
0.00529903
0.0051935
0.00507881
0.00495944
0.00483876
0.0047202
0.00460696
0.00450157
0.00440556
0.00431935
0.00424231
0.00417297
0.00410928
0.00404888
0.00398949
0.00392923
0.00386681
0.00380178
0.0159358
0.0157683
0.0155941
0.0154209
0.0152559
0.0151049
0.0149713
0.0148562
0.0147582
0.0146742
0.0145996
0.0145292
0.0144577
0.0143807
0.0142951
0.014199
0.014092
0.0139748
0.0138489
0.0137166
0.0135805
0.0134434
0.0133074
0.0131741
0.0130448
0.0129227
0.0128105
0.0127057
0.0126074
0.0125151
0.0124264
0.00539514
0.00530081
0.00519612
0.00508161
0.00496189
0.00484052
0.00472112
0.00460701
0.00450082
0.00440414
0.00431743
0.00424006
0.00417056
0.00410685
0.00404659
0.00398747
0.00392756
0.00386561
0.00380118
0.0159408
0.0157758
0.0156039
0.015433
0.01527
0.0151206
0.014988
0.0148728
0.0147736
0.0146869
0.0146081
0.014532
0.0144539
0.0143699
0.0142772
0.014175
0.0140635
0.0139442
0.0138192
0.0136907
0.0135609
0.013432
0.0133062
0.0131845
0.0130668
0.0129537
0.0128469
0.0127454
0.0126473
0.0125511
0.012455
0.00539581
0.00530233
0.0051981
0.00508366
0.00496365
0.00484173
0.00472163
0.00460681
0.00449995
0.0044027
0.00431554
0.00423786
0.00416817
0.00410439
0.00404418
0.00398524
0.00392564
0.00386412
0.00380027
0.0159437
0.015781
0.0156115
0.0154431
0.0152829
0.0151361
0.0150056
0.0148918
0.0147926
0.0147042
0.0146219
0.0145406
0.0144559
0.0143644
0.0142646
0.014156
0.0140398
0.0139183
0.0137939
0.0136692
0.013546
0.0134257
0.0133097
0.0131985
0.0130917
0.0129878
0.0128869
0.012788
0.0126891
0.0125884
0.0124844
0.00539632
0.00530346
0.00519941
0.00508491
0.00496465
0.00484233
0.00472175
0.00460642
0.0044991
0.00440145
0.00431396
0.00423602
0.00416615
0.00410227
0.00404206
0.00398324
0.00392391
0.0038628
0.00379954
0.015949
0.0157902
0.0156239
0.0154572
0.0152968
0.0151481
0.0150142
0.0148957
0.0147909
0.0146962
0.0146072
0.0145188
0.0144271
0.0143292
0.0142239
0.0141115
0.0139935
0.0138725
0.0137514
0.0136326
0.013518
0.0134082
0.0133035
0.0132036
0.0131077
0.0130135
0.0129193
0.0128233
0.0127238
0.0126189
0.0125075
0.00539661
0.00530403
0.00519999
0.00508536
0.00496487
0.00484226
0.00472134
0.00460567
0.00449801
0.00440002
0.0043122
0.00423396
0.00416383
0.00409974
0.00403938
0.00398053
0.00392132
0.00386053
0.00379775
0.015937
0.0157833
0.0156221
0.0154612
0.0153075
0.0151656
0.0150378
0.0149236
0.0148207
0.0147252
0.0146326
0.0145384
0.0144393
0.0143331
0.0142197
0.0141003
0.0139773
0.0138536
0.0137323
0.0136159
0.0135062
0.0134036
0.0133074
0.0132163
0.0131285
0.0130414
0.0129521
0.0128581
0.0127571
0.0126475
0.0125286
0.00539671
0.005304
0.0051998
0.00508501
0.00496441
0.00484175
0.00472083
0.00460518
0.00449752
0.0043995
0.00431157
0.00423316
0.00416281
0.0040985
0.00403796
0.00397901
0.00391985
0.00385931
0.00379594
0.00365486
0.0154441
0.0154034
0.0153235
0.0152238
0.0151176
0.0150125
0.0149119
0.0148159
0.0147223
0.0146281
0.01453
0.0144258
0.0143144
0.0141961
0.0140732
0.0139483
0.0138249
0.0137061
0.0135943
0.013491
0.0133963
0.013309
0.013227
0.0131474
0.0130671
0.0129826
0.0128905
0.0127886
0.0126751
0.0125501
0.00539665
0.00530342
0.00519878
0.00508369
0.00496285
0.00484002
0.00471898
0.00460324
0.00449547
0.00439729
0.00430915
0.00423044
0.00415974
0.00409507
0.0040342
0.00397501
0.00391578
0.00385539
0.00379355
0.0159241
0.0157724
0.0156173
0.0154636
0.0153159
0.0151774
0.0150494
0.0149314
0.0148212
0.0147157
0.0146111
0.0145043
0.014393
0.0142763
0.0141549
0.0140307
0.013907
0.0137868
0.0136733
0.0135687
0.0134738
0.0133885
0.0133113
0.0132391
0.0131686
0.013096
0.0130173
0.012929
0.0128283
0.0127142
0.0125871
0.00539646
0.00530243
0.00519738
0.00508226
0.00496169
0.00483935
0.00471891
0.00460375
0.00449644
0.00439853
0.00431043
0.00423156
0.00416051
0.00409536
0.004034
0.00397439
0.0039149
0.00385448
0.00379292
0.015935
0.0157878
0.0156353
0.0154834
0.0153369
0.0151986
0.01507
0.0149503
0.0148377
0.0147289
0.0146206
0.0145101
0.0143956
0.0142765
0.0141541
0.0140307
0.0139095
0.013794
0.013687
0.0135906
0.0135056
0.0134313
0.0133658
0.0133059
0.0132476
0.0131867
0.0131189
0.0130405
0.012949
0.0128436
0.0127252
0.00539615
0.00530055
0.0051941
0.00507786
0.00495645
0.0048336
0.00471297
0.00459784
0.00449067
0.00439292
0.00430494
0.00422613
0.0041551
0.00408999
0.00402871
0.00396932
0.00391024
0.00385045
0.00378975
0.0159213
0.015782
0.0156372
0.0154954
0.0153665
0.0152428
0.0151272
0.0150209
0.0149228
0.0148297
0.014738
0.0146443
0.0145464
0.0144442
0.014339
0.0142335
0.0141313
0.0140363
0.0139516
0.0138794
0.0138204
0.0137738
0.0137374
0.0137075
0.0136797
0.0136493
0.0136116
0.0135626
0.0134997
0.0134224
0.0133328
0.0053961
0.00530058
0.00519506
0.00508096
0.00496394
0.00484559
0.00472916
0.00461783
0.0045142
0.00442003
0.00433608
0.00426208
0.00419687
0.00413863
0.00408515
0.00403419
0.00398381
0.00393264
0.00388019
0.0038256
0.003737
0.00365634
0.00360296
0.0155509
0.0157169
0.0158005
0.0158435
0.0158685
0.0158838
0.0158895
0.0158832
0.0158628
0.0158281
0.0157815
0.0157277
0.0156724
0.0156218
0.0155812
0.0155545
0.0155432
0.0155469
0.0155625
0.0155853
0.015609
0.015627
0.0156326
0.0156204
0.0155869
0.0155319
0.0154596
0.00546475
0.00545158
0.00543061
0.00540389
0.00537211
0.00533875
0.00530587
0.00527518
0.00524786
0.00522443
0.00520478
0.00518827
0.00517387
0.00516037
0.0051466
0.00513159
0.00511472
0.00509578
0.00507497
0.00505272
0.00500787
0.00498158
0.00495402
0.00492847
0.00490791
0.00488906
0.00487031
0.00485099
0.00483084
0.00480986
0.00478805
0.00476561
0.00474284
0.00472019
0.00469828
0.00467769
0.00465896
0.00464243
0.00462821
0.00461607
0.00460554
0.00459591
0.00458629
0.00457575
0.00456336
0.00454833
0.0045301
0.0045084
0.00448334
0.0044556
0.0101263
0.00793613
0.00578565
0.00450333
0.00389905
0.00363186
0.00348893
0.0033905
0.00330234
0.00321829
0.00313393
0.00304982
0.00296974
0.00290166
0.00286599
0.00288801
0.00299238
0.00312429
0.00314803
0.00292558
0.0100804
0.00796437
0.00581365
0.00452807
0.00392201
0.00365304
0.00350839
0.00340923
0.00332104
0.00323712
0.00315246
0.00306806
0.00298796
0.00292048
0.00288626
0.00291074
0.00301858
0.00315388
0.00317972
0.00295343
0.0101106
0.00803848
0.00585618
0.00455718
0.00394706
0.00367645
0.0035309
0.00343162
0.00334344
0.00325924
0.00317443
0.00309031
0.00301098
0.00294456
0.00291165
0.00293783
0.00304833
0.0031875
0.00321889
0.00299796
0.0101674
0.00814063
0.00591061
0.00459614
0.00398155
0.00370842
0.00356049
0.00345921
0.00336946
0.00328417
0.00319898
0.00311508
0.00303645
0.00297056
0.00293759
0.00296304
0.00307247
0.00321017
0.00324146
0.00303356
0.010259
0.00824009
0.0059612
0.0046328
0.00401457
0.00373956
0.00359002
0.00348745
0.00339687
0.00331125
0.00322617
0.00314261
0.00306434
0.00299865
0.00296568
0.00299112
0.00310059
0.00323685
0.00326409
0.00306653
0.010355
0.0082994
0.00599105
0.00465747
0.00403949
0.00376522
0.00361637
0.00351436
0.00342429
0.0033391
0.00325424
0.00317031
0.0030907
0.00302293
0.00298776
0.00301194
0.00312234
0.00326064
0.00328757
0.00310132
0.0104183
0.00829849
0.00599459
0.00466901
0.00405537
0.00378494
0.00363928
0.00353942
0.0034505
0.00336556
0.00328033
0.00319545
0.00311421
0.00304422
0.00300643
0.00302864
0.00313974
0.00328239
0.0033145
0.00314248
0.0104236
0.00824996
0.00598282
0.00467119
0.00406642
0.00380254
0.00366122
0.00356353
0.00347484
0.00338858
0.00330112
0.00321385
0.00313079
0.00306001
0.00302218
0.00304516
0.00315908
0.00330854
0.00334988
0.00319257
0.0103752
0.008193
0.00596897
0.00467517
0.00408056
0.0038231
0.00368487
0.0035876
0.00349727
0.00340808
0.00331739
0.00322747
0.00314314
0.00307307
0.00303799
0.00306537
0.00318562
0.0033445
0.00339745
0.00325
0.0103097
0.00815737
0.00597003
0.00469109
0.00410389
0.00384984
0.00371136
0.00361131
0.00351698
0.00342386
0.0033305
0.00323975
0.0031564
0.00308922
0.00305888
0.00309283
0.00322109
0.00339063
0.00345517
0.00330901
0.0102651
0.00816357
0.00599422
0.00472226
0.00413693
0.00388159
0.00373942
0.00363426
0.00353479
0.0034381
0.0033437
0.00325454
0.00317458
0.00311214
0.00308731
0.00312733
0.00326271
0.00344123
0.00351428
0.00336158
0.0102635
0.00821015
0.00603995
0.00476258
0.00417336
0.00391359
0.0037661
0.00365561
0.00355239
0.00345433
0.00336108
0.00327504
0.00319926
0.00314151
0.00312061
0.00316406
0.0033033
0.00348657
0.00356292
0.00340194
0.0103028
0.00828225
0.00608816
0.00480073
0.00420621
0.00394181
0.00378951
0.00367578
0.00357174
0.00347515
0.00338469
0.00330185
0.00322898
0.00317325
0.00315277
0.00319581
0.00333469
0.0035178
0.00359283
0.00343063
0.0103674
0.00834404
0.00612298
0.00482835
0.00423184
0.0039646
0.00381048
0.00369697
0.00359502
0.00350141
0.00341374
0.00333245
0.00325962
0.00320195
0.00317813
0.00321739
0.00335286
0.00353276
0.00360552
0.00345442
0.0104282
0.00837075
0.0061378
0.00484574
0.00425056
0.00398414
0.00383213
0.00372175
0.00362321
0.00353213
0.00344538
0.00336298
0.00328694
0.00322437
0.00319508
0.00322947
0.00336121
0.00353814
0.00361193
0.00348377
0.0104616
0.00836194
0.00614208
0.00485745
0.00426722
0.00400528
0.0038578
0.00375142
0.00365545
0.00356491
0.00347656
0.00339055
0.0033096
0.00324161
0.00320762
0.0032389
0.00336901
0.00354694
0.00362703
0.00352729
0.0104618
0.00834325
0.00614565
0.00487143
0.00428849
0.00403226
0.003889
0.003785
0.00368932
0.00359699
0.00350528
0.00341497
0.00332978
0.0032586
0.00322302
0.00325462
0.00338734
0.00357138
0.00366229
0.00358723
0.0104468
0.00834024
0.00616017
0.00489502
0.00431837
0.00406607
0.00392435
0.00381968
0.00372175
0.00362626
0.00353124
0.00343828
0.0033519
0.00328129
0.0032479
0.00328342
0.00342237
0.00361622
0.00371995
0.00365832
0.0104444
0.00836599
0.00619181
0.00493005
0.00435597
0.00410377
0.00395996
0.00385178
0.00375021
0.00365185
0.00355553
0.00346322
0.0033795
0.003313
0.0032845
0.00332583
0.00347236
0.00367676
0.00379222
0.00372989
0.0104715
0.00842156
0.00623779
0.0049724
0.00439626
0.00414022
0.00399146
0.00387848
0.00377368
0.0036744
0.00357984
0.00349156
0.00341327
0.00335248
0.00332916
0.00337569
0.00352835
0.00374059
0.00386432
0.00379215
0.0105298
0.00849397
0.00628888
0.00501477
0.0044332
0.00417112
0.00401657
0.00389955
0.00379346
0.00369595
0.0036058
0.00352331
0.00345078
0.00339461
0.00337441
0.00342337
0.00357867
0.00379449
0.00392218
0.00384124
0.0106069
0.00856547
0.00633516
0.00505114
0.00446342
0.0041956
0.00403675
0.00391802
0.00381326
0.00371965
0.00363474
0.00355729
0.00348831
0.00343365
0.00341315
0.00346112
0.00361552
0.00383147
0.00396091
0.00388079
0.0106874
0.00862169
0.00637183
0.00508022
0.0044883
0.00421731
0.00405716
0.00393961
0.00383817
0.00374889
0.00366789
0.00359264
0.00352356
0.00346676
0.0034429
0.00348743
0.00363908
0.00385424
0.00398643
0.00391969
0.010756
0.0086634
0.00640147
0.00510638
0.00451347
0.00424282
0.00408461
0.00397041
0.00387276
0.00378646
0.0037065
0.00362982
0.00355713
0.00349547
0.00346665
0.00350721
0.0036567
0.00387299
0.00401118
0.0039672
0.0108117
0.00869827
0.00643167
0.00513662
0.00454573
0.00427845
0.0041244
0.00401426
0.00391939
0.00383359
0.00375147
0.00367031
0.00359179
0.00352426
0.00349071
0.00352862
0.00367845
0.00389959
0.00404765
0.00402846
0.0108629
0.00873777
0.00647012
0.00517667
0.0045894
0.00432701
0.00417776
0.00407092
0.00397686
0.00388901
0.00380234
0.00371508
0.00363029
0.00355756
0.00352093
0.00355856
0.00371187
0.00394165
0.00410246
0.00410272
0.0109203
0.00878904
0.00652003
0.00522757
0.00464378
0.0043861
0.00424081
0.00413561
0.00404033
0.0039486
0.00385636
0.00376312
0.00367319
0.00359718
0.00355965
0.0035993
0.00375853
0.0039995
0.00417438
0.00418475
0.0109905
0.00885024
0.00657798
0.00528478
0.00470313
0.00444872
0.00430567
0.00420028
0.00410234
0.00400614
0.00390886
0.0038112
0.00371837
0.00364138
0.00360488
0.00364794
0.00381424
0.00406737
0.00425627
0.00426819
0.0110715
0.00891158
0.00663567
0.00534041
0.00475919
0.00450613
0.0043635
0.0042566
0.00415562
0.00405573
0.00395524
0.00385561
0.00376236
0.00368637
0.00365203
0.00369891
0.00387229
0.00413742
0.00433972
0.00434904
0.0111544
0.00896141
0.00668453
0.00538721
0.00480518
0.00455192
0.00440849
0.00429972
0.00419646
0.00409473
0.00399353
0.00389447
0.00380284
0.00372908
0.00369732
0.00374775
0.00392765
0.00420423
0.00441957
0.00442713
0.0112294
0.00899345
0.0067205
0.00542233
0.00483895
0.0045847
0.0044402
0.00433032
0.00422654
0.00412537
0.00402589
0.00392934
0.00384056
0.00376951
0.0037402
0.00379365
0.00397942
0.00426701
0.00449561
0.00450505
0.0112925
0.00901148
0.00674639
0.00544861
0.00486389
0.00460876
0.00446394
0.0043546
0.00425247
0.00415403
0.00405793
0.00396489
0.00387929
0.00381075
0.00378334
0.00383905
0.00403003
0.00432843
0.00457088
0.00458547
0.0113497
0.00902753
0.00677042
0.00547328
0.00488742
0.00463213
0.00448839
0.00438146
0.00428276
0.00418832
0.00409617
0.00400657
0.00392361
0.00385667
0.00383005
0.00388697
0.0040824
0.00439146
0.0046483
0.004669
0.0114142
0.00905655
0.00680241
0.00550461
0.00491754
0.00466291
0.00452161
0.0044184
0.00432392
0.00423353
0.00414473
0.0040575
0.00397575
0.00390877
0.00388136
0.00393824
0.00413732
0.00445677
0.00472811
0.00475376
0.0115016
0.00910905
0.00684922
0.00554811
0.00495925
0.00470565
0.00456742
0.00446813
0.00437737
0.00428987
0.00420287
0.00411615
0.00403358
0.00396463
0.00393486
0.0039906
0.00419261
0.00452202
0.00480757
0.00483676
0.0116224
0.00918566
0.00691124
0.00560383
0.00501212
0.00475916
0.00462354
0.00452715
0.00443859
0.00435212
0.00426486
0.00417656
0.00409128
0.00401891
0.00398592
0.00404005
0.00424459
0.00458357
0.00488304
0.00491629
0.0117773
0.00927602
0.00698188
0.00566625
0.00507053
0.00481708
0.00468275
0.00458752
0.00449928
0.00441193
0.00432265
0.00423137
0.00414257
0.00406668
0.00403079
0.00408361
0.00429076
0.00463928
0.00495296
0.00499327
0.0119572
0.00936647
0.00704823
0.00572539
0.00512579
0.00487088
0.00473635
0.00464074
0.00455148
0.00446222
0.00437037
0.0042762
0.00418467
0.00410647
0.00406898
0.00412141
0.00433173
0.00469035
0.00501931
0.00507076
0.0121498
0.00943746
0.00710077
0.00577381
0.00517105
0.00491432
0.00477889
0.00468232
0.00459179
0.00450108
0.00440763
0.00431215
0.00421989
0.00414136
0.00410386
0.00415702
0.00437131
0.00474094
0.00508655
0.00515192
0.0123395
0.00948221
0.00713578
0.00580907
0.00520467
0.00494661
0.00481066
0.00471381
0.00462314
0.00453258
0.00443972
0.00434527
0.00425445
0.00417728
0.00414094
0.00419556
0.0044144
0.0047957
0.00515878
0.00523774
0.0125185
0.00950684
0.00715769
0.00583475
0.00523062
0.00497256
0.00483739
0.00474185
0.00465294
0.00456459
0.00447461
0.00438308
0.00429495
0.00421975
0.00418472
0.00424072
0.00446387
0.0048566
0.00523683
0.00532643
0.0126911
0.00952773
0.00717656
0.00585868
0.0052566
0.00500012
0.00486725
0.00477464
0.00468914
0.00460453
0.00451831
0.00443034
0.00434465
0.00427064
0.00423592
0.00429223
0.00451851
0.00492138
0.00531761
0.00541464
0.0128729
0.00956347
0.00720346
0.0058897
0.00529025
0.00503638
0.0049067
0.00481771
0.00473603
0.00465507
0.00457189
0.00448597
0.00440124
0.0043267
0.00429061
0.00434566
0.00457343
0.00498491
0.00539626
0.00550002
0.0130864
0.0096259
0.00724586
0.00593303
0.00533562
0.00508415
0.00495719
0.00487091
0.00479163
0.00471239
0.00462993
0.00454364
0.00445754
0.00438088
0.0043421
0.00439479
0.00462305
0.00504257
0.00546969
0.00558303
0.0133466
0.00972097
0.00730445
0.00598809
0.00539113
0.00514066
0.00501443
0.0049283
0.00484845
0.0047678
0.0046832
0.00459435
0.00450554
0.00442617
0.0043848
0.00443548
0.00466476
0.00509355
0.00553903
0.00566694
0.0136584
0.00984287
0.00737272
0.00604884
0.00545048
0.00519878
0.00507027
0.00498083
0.00489699
0.00481213
0.00472357
0.00463147
0.00454034
0.00445959
0.00441749
0.00446823
0.00470076
0.00514163
0.00560934
0.00575604
0.0140209
0.00997119
0.00743996
0.00610675
0.0055056
0.00525041
0.00511664
0.005021
0.00493089
0.00484068
0.0047483
0.00465428
0.00456309
0.0044839
0.0044442
0.00449815
0.00473698
0.00519322
0.00568688
0.0058531
0.0144201
0.0100863
0.00749654
0.00615493
0.00555065
0.00529058
0.00514986
0.00504684
0.00495033
0.00485582
0.00476167
0.00466849
0.00458043
0.00450614
0.00447208
0.0045322
0.00477988
0.00525376
0.00577533
0.00595731
0.0148383
0.0101755
0.00753839
0.00619144
0.00558482
0.00531995
0.00517251
0.00506313
0.00496214
0.0048659
0.00477286
0.00468339
0.00460115
0.00453402
0.00450763
0.00457549
0.0048329
0.00532429
0.00587278
0.00606404
0.0152628
0.0102371
0.00756842
0.00621998
0.00561271
0.00534452
0.00519235
0.00507918
0.00497652
0.00488125
0.00479156
0.00470742
0.00463189
0.00457208
0.0045529
0.00462764
0.00489345
0.00540035
0.00597357
0.00616643
0.015691
0.0102785
0.00759448
0.00624799
0.00564205
0.00537277
0.00521863
0.00510444
0.00500236
0.00490945
0.00482359
0.00474429
0.00467408
0.00461946
0.00460477
0.00468355
0.00495484
0.00547377
0.00606737
0.00625782
0.0161308
0.0103093
0.00762526
0.0062831
0.00568014
0.00541172
0.00525779
0.0051442
0.00504338
0.00495238
0.0048688
0.00479184
0.00472365
0.00467039
0.00465631
0.0047355
0.00500889
0.00553569
0.00614468
0.00633502
0.016598
0.0103327
0.00766731
0.00632975
0.00572993
0.00546333
0.00531055
0.00519779
0.00509718
0.00500598
0.00492166
0.00484333
0.00477307
0.00471711
0.0047001
0.00477685
0.00504982
0.00558107
0.00620138
0.00640006
0.00403406
0.0103488
0.00771862
0.00638544
0.00578889
0.00552422
0.00537213
0.00525888
0.00515665
0.00506241
0.00497404
0.00489082
0.00481522
0.00475389
0.00473216
0.0048055
0.00507729
0.00561135
0.00624074
0.00645984
0.00401178
0.0103364
0.00777454
0.00644491
0.00585084
0.00558721
0.00543458
0.00531905
0.0052132
0.00511382
0.00501922
0.00492931
0.00484721
0.00478017
0.00475423
0.00482517
0.00509682
0.00563403
0.00627241
0.00652225
0.00399608
0.0104036
0.00782917
0.00650072
0.00590811
0.00564452
0.00549032
0.0053715
0.005261
0.00515611
0.00505542
0.00495942
0.00487208
0.00480114
0.00477311
0.00484382
0.00511729
0.00565926
0.00630799
0.00659281
0.00400674
0.0104654
0.00787441
0.00654672
0.00595522
0.00569141
0.00553569
0.00541406
0.00529991
0.00519096
0.00508636
0.0049872
0.00489742
0.00482527
0.00479751
0.00486998
0.005147
0.00569533
0.00635585
0.00667231
0.00400816
0.0104943
0.00790526
0.00658083
0.00599132
0.00572824
0.00557243
0.0054501
0.00533499
0.00522512
0.00511991
0.00502069
0.00493152
0.00486032
0.00483402
0.00490892
0.00518992
0.00574496
0.0064169
0.00675713
0.00400583
0.0104988
0.00792397
0.00660611
0.0060203
0.00575995
0.0056066
0.00548671
0.00537406
0.00526667
0.00516389
0.00506692
0.00497963
0.00490987
0.00488441
0.00496054
0.00524416
0.00580427
0.00648497
0.00684047
0.00399888
0.0104931
0.00793814
0.00662913
0.00604887
0.00579366
0.00564567
0.00553131
0.00542401
0.00532144
0.00522258
0.00512829
0.00504213
0.00497202
0.00494504
0.00501967
0.00530307
0.00586478
0.00654977
0.00691591
0.00399033
0.0104915
0.00795634
0.00665679
0.00608347
0.00583544
0.00569508
0.00558822
0.00548761
0.00539034
0.00529486
0.00520163
0.005114
0.00504029
0.00500848
0.00507847
0.0053584
0.00591742
0.00660178
0.00698098
0.00398413
0.0105044
0.00798428
0.00669341
0.00612754
0.00588765
0.00575572
0.00565657
0.00556211
0.00546876
0.00537445
0.00527936
0.00518693
0.00510624
0.00506657
0.00512956
0.0054035
0.0059567
0.00663865
0.00704013
0.00398248
0.0105343
0.00802274
0.00673889
0.00617999
0.00594773
0.00582333
0.00573039
0.00564004
0.00554813
0.00545222
0.00535246
0.00525272
0.00516314
0.00511443
0.00516967
0.00543714
0.00598482
0.00666668
0.00710194
0.00398503
0.0105761
0.00806764
0.00678895
0.00623557
0.00600914
0.00589006
0.00580084
0.00571208
0.00561924
0.00551976
0.00541405
0.00530667
0.00520881
0.00515243
0.00520156
0.00546457
0.00601033
0.00669805
0.00717634
0.00399036
0.0106151
0.00811193
0.00683697
0.00628718
0.00606411
0.00594777
0.0058599
0.00577084
0.00567589
0.00557264
0.00546194
0.00534911
0.00524615
0.00518573
0.00523235
0.00549493
0.00604489
0.00674675
0.00727113
0.00399669
0.0106378
0.00814646
0.00687666
0.00632909
0.00610713
0.00599143
0.00590342
0.00581338
0.00571673
0.00561139
0.00549875
0.00538466
0.00528143
0.00522183
0.0052704
0.00553742
0.00609885
0.00682385
0.00738894
0.00400096
0.0106424
0.00816854
0.00690399
0.00635868
0.00613729
0.00602111
0.0059325
0.00584197
0.00574528
0.0056408
0.0055303
0.00541984
0.00532139
0.00526727
0.00532184
0.00559776
0.00617736
0.00693328
0.00752582
0.00400143
0.0106349
0.00818081
0.00692205
0.00637933
0.00615826
0.00604167
0.00595268
0.0058627
0.00576808
0.00566751
0.00556294
0.00546017
0.00537037
0.00532494
0.00538812
0.00567579
0.00627801
0.00706953
0.00767172
0.00399852
0.0106289
0.00819099
0.00693779
0.00639801
0.00617742
0.00606052
0.00597155
0.00588302
0.005792
0.00569737
0.00560096
0.00550798
0.00542848
0.00539279
0.00546515
0.00576509
0.00639089
0.0072181
0.00781351
0.00399475
0.0106412
0.00820884
0.00695955
0.00642251
0.00620233
0.00608483
0.00599594
0.00590894
0.00582181
0.00573338
0.00564514
0.0055616
0.00549165
0.00546458
0.00554466
0.0058549
0.00650147
0.00736011
0.00793923
0.00399377
0.010684
0.00824203
0.00699365
0.00645841
0.006238
0.00611912
0.00602954
0.00594321
0.00585879
0.005775
0.00569294
0.00561646
0.00555348
0.00553232
0.0056172
0.00593403
0.00659577
0.00747901
0.00804222
0.00399896
0.01076
0.00829287
0.00704176
0.00650689
0.00628517
0.00616379
0.00607206
0.00598487
0.00590099
0.00581918
0.00574023
0.00566751
0.00560817
0.00558974
0.00567618
0.00599541
0.00666583
0.00756624
0.00812396
0.00401185
0.0108598
0.00835701
0.00710029
0.00656445
0.00634035
0.00621537
0.00612012
0.00603035
0.00594489
0.00586247
0.00578376
0.00571185
0.00565332
0.00563504
0.00572053
0.00603885
0.0067125
0.00762432
0.00819202
0.00403115
0.010964
0.00842472
0.00716166
0.00662437
0.0063974
0.00626839
0.00616905
0.00607582
0.00598762
0.00590318
0.00582312
0.00575034
0.00569105
0.00567154
0.00575489
0.00607061
0.00674436
0.00766446
0.00825694
0.00405289
0.0110499
0.00848442
0.0072172
0.00667931
0.00645008
0.00631784
0.00621524
0.00611921
0.00602871
0.0059425
0.00586116
0.00578741
0.00572717
0.00570639
0.00578774
0.00610091
0.00677414
0.00770196
0.00832828
0.00407165
0.0110999
0.00852714
0.00726058
0.00672428
0.00649478
0.00636139
0.00625776
0.00616111
0.00607033
0.00598413
0.00590291
0.00582927
0.00576891
0.00574766
0.00582818
0.00614012
0.00681412
0.00775065
0.00841128
0.00408262
0.0111087
0.00854997
0.00729087
0.00675852
0.00653133
0.00639999
0.00629861
0.00620447
0.00611626
0.00603248
0.00595343
0.00588131
0.00582192
0.00580113
0.00588192
0.00619445
0.00687164
0.00781896
0.00850679
0.00408339
0.0110844
0.00855871
0.00731041
0.00678494
0.00656336
0.00643746
0.00634158
0.00625297
0.00616992
0.00609079
0.00601538
0.0059459
0.00588827
0.00586857
0.00595033
0.00626462
0.00694697
0.00790719
0.00861138
0.00407443
0.011048
0.0085603
0.0073258
0.00680983
0.00659645
0.00647846
0.00639033
0.00630912
0.00623277
0.00615911
0.0060879
0.00602132
0.00596555
0.00594694
0.00602984
0.00634642
0.00703492
0.00800887
0.00871799
0.00405921
0.0110207
0.0085646
0.00734533
0.00683997
0.00663578
0.00652653
0.0064467
0.00637294
0.00630288
0.00623417
0.00616649
0.00610215
0.00604762
0.00602963
0.00611339
0.00643223
0.00712685
0.00811387
0.00881956
0.00404487
0.0110095
0.0085808
0.00737578
0.0068804
0.00668429
0.00658256
0.00650944
0.0064414
0.0063758
0.00631026
0.00624454
0.00618114
0.00612691
0.00610898
0.00619335
0.00651428
0.00721431
0.00821271
0.00891181
0.00403559
0.0110244
0.00861524
0.00741963
0.00693144
0.00674119
0.00664438
0.00657511
0.00650989
0.00644604
0.00638133
0.00631571
0.00625201
0.00619744
0.00617948
0.00626469
0.00658784
0.00729253
0.00830027
0.00899479
0.0040336
0.011071
0.00866579
0.00747464
0.00699075
0.00680339
0.00670821
0.00663944
0.00657394
0.00650921
0.00644332
0.00637655
0.00631206
0.00625733
0.00624001
0.0063269
0.00665294
0.00736201
0.0083775
0.00907209
0.00403862
0.0111453
0.0087273
0.0075363
0.00705402
0.00686676
0.00677025
0.00669923
0.00663116
0.00656391
0.00649596
0.00642791
0.00636316
0.00630929
0.00629385
0.00638368
0.00671364
0.00742743
0.00844984
0.00914843
0.00404878
0.0112365
0.00879268
0.00759926
0.00711695
0.00692801
0.0068284
0.00675376
0.00668233
0.0066124
0.00654284
0.00647449
0.00641081
0.0063592
0.00634696
0.00644083
0.00677569
0.00749485
0.00852376
0.009227
0.00406286
0.0113253
0.00885564
0.00765951
0.00717695
0.00698602
0.00688318
0.00680522
0.00673116
0.00665973
0.00659003
0.00652294
0.00646174
0.00641348
0.00640511
0.00650341
0.00684357
0.00756845
0.00860313
0.00930763
0.00407782
0.0114035
0.00891294
0.00771569
0.00723399
0.00704214
0.00693739
0.0068577
0.00678283
0.00671176
0.00664363
0.00657912
0.00652115
0.00647632
0.00647138
0.00657342
0.0069183
0.00764839
0.00868705
0.00938668
0.00409132
0.0114695
0.0089649
0.00776909
0.00729015
0.0070993
0.00699475
0.00691553
0.00684189
0.00677287
0.0067074
0.00664582
0.0065906
0.006548
0.00654481
0.00664877
0.00699678
0.0077304
0.00876983
0.00945844
0.00410239
0.0115272
0.00901431
0.00782244
0.00734822
0.00716044
0.00705824
0.00698139
0.00691043
0.00684422
0.00678132
0.00672171
0.0066675
0.00662483
0.00662081
0.00672419
0.00707301
0.00780747
0.00884333
0.00951771
0.00411136
0.0115822
0.0090645
0.00787829
0.00741028
0.00722713
0.0071287
0.00705521
0.00698726
0.00692334
0.00686168
0.00680198
0.0067462
0.00670065
0.00669307
0.00679332
0.00714055
0.00787282
0.00890055
0.00956235
0.00411928
0.0116391
0.00911759
0.00793777
0.00747662
0.00729873
0.00720444
0.00713411
0.00706828
0.00700508
0.00694252
0.00688022
0.00682031
0.00676945
0.00675618
0.0068515
0.00719539
0.00792298
0.00893771
0.00959607
0.00412718
0.0116991
0.00917365
0.00800009
0.00754563
0.00737266
0.0072818
0.00721345
0.00714807
0.00708361
0.00701801
0.00695109
0.00688529
0.0068278
0.00680801
0.00689788
0.00723787
0.00795966
0.0089579
0.00962589
0.00413556
0.0117604
0.00923086
0.00806299
0.00761443
0.00744532
0.00735654
0.00728857
0.00722197
0.00715466
0.00708472
0.00701228
0.00694024
0.0068763
0.00685066
0.00693601
0.00727294
0.00798824
0.00897142
0.00966052
0.00414422
0.0118194
0.00928653
0.00812374
0.00768007
0.00751354
0.00742546
0.00735661
0.00728778
0.00721703
0.00714268
0.00706524
0.00698806
0.00691931
0.00688983
0.00697276
0.00730746
0.00801795
0.00899153
0.00970794
0.00415251
0.0118729
0.00933838
0.00818034
0.00774075
0.00757583
0.00748762
0.00741739
0.0073463
0.00727267
0.00719505
0.00711435
0.00703427
0.00696335
0.00693252
0.00701494
0.00734968
0.00805938
0.00902921
0.00977266
0.0041597
0.0119193
0.0093855
0.00823235
0.00779648
0.0076328
0.00754436
0.00747312
0.00740063
0.00732553
0.0072467
0.00716519
0.00708487
0.00701437
0.00698457
0.00706854
0.00740564
0.00811869
0.00909072
0.00985547
0.00416535
0.0119597
0.00942872
0.00828095
0.00784892
0.00768668
0.00759853
0.00752717
0.00745465
0.00737992
0.00730193
0.00722191
0.00714376
0.00707591
0.00704897
0.00713591
0.00747711
0.00819704
0.00917664
0.00995345
0.00416954
0.0119969
0.00947002
0.00832826
0.00790048
0.00774015
0.00765298
0.00758247
0.0075112
0.00743827
0.00736278
0.00728602
0.00721172
0.00714792
0.00712476
0.00721523
0.00756134
0.00829063
0.00928206
0.0100613
0.00417281
0.0120338
0.00951145
0.00837621
0.00795303
0.00779497
0.00770921
0.00764014
0.00757081
0.00750049
0.00742844
0.00735583
0.00728612
0.00722682
0.00720749
0.00730124
0.00765221
0.00839211
0.00939823
0.0101735
0.0041759
0.0120714
0.00955385
0.00842542
0.00800691
0.00785108
0.00776665
0.00769898
0.00763165
0.00756407
0.00749558
0.00742718
0.00736197
0.00730688
0.00729089
0.00738722
0.00774245
0.00849329
0.00951662
0.0102859
0.00417926
0.0121079
0.00959618
0.00847469
0.00806063
0.00790655
0.00782291
0.00775611
0.0076904
0.00762515
0.00755981
0.00749514
0.00743388
0.00738244
0.00736922
0.0074675
0.00782629
0.00858802
0.00963074
0.0103978
0.00418281
0.0121388
0.00963571
0.00852143
0.00811142
0.00795843
0.00787488
0.00780831
0.00774363
0.00768023
0.00761749
0.00755601
0.00749822
0.00745011
0.00743947
0.00753949
0.00790145
0.00867408
0.00973866
0.0105111
0.00418578
0.0121588
0.00966912
0.00856271
0.0081565
0.00800408
0.00792015
0.00785345
0.00778947
0.0077277
0.00766734
0.00760887
0.00755454
0.00750995
0.0075023
0.00760442
0.00796956
0.00875332
0.00984253
0.0106294
0.004187
0.012164
0.00969406
0.00859665
0.00819434
0.00804249
0.00795825
0.00789164
0.00782862
0.00776871
0.00771109
0.00765604
0.00760569
0.00756532
0.00756146
0.00766641
0.00803505
0.00883021
0.00994689
0.0107567
0.0041854
0.0121546
0.00971041
0.00862349
0.00822568
0.00807499
0.00799119
0.00792551
0.00786432
0.00780713
0.00775305
0.00770223
0.0076567
0.00762139
0.00762218
0.00773067
0.00810301
0.00890947
0.010056
0.0108949
0.0041805
0.0121353
0.00972081
0.00864588
0.00825361
0.00810521
0.00802312
0.00795967
0.00790157
0.00784823
0.00779871
0.00775298
0.00771288
0.00768297
0.00768849
0.00780057
0.00817679
0.0089948
0.0101724
0.0110438
0.00417269
0.0121149
0.0097303
0.0086685
0.00828298
0.00813829
0.00805937
0.00799952
0.00794569
0.00789717
0.00785288
0.00781257
0.0077778
0.00775275
0.00776211
0.00787674
0.00825594
0.00908518
0.0102959
0.0112007
0.0041633
0.012104
0.00974506
0.0086968
0.00831912
0.00817943
0.0081049
0.00804962
0.00800073
0.00795732
0.00791812
0.00788259
0.00785199
0.0078302
0.00784151
0.00795678
0.00833729
0.00917653
0.0104211
0.0113612
0.00415423
0.0121126
0.00977085
0.00873569
0.00836656
0.00823267
0.0081631
0.00811256
0.00806837
0.00802932
0.00799394
0.00796137
0.00793268
0.00791154
0.00792214
0.00803562
0.00841525
0.00926233
0.0105403
0.0115199
0.00414874
0.0121424
0.00981159
0.00878833
0.00842785
0.00829984
0.00823485
0.00818821
0.00814733
0.00811076
0.00807679
0.00804437
0.00801449
0.00799089
0.00799791
0.00810708
0.00848348
0.0093357
0.0106458
0.011673
0.00414812
0.0121971
0.00986838
0.00885523
0.00850288
0.00837995
0.00831821
0.00827358
0.00823365
0.00819676
0.00816106
0.00812548
0.00809117
0.00806215
0.00806313
0.00816601
0.00853725
0.00939194
0.0107313
0.0118219
0.00415248
0.0122764
0.00993902
0.00893401
0.00858873
0.00846937
0.00840878
0.00836359
0.00832168
0.00828133
0.00824073
0.00819898
0.00815762
0.00812114
0.00811465
0.00821027
0.00857529
0.00943055
0.0107963
0.0119712
0.00416157
0.012372
0.0100184
0.00901986
0.00868034
0.00856263
0.00850078
0.00845234
0.00840567
0.0083592
0.00831129
0.00826144
0.00821174
0.00816714
0.00815314
0.0082418
0.00860074
0.00945599
0.010846
0.0121284
0.00417454
0.0124706
0.0100997
0.00910677
0.00877176
0.00865386
0.00858863
0.00853482
0.0084815
0.00842739
0.00837124
0.00831297
0.00825524
0.00820341
0.0081832
0.00826637
0.00862048
0.00947594
0.0108912
0.0123023
0.00418925
0.0125614
0.0101764
0.00918913
0.00885783
0.00873842
0.00866853
0.00860838
0.00854792
0.00848626
0.00842258
0.00835721
0.00829324
0.0082363
0.00821214
0.00829207
0.00864341
0.00949939
0.0109446
0.0125007
0.00420334
0.0126369
0.010244
0.00926345
0.00893563
0.0088143
0.00873961
0.00867352
0.00860691
0.0085393
0.00847023
0.00840026
0.00833274
0.0082734
0.00824789
0.008327
0.0086779
0.00953539
0.0110157
0.0127282
0.00421495
0.0126956
0.0103017
0.00932934
0.00900541
0.00888262
0.00880416
0.00873371
0.00866309
0.00859211
0.00852048
0.00844884
0.00838055
0.00832136
0.00829673
0.00837698
0.0087282
0.00959032
0.0111096
0.0129852
0.00422321
0.0127422
0.0103521
0.00938964
0.00907041
0.00894736
0.00886687
0.00879431
0.00872228
0.00865064
0.00857914
0.00850828
0.00844131
0.00838392
0.0083612
0.00844307
0.0087956
0.00966405
0.0112245
0.0132678
0.00422853
0.0127859
0.010401
0.00944954
0.00913592
0.00901403
0.00893348
0.00886104
0.00878978
0.0087195
0.00864979
0.00858093
0.008516
0.00846059
0.00843958
0.00852268
0.00887632
0.00975109
0.0113522
0.0135695
0.00423244
0.0128373
0.0104548
0.00951525
0.00920765
0.00908812
0.009009
0.00893808
0.00886874
0.00880056
0.00873289
0.00866576
0.00860211
0.00854754
0.00852682
0.00860963
0.00896292
0.00984212
0.0114803
0.0138828
0.00423703
0.0129062
0.0105198
0.0095908
0.0092896
0.00917327
0.00909627
0.00902716
0.00895954
0.00889275
0.00882586
0.00875877
0.00869438
0.00863842
0.00861569
0.00869596
0.00904652
0.00992682
0.0115965
0.0142011
0.00424503
0.0129954
0.0105977
0.00967836
0.0093835
0.00927032
0.00919504
0.00912683
0.00905947
0.00899212
0.00892368
0.00885403
0.00878623
0.00872627
0.00869911
0.00877452
0.00911981
0.0099973
0.0116906
0.0145239
0.00425718
0.0131049
0.0106879
0.00977684
0.00948755
0.0093766
0.0093017
0.00923259
0.0091633
0.00909287
0.00902024
0.00894544
0.00887184
0.00880583
0.0087725
0.00884147
0.00917959
0.010051
0.011759
0.014855
0.00427336
0.0132263
0.0107857
0.00988149
0.00959649
0.00948628
0.00940997
0.0093379
0.00926451
0.00918888
0.00911014
0.00902859
0.00894806
0.00887531
0.00883552
0.00889779
0.00922823
0.0100921
0.0118061
0.0152026
0.00429263
0.0133442
0.0108832
0.00998483
0.00970269
0.00959168
0.00951241
0.00943593
0.00935721
0.00927554
0.00919035
0.00910226
0.00901552
0.00893721
0.00889239
0.00894933
0.00927325
0.0101305
0.0118427
0.0155757
0.00431256
0.0134429
0.0109712
0.0100784
0.00979804
0.00968524
0.00960239
0.00952132
0.00943769
0.00935102
0.00926108
0.00916873
0.00907854
0.0089977
0.00895084
0.0090052
0.00932529
0.0101796
0.0118826
0.0159807
0.00433004
0.0135094
0.0110413
0.0101548
0.00987598
0.00976147
0.00967579
0.00959164
0.00950538
0.00941671
0.00932565
0.00923314
0.00914388
0.00906483
0.00901999
0.00907534
0.00939524
0.010252
0.0119371
0.0038777
0.00434206
0.0135374
0.0110882
0.0102098
0.00993334
0.00981844
0.00973212
0.00964794
0.00956286
0.00947667
0.00938941
0.00930189
0.00921862
0.00914619
0.00910763
0.00916766
0.00949116
0.0103563
0.0120058
0.00386368
0.0043465
0.0135281
0.0111114
0.0102435
0.00997112
0.00985825
0.00977454
0.00969432
0.00961503
0.00953632
0.00945806
0.00938063
0.0093081
0.00924654
0.00921786
0.0092856
0.00961613
0.0104975
0.012203
0.00386286
0.00434261
0.0134912
0.0111151
0.0102603
0.00999432
0.00988643
0.00980898
0.0097368
0.00966766
0.00960087
0.0095359
0.00947249
0.0094141
0.00936619
0.00934945
0.00942648
0.00976604
0.0106692
0.012428
0.00388885
0.00433115
0.013442
0.0111073
0.0102677
0.0100107
0.00991066
0.00984265
0.00978179
0.00972594
0.0096739
0.0096246
0.00957706
0.00953402
0.00950032
0.00949547
0.00958132
0.00992943
0.0108541
0.0126628
0.00392239
0.00431419
0.0133984
0.0110981
0.0102753
0.0100292
0.00993917
0.0098826
0.00983473
0.0097933
0.00975655
0.00972277
0.00969033
0.00966123
0.00963978
0.00964449
0.00973661
0.0100904
0.0110326
0.0128859
0.00395243
0.00429677
0.013368
0.0110981
0.0102924
0.0100584
0.00997912
0.00993433
0.00989906
0.00987088
0.00984742
0.00982642
0.0098057
0.00978667
0.00977329
0.00978334
0.00987761
0.0102325
0.0111852
0.0130794
0.00397241
0.00428239
0.0133623
0.0111161
0.0103266
0.0101046
0.0100354
0.0100009
0.00997578
0.0099575
0.00994319
0.00993013
0.0099158
0.00990128
0.00989054
0.0099009
0.00999274
0.0103436
0.0112987
0.0132195
0.00398339
0.00427363
0.0133888
0.0111578
0.0103824
0.0101709
0.0101098
0.0100826
0.0100636
0.0100504
0.0100397
0.0100287
0.0100147
0.00999883
0.00998527
0.00999124
0.0100766
0.0104189
0.0113684
0.0133004
0.00398673
0.00427179
0.0134492
0.0112252
0.0104605
0.0102571
0.0102008
0.0101768
0.0101594
0.0101459
0.0101333
0.0101188
0.0100999
0.0100777
0.010057
0.0100551
0.0101313
0.010462
0.0113998
0.0133303
0.00398555
0.00427663
0.0135443
0.0113129
0.0105561
0.0103586
0.0103038
0.0102792
0.0102589
0.0102408
0.0102218
0.0101996
0.0101721
0.0101406
0.0101106
0.0100994
0.0101657
0.0104835
0.0114067
0.0133282
0.00398393
0.00428767
0.0136606
0.0114134
0.0106625
0.0104688
0.0104127
0.0103843
0.010358
0.0103324
0.0103047
0.010273
0.0102356
0.0101944
0.0101552
0.0101356
0.010193
0.010499
0.0114077
0.0133196
0.00398589
0.00430389
0.0137772
0.0115168
0.0107711
0.01058
0.0105207
0.0104868
0.0104533
0.0104196
0.0103833
0.0103429
0.010297
0.0102479
0.010202
0.0101767
0.0102281
0.0105248
0.0114222
0.0133302
0.00399448
0.00432238
0.013877
0.0116133
0.0108731
0.0106842
0.0106213
0.0105823
0.0105426
0.0105025
0.0104599
0.0104141
0.0103633
0.0103103
0.0102617
0.0102346
0.0102835
0.0105744
0.0114658
0.013381
0.00401118
0.00433987
0.0139467
0.0116947
0.0109618
0.0107759
0.0107104
0.0106684
0.0106253
0.0105822
0.0105376
0.0104908
0.0104401
0.0103884
0.0103418
0.010317
0.010367
0.0106557
0.0115465
0.0134834
0.00403563
0.00435354
0.0139795
0.0117568
0.0110336
0.0108525
0.0107866
0.0107446
0.0107022
0.0106606
0.0106188
0.0105761
0.0105308
0.010485
0.010445
0.0104261
0.0104802
0.0107695
0.0116646
0.0136343
0.00406666
0.00436162
0.0139765
0.0117997
0.0110887
0.0109149
0.0108514
0.0108128
0.0107751
0.0107395
0.0107051
0.010671
0.0106351
0.0105992
0.0105688
0.0105585
0.0106184
0.0109097
0.0118111
0.0138177
0.00410224
0.0043638
0.0139459
0.0118282
0.0111312
0.0109669
0.0109086
0.0108767
0.0108467
0.0108203
0.0107966
0.0107741
0.0107501
0.0107259
0.0107065
0.0107054
0.0107712
0.0110638
0.0119705
0.0140182
0.00413792
0.00436117
0.0139003
0.01185
0.0111677
0.0110146
0.0109636
0.0109404
0.0109202
0.0109042
0.0108922
0.0108821
0.0108705
0.0108578
0.0108485
0.0108552
0.010925
0.0112166
0.012126
0.0142151
0.00416903
0.00435597
0.0138539
0.0118741
0.0112061
0.011065
0.011022
0.011008
0.0109978
0.0109919
0.0109906
0.0109914
0.01099
0.0109864
0.0109845
0.010996
0.0110667
0.0113538
0.012262
0.014388
0.00419225
0.00435101
0.0138195
0.0119087
0.0112534
0.0111246
0.011089
0.011083
0.0110814
0.0110834
0.0110899
0.0110983
0.0111035
0.0111048
0.0111062
0.0111188
0.0111867
0.0114657
0.0123671
0.0145148
0.00420799
0.00434904
0.0138068
0.0119603
0.0113152
0.0111979
0.0111686
0.0111679
0.0111723
0.0111786
0.0111886
0.0112001
0.0112072
0.0112089
0.0112089
0.0112184
0.0112803
0.0115482
0.0124346
0.0145905
0.00421693
0.00435263
0.0138184
0.0120328
0.0113946
0.0112871
0.0112627
0.0112637
0.0112704
0.0112772
0.0112859
0.0112954
0.0112998
0.0112974
0.0112923
0.0112953
0.0113485
0.0116029
0.0124675
0.0146192
0.00422099
0.00436248
0.0138556
0.012127
0.0114921
0.0113918
0.0113712
0.0113696
0.0113745
0.0113785
0.0113819
0.0113848
0.0113823
0.0113727
0.0113598
0.0113545
0.0113979
0.0116364
0.0124756
0.0146129
0.00422274
0.00437871
0.0139118
0.0122399
0.0116059
0.0115078
0.0114911
0.0114839
0.0114823
0.0114804
0.0114765
0.0114704
0.0114583
0.0114393
0.0114177
0.011404
0.0114376
0.0116602
0.0124723
0.0145891
0.00422495
0.00440057
0.0139755
0.012364
0.0117319
0.0116286
0.0116163
0.0116038
0.0115919
0.011581
0.011569
0.0115541
0.0115326
0.0115043
0.0114744
0.0114532
0.0114783
0.011686
0.0124715
0.0145666
0.00423011
0.00442614
0.014035
0.0124878
0.0118659
0.0117472
0.0117371
0.0117234
0.0117019
0.0116802
0.0116595
0.0116374
0.011609
0.011574
0.0115381
0.0115115
0.0115301
0.0117249
0.0124858
0.0145627
0.00424001
0.00445227
0.0140827
0.0125954
0.0120027
0.0118614
0.0118449
0.0118337
0.0118089
0.011779
0.0117504
0.0117228
0.0116906
0.0116527
0.0116145
0.0115859
0.0116008
0.011785
0.0125245
0.0145899
0.00425557
0.00447552
0.014123
0.0126696
0.0121288
0.0119739
0.0119401
0.0119276
0.0119054
0.0118748
0.0118436
0.0118139
0.0117814
0.0117442
0.0117075
0.0116803
0.0116944
0.0118707
0.012592
0.014655
0.00427688
0.00449138
0.0141795
0.0126996
0.0122214
0.0120818
0.0120326
0.0120108
0.0119893
0.0119628
0.0119357
0.0119101
0.0118821
0.0118498
0.0118183
0.0117958
0.0118117
0.0119821
0.0126882
0.0147582
0.00430321
0.00449297
0.0142862
0.0127071
0.0122596
0.0121623
0.0121213
0.0120954
0.0120722
0.0120491
0.0120287
0.0120112
0.011992
0.0119685
0.0119456
0.0119305
0.0119503
0.012116
0.0128085
0.0148933
0.00433321
0.00447271
0.0144431
0.0127565
0.0122674
0.0121962
0.0121795
0.0121668
0.0121513
0.0121355
0.0121242
0.0121174
0.0121097
0.0120977
0.0120858
0.01208
0.0121047
0.012266
0.0129444
0.0150486
0.00436504
0.00442704
0.0145593
0.0128876
0.0123312
0.0122463
0.0122337
0.0122317
0.0122273
0.0122223
0.0122224
0.012228
0.0122335
0.012234
0.012234
0.0122381
0.0122679
0.0124238
0.0130852
0.0152084
0.00439672
0.00435949
0.0144415
0.0128999
0.0123728
0.0123032
0.0122947
0.0122998
0.0123056
0.0123119
0.012324
0.0123423
0.0123607
0.0123736
0.0123849
0.0123983
0.0124322
0.0125802
0.0132184
0.0153537
0.0044262
0.0533471
0.04075
0.0389146
0.037978
0.0377427
0.0380102
0.0384906
0.0388652
0.0390222
0.0391848
0.0396588
0.0402321
0.0402354
0.0391599
0.0371439
0.0352141
0.0346232
0.034969
0.0359404
0.0621426
0.0537603
0.0404753
0.0386361
0.0378657
0.0378287
0.0381961
0.0386382
0.0388814
0.0389156
0.0390412
0.0395563
0.040306
0.040438
0.0393815
0.0372872
0.0352591
0.0346435
0.0350033
0.0357977
0.0615258
0.054297
0.0403053
0.0384552
0.0378182
0.0379291
0.0383466
0.0387191
0.0388172
0.0387183
0.0388004
0.0393797
0.0403424
0.0406261
0.0396035
0.0374335
0.0353029
0.0346604
0.0350373
0.0355986
0.0609132
0.0549488
0.0402268
0.0383509
0.0378099
0.0380236
0.0384531
0.0387332
0.038671
0.0384218
0.0384631
0.0391295
0.0403419
0.0407951
0.0398199
0.0375803
0.035346
0.0346753
0.0350738
0.035385
0.0603053
0.0557074
0.0402281
0.0383069
0.0378232
0.0381001
0.0385137
0.0386857
0.0384451
0.0380225
0.0380356
0.0388138
0.0403074
0.0409435
0.0400245
0.0377233
0.0353877
0.0346889
0.0351131
0.0351782
0.0597015
0.0565647
0.0402983
0.0383104
0.0378457
0.0381526
0.0385306
0.0385852
0.0381499
0.037525
0.0375246
0.0384487
0.0402456
0.0410736
0.0402169
0.0378601
0.0354277
0.0347015
0.0351556
0.0349906
0.059102
0.0575125
0.0404284
0.038353
0.0378704
0.0381794
0.0385099
0.0384453
0.0378063
0.0369541
0.0369269
0.0380611
0.0401668
0.041185
0.0403935
0.0379881
0.0354657
0.0347132
0.0351997
0.0348286
0.0585065
0.0585435
0.0406101
0.0384287
0.0378941
0.0381824
0.0384601
0.0382796
0.0374308
0.0363022
0.0361416
0.0376806
0.0400844
0.04128
0.0405514
0.0381048
0.0355012
0.0347246
0.0352443
0.0346965
0.0579147
0.0596522
0.0408346
0.0385331
0.0379161
0.0381647
0.0383904
0.0381061
0.0370575
0.0356013
0.0350529
0.037344
0.0400096
0.0413585
0.0406891
0.0382081
0.0355331
0.0347358
0.0352879
0.0345962
0.0573272
0.0608383
0.041091
0.0386628
0.0379364
0.0381282
0.0383058
0.0379358
0.0367198
0.0349703
0.0337888
0.0370749
0.0399513
0.0414244
0.0408052
0.0382964
0.0355605
0.0347467
0.0353297
0.034527
0.0567454
0.062114
0.0413563
0.0388149
0.0379541
0.0380725
0.0382083
0.0377876
0.0365193
0.0343568
0.0329711
0.0369225
0.039926
0.0414631
0.0408782
0.0383687
0.0356076
0.0347715
0.0353626
0.03455
0.0561329
0.0635152
0.0415708
0.0389849
0.0379654
0.037993
0.0380991
0.037661
0.036325
0.0338477
0.0333814
0.0368614
0.0399037
0.0414889
0.0409364
0.038428
0.035644
0.0347918
0.0353958
0.0345848
0.055536
0.0650201
0.0417854
0.0391637
0.0379577
0.0378737
0.0379502
0.0374997
0.0361523
0.0336545
0.0336563
0.0369109
0.0399421
0.0415364
0.0409875
0.0384651
0.0356608
0.034806
0.0354291
0.0346171
0.0549623
0.066542
0.0421172
0.0393842
0.0379717
0.0377375
0.0377683
0.0373125
0.0359893
0.0336814
0.0339275
0.0370399
0.0400351
0.0416061
0.0410322
0.0384803
0.0356581
0.034814
0.0354625
0.0346468
0.0544105
0.0680765
0.0425902
0.0396511
0.0380336
0.0376099
0.0375617
0.0370993
0.0358314
0.0338257
0.034217
0.0372331
0.0401756
0.0416956
0.0410706
0.0384745
0.0356363
0.0348162
0.0354964
0.0346744
0.0538792
0.0696182
0.0432183
0.0399738
0.0381601
0.0375167
0.0373509
0.0368706
0.0356837
0.034018
0.0345309
0.0374829
0.0403586
0.0418016
0.0411021
0.038448
0.0355963
0.0348132
0.0355313
0.0346998
0.0533664
0.0711616
0.0440101
0.0403627
0.038365
0.0374884
0.0371692
0.0366537
0.035564
0.034213
0.0348648
0.0377837
0.0405791
0.0419214
0.0411258
0.0384011
0.0355387
0.0348059
0.0355673
0.0347227
0.0528707
0.0727026
0.0449668
0.0408301
0.0386588
0.0375536
0.0370562
0.0364876
0.0355024
0.0344236
0.0352343
0.0381337
0.0408319
0.042052
0.0411406
0.0383336
0.0354642
0.0347948
0.0356046
0.034743
0.0523908
0.0742381
0.0460809
0.0413873
0.0390478
0.0377333
0.0370508
0.0364166
0.0355347
0.034689
0.0356613
0.0385333
0.0411134
0.04219
0.0411438
0.038244
0.0353733
0.0347813
0.0356436
0.034761
0.0519256
0.0757642
0.047339
0.0420444
0.0395353
0.0380388
0.0371828
0.0364809
0.0356941
0.0350444
0.0361572
0.0389799
0.0414187
0.0423309
0.0411322
0.0381314
0.035267
0.0347665
0.0356849
0.0347767
0.0514739
0.0772773
0.0487226
0.0428078
0.0401214
0.0384722
0.037466
0.036705
0.0360033
0.0355183
0.0367287
0.0394684
0.0417408
0.0424688
0.0411025
0.0379951
0.0351464
0.0347521
0.0357291
0.0347898
0.0510347
0.0787743
0.0502103
0.0436782
0.0408021
0.0390269
0.0378998
0.0370936
0.0364666
0.0361173
0.0373742
0.039991
0.0420721
0.0425984
0.0410519
0.0378342
0.0350131
0.0347395
0.0357763
0.0348005
0.0506072
0.0802526
0.0517773
0.044651
0.041571
0.0396895
0.0384709
0.0376349
0.03707
0.036826
0.0380816
0.0405373
0.0424049
0.0427149
0.0409774
0.0376481
0.0348685
0.0347301
0.0358271
0.0348091
0.0501904
0.0817099
0.0533977
0.045716
0.04242
0.0404438
0.039158
0.0383046
0.0377876
0.0376218
0.0388323
0.0410949
0.0427316
0.042813
0.0408756
0.0374362
0.0347147
0.0347258
0.0358819
0.0348154
0.0497833
0.0831439
0.055047
0.0468587
0.0433383
0.0412724
0.039936
0.039072
0.0385893
0.0384764
0.0396046
0.0416518
0.0430448
0.0428873
0.0407434
0.0371985
0.034555
0.0347286
0.0359409
0.0348189
0.0493848
0.084552
0.0567027
0.0480618
0.044313
0.0421575
0.040779
0.0399062
0.039444
0.0393575
0.0403784
0.0421976
0.0433369
0.0429327
0.0405783
0.0369363
0.0343928
0.0347401
0.0360035
0.034819
0.0489935
0.0859322
0.0583444
0.0493061
0.0453299
0.0430814
0.0416627
0.0407791
0.040323
0.0402381
0.0411383
0.0427214
0.0436003
0.0429447
0.0403792
0.0366517
0.0342314
0.0347612
0.0360692
0.0348153
0.0486086
0.0872825
0.0599538
0.0505718
0.0463737
0.0440276
0.0425665
0.0416667
0.0412026
0.0411007
0.0418708
0.043213
0.0438287
0.0429201
0.0401454
0.0363473
0.0340743
0.0347925
0.0361375
0.0348078
0.0482293
0.0886009
0.0615157
0.05184
0.0474294
0.0449813
0.043473
0.0425493
0.0420647
0.0419317
0.0425642
0.0436652
0.0440177
0.0428563
0.0398771
0.0360262
0.0339248
0.0348349
0.0362084
0.034797
0.0478552
0.089885
0.0630187
0.0530936
0.0484824
0.0459291
0.0443673
0.0434112
0.042896
0.0427198
0.043212
0.0440737
0.0441637
0.0427517
0.0395754
0.0356928
0.033787
0.034889
0.0362817
0.0347831
0.0474853
0.0911331
0.0644539
0.0543177
0.0495193
0.0468589
0.0452373
0.0442413
0.043687
0.0434582
0.0438107
0.0444345
0.0442643
0.0426057
0.0392422
0.0353523
0.0336646
0.0349553
0.036357
0.0347658
0.0471187
0.0923445
0.065815
0.0554993
0.0505277
0.0477598
0.0460738
0.0450317
0.0444307
0.0441434
0.0443563
0.0447441
0.0443179
0.0424189
0.0388809
0.0350103
0.0335604
0.0350331
0.0364333
0.0347449
0.0467546
0.0935183
0.0670969
0.0566275
0.051497
0.0486235
0.04687
0.045776
0.045122
0.0447708
0.0448436
0.0450003
0.0443236
0.0421922
0.0384951
0.034672
0.0334764
0.0351213
0.0365096
0.0347205
0.0463926
0.0946537
0.0682965
0.057694
0.0524189
0.0494432
0.04762
0.0464692
0.0457565
0.0453348
0.0452702
0.0452023
0.0442814
0.0419272
0.0380891
0.0343427
0.0334135
0.0352188
0.0365854
0.0346935
0.0460325
0.0957497
0.069412
0.0586928
0.0532869
0.0502129
0.0483185
0.0471072
0.046331
0.0458339
0.0456378
0.0453498
0.0441911
0.041626
0.0376676
0.0340274
0.0333724
0.0353245
0.0366606
0.0346648
0.0456741
0.0968055
0.0704434
0.0596202
0.0540957
0.0509279
0.0489617
0.047687
0.0468441
0.0462706
0.0459477
0.0454426
0.0440544
0.0412923
0.037237
0.0337311
0.0333531
0.0354371
0.0367352
0.0346347
0.045317
0.0978206
0.0713916
0.0604736
0.0548418
0.051585
0.0495471
0.0482075
0.0472969
0.0466474
0.0462001
0.0454821
0.0438748
0.0409317
0.0368034
0.0334577
0.0333549
0.0355553
0.0368085
0.0346036
0.0449602
0.0987946
0.0722583
0.0612523
0.0555231
0.0521822
0.0500737
0.0486688
0.0476904
0.0469652
0.0463967
0.0454719
0.0436573
0.0405495
0.0363725
0.0332098
0.0333762
0.0356774
0.0368801
0.0345712
0.0446032
0.0997273
0.0730464
0.0619571
0.0561392
0.0527189
0.0505417
0.0490722
0.0480263
0.0472267
0.0465412
0.0454155
0.0434058
0.0401501
0.0359489
0.032989
0.0334151
0.0358019
0.0369492
0.0345376
0.0442456
0.100619
0.0737595
0.0625898
0.0566903
0.0531957
0.0509524
0.0494195
0.0483073
0.0474345
0.046634
0.0453137
0.0431225
0.0397376
0.0355373
0.0327964
0.0334699
0.0359275
0.0370157
0.034503
0.0438871
0.10147
0.0744014
0.0631525
0.057178
0.0536142
0.0513079
0.0497131
0.0485351
0.0475884
0.0466726
0.045167
0.0428109
0.0393172
0.0351429
0.0326328
0.0335388
0.0360536
0.0370797
0.0344677
0.0435279
0.102282
0.0749756
0.0636486
0.0576053
0.053977
0.0516102
0.0499547
0.0487106
0.0476873
0.0466583
0.0449812
0.0424776
0.0388952
0.03477
0.0324982
0.03362
0.0361792
0.037141
0.0344322
0.0431675
0.103053
0.075487
0.0640824
0.0579754
0.0542866
0.0518613
0.0501458
0.0488357
0.0477346
0.0466024
0.0447669
0.0421299
0.0384769
0.0344216
0.0323911
0.0337112
0.0363033
0.0371995
0.0343966
0.042806
0.103785
0.0759412
0.0644586
0.0582915
0.0545453
0.0520634
0.0502893
0.0489148
0.0477399
0.0465206
0.0445322
0.0417722
0.0380652
0.034099
0.0323096
0.03381
0.0364249
0.0372552
0.0343616
0.0424434
0.104479
0.0763431
0.0647813
0.0585569
0.0547561
0.05222
0.0503898
0.0489541
0.0477145
0.046417
0.044276
0.0414052
0.0376623
0.0338029
0.0322512
0.0339142
0.0365432
0.0373084
0.0343279
0.0420798
0.105137
0.0766967
0.0650542
0.0587749
0.0549226
0.0523353
0.0504518
0.0489588
0.0476606
0.0462794
0.0439939
0.0410309
0.0372716
0.0335344
0.032214
0.0340224
0.0366583
0.0373599
0.0342959
0.0417149
0.105759
0.0770055
0.0652814
0.0589497
0.0550489
0.052413
0.0504786
0.0489307
0.0475715
0.0460984
0.0436894
0.040655
0.0368975
0.0332944
0.0321961
0.0341336
0.0367707
0.0374103
0.0342655
0.0413482
0.106345
0.0772732
0.0654674
0.0590855
0.0551387
0.0524564
0.0504729
0.0488703
0.0474441
0.0458851
0.0433754
0.0402852
0.0365441
0.0330831
0.0321959
0.0342474
0.0368805
0.0374593
0.0342356
0.0409788
0.106896
0.0775049
0.0656172
0.0591865
0.0551955
0.0524686
0.0504375
0.0487811
0.0472888
0.0456633
0.0430637
0.039927
0.0362136
0.0328999
0.0322114
0.0343629
0.0369873
0.0375061
0.0342056
0.0406062
0.107413
0.0777059
0.0657353
0.0592567
0.0552232
0.0524538
0.0503772
0.0486701
0.0471207
0.0454436
0.0427563
0.0395823
0.0359069
0.0327434
0.0322407
0.0344789
0.0370903
0.03755
0.0341752
0.0402306
0.107897
0.0778804
0.065826
0.0593003
0.0552262
0.0524163
0.0502968
0.0485429
0.0469441
0.0452166
0.0424507
0.0392522
0.0356248
0.0326124
0.0322817
0.0345944
0.0371893
0.0375914
0.0341451
0.039852
0.108351
0.0780322
0.0658933
0.0593215
0.0552085
0.0523599
0.0501991
0.0483995
0.0467517
0.0449737
0.0421489
0.0389392
0.0353682
0.0325055
0.0323328
0.034709
0.0372847
0.0376311
0.0341157
0.0394704
0.108776
0.0781649
0.0659414
0.059324
0.0551729
0.0522863
0.0500843
0.0482388
0.0465411
0.0447231
0.0418576
0.0386455
0.0351369
0.0324208
0.0323925
0.0348225
0.0373771
0.0376695
0.0340866
0.0390849
0.109172
0.0782815
0.0659731
0.0593099
0.0551208
0.0521965
0.0499539
0.0480644
0.0463219
0.0444786
0.0415787
0.0383702
0.0349296
0.0323559
0.0324593
0.0349349
0.0374668
0.0377064
0.0340568
0.0386949
0.109542
0.0783837
0.06599
0.0592808
0.0550543
0.0520932
0.0498128
0.0478842
0.0461053
0.0442376
0.0413073
0.0381106
0.034744
0.0323086
0.0325323
0.0350461
0.0375538
0.0377412
0.0340255
0.0383
0.109886
0.0784723
0.0659941
0.0592391
0.0549761
0.0519804
0.0496655
0.047702
0.0458888
0.0439855
0.0410401
0.0378657
0.0345784
0.0322771
0.0326106
0.0351564
0.0376382
0.0377737
0.0339926
0.0379006
0.110204
0.0785492
0.0659877
0.0591875
0.0548893
0.0518609
0.0495132
0.0475152
0.0456625
0.0437226
0.0407831
0.0376364
0.0344316
0.0322599
0.032694
0.0352661
0.0377205
0.0378042
0.0339584
0.0374971
0.110496
0.078617
0.0659734
0.0591279
0.054795
0.0517345
0.0493539
0.0473203
0.0454264
0.0434702
0.040543
0.037423
0.0343028
0.0322563
0.0327825
0.0353759
0.0378015
0.0378336
0.0339235
0.0370898
0.110765
0.0786775
0.0659522
0.0590611
0.0546936
0.0516009
0.0491875
0.0471201
0.0451936
0.0432438
0.0403185
0.0372247
0.0341916
0.0322657
0.0328763
0.0354865
0.0378818
0.0378623
0.0338877
0.0366782
0.111011
0.0787314
0.065925
0.058988
0.0545858
0.0514614
0.0490173
0.046921
0.0449745
0.0430327
0.0401024
0.0370412
0.0340977
0.0322874
0.0329751
0.0355979
0.0379614
0.0378898
0.0338502
0.0362621
0.111235
0.0787798
0.0658931
0.0589102
0.0544737
0.0513191
0.048847
0.0467263
0.0447653
0.0428177
0.0398929
0.0368736
0.0340206
0.0323201
0.0330781
0.0357097
0.0380399
0.0379153
0.0338102
0.0358416
0.111439
0.0788248
0.0658585
0.0588295
0.0543593
0.0511756
0.0486772
0.0465341
0.0445562
0.0425978
0.0396949
0.0367227
0.0339586
0.0323622
0.0331845
0.0358218
0.038117
0.0379384
0.0337673
0.0354171
0.111624
0.0788679
0.0658221
0.0587466
0.0542428
0.0510307
0.0485071
0.0463421
0.0443463
0.0423864
0.0395112
0.0365868
0.0339097
0.0324124
0.0332942
0.0359341
0.0381928
0.0379592
0.0337219
0.0349898
0.111792
0.0789082
0.0657835
0.0586611
0.0541239
0.0508843
0.0483368
0.0461518
0.0441422
0.0421873
0.0393376
0.0364636
0.033873
0.0324705
0.0334075
0.0360475
0.038268
0.0379785
0.0336746
0.0345604
0.111943
0.0789442
0.0657422
0.0585732
0.0540033
0.0507374
0.0481678
0.0459654
0.0439459
0.0419877
0.0391691
0.0363528
0.0338486
0.0325364
0.0335246
0.0361623
0.0383432
0.0379966
0.0336255
0.0341294
0.112076
0.0789765
0.0656995
0.0584841
0.0538821
0.0505908
0.0480003
0.0457817
0.0437505
0.0417777
0.0390083
0.0362558
0.0338362
0.0326097
0.0336456
0.0362791
0.0384189
0.0380137
0.0335744
0.0336973
0.11219
0.0790078
0.065657
0.0583949
0.0537606
0.0504441
0.0478327
0.0455972
0.0435503
0.0415678
0.0388632
0.036173
0.0338344
0.0326894
0.0337704
0.0363981
0.0384952
0.0380297
0.0335208
0.033265
0.112287
0.0790402
0.0656152
0.058305
0.0536377
0.0502956
0.0476634
0.0454111
0.0433497
0.0413791
0.0387379
0.0361023
0.0338414
0.0327749
0.0338992
0.0365199
0.0385725
0.0380441
0.0334647
0.0328337
0.11237
0.0790728
0.0655734
0.0582137
0.0535128
0.0501454
0.0474934
0.0452271
0.0431598
0.0412211
0.0386283
0.0360413
0.0338565
0.0328668
0.0340332
0.0366452
0.0386508
0.0380574
0.033407
0.0324052
0.112438
0.079104
0.0655309
0.0581211
0.0533868
0.0499953
0.047326
0.0450502
0.0429873
0.0410833
0.038528
0.0359901
0.0338813
0.0329664
0.0341731
0.0367745
0.0387305
0.0380701
0.0333486
0.0319811
0.11249
0.0791342
0.0654892
0.0580291
0.053262
0.0498478
0.0471637
0.0448822
0.0428291
0.040951
0.0384356
0.035952
0.0339176
0.0330744
0.0343193
0.0369079
0.0388121
0.038083
0.0332904
0.0315626
0.112525
0.0791663
0.0654508
0.0579398
0.05314
0.0497039
0.0470063
0.0447207
0.0426773
0.0408198
0.0383557
0.0359297
0.0339656
0.0331903
0.0344713
0.0370454
0.0388959
0.0380966
0.0332328
0.0311507
0.112544
0.0792034
0.0654177
0.0578543
0.0530208
0.0495627
0.0468518
0.0445626
0.0425278
0.040696
0.0382923
0.0359229
0.0340233
0.0333127
0.0346287
0.037187
0.0389819
0.0381106
0.0331756
0.0307464
0.112548
0.0792465
0.0653902
0.0577721
0.0529036
0.049423
0.0466992
0.0444073
0.042383
0.0405857
0.0382432
0.0359279
0.0340886
0.033441
0.0347915
0.0373327
0.0390699
0.0381246
0.0331188
0.0303515
0.112538
0.0792951
0.0653683
0.0576931
0.0527881
0.0492851
0.0465498
0.0442574
0.0422474
0.0404859
0.0382021
0.0359411
0.0341603
0.0335753
0.0349602
0.0374826
0.0391596
0.0381389
0.0330634
0.0299674
0.112513
0.079349
0.0653525
0.0576182
0.0526758
0.049151
0.046406
0.0441158
0.0421223
0.0403877
0.0381648
0.0359614
0.0342389
0.0337166
0.0351356
0.0376372
0.0392516
0.0381542
0.0330102
0.0295956
0.112471
0.0794093
0.0653444
0.0575492
0.0525688
0.0490229
0.0462698
0.0439833
0.0420048
0.0402879
0.0381336
0.0359906
0.0343259
0.033866
0.0353184
0.0377974
0.0393466
0.0381711
0.0329596
0.0292366
0.112413
0.0794777
0.0653462
0.0574883
0.0524689
0.0489021
0.0461415
0.0438589
0.0418928
0.0401932
0.0381146
0.0360307
0.0344219
0.0340241
0.0355094
0.0379636
0.0394451
0.0381895
0.0329112
0.0288906
0.112337
0.0795553
0.0653593
0.0574369
0.0523771
0.0487888
0.0460206
0.043742
0.0417885
0.0401157
0.0381117
0.0360818
0.0345269
0.0341914
0.0357093
0.0381363
0.0395466
0.0382086
0.0328642
0.0285582
0.112243
0.0796424
0.065385
0.0573962
0.052294
0.0486832
0.0459074
0.0436339
0.0416971
0.0400615
0.0381235
0.0361424
0.0346406
0.0343686
0.0359186
0.0383152
0.0396504
0.0382276
0.0328185
0.0282405
0.112129
0.07974
0.065425
0.0573677
0.0522207
0.0485862
0.0458033
0.0435374
0.0416223
0.0400263
0.0381458
0.0362117
0.0347639
0.0345569
0.0361379
0.0385004
0.0397562
0.0382466
0.032775
0.0279383
0.111994
0.0798496
0.065481
0.0573529
0.0521588
0.0484997
0.0457108
0.0434547
0.0415639
0.0400025
0.0381767
0.0362912
0.0348988
0.034758
0.0363685
0.0386925
0.0398649
0.038267
0.0327349
0.027652
0.111838
0.0799724
0.0655547
0.0573539
0.0521104
0.048426
0.0456319
0.0433872
0.0415205
0.0399894
0.0382192
0.0363839
0.0350477
0.0349739
0.0366117
0.0388927
0.0399776
0.0382897
0.0326987
0.0273812
0.111659
0.0801083
0.0656473
0.0573726
0.052078
0.0483678
0.0455685
0.0433351
0.0414915
0.0399913
0.0382772
0.0364921
0.0352126
0.0352066
0.0368691
0.0391022
0.0400951
0.0383148
0.0326659
0.0271248
0.111457
0.0802553
0.0657599
0.0574115
0.0520644
0.0483273
0.0455219
0.0432989
0.0414777
0.0400099
0.0383503
0.0366159
0.0353949
0.035458
0.0371421
0.0393213
0.0402169
0.0383417
0.0326359
0.0268821
0.111229
0.0804124
0.0658946
0.0574735
0.0520722
0.0483063
0.0454933
0.0432796
0.0414804
0.0400428
0.0384356
0.0367547
0.0355959
0.0357297
0.0374313
0.0395499
0.0403424
0.0383695
0.0326082
0.0266525
0.11097
0.0805795
0.0660538
0.0575617
0.0521038
0.0483062
0.0454836
0.0432778
0.0414987
0.0400858
0.0385323
0.0369096
0.035818
0.0360239
0.0377379
0.0397882
0.0404715
0.0383986
0.0325832
0.0264356
0.110678
0.0807577
0.0662393
0.0576785
0.0521612
0.0483291
0.0454947
0.0432948
0.0415323
0.0401391
0.0386437
0.0370839
0.0360649
0.0363437
0.0380637
0.0400371
0.0406052
0.0384299
0.0325615
0.0262299
0.11035
0.0809468
0.0664521
0.057826
0.0522476
0.0483783
0.0455298
0.0433339
0.0415853
0.0402124
0.0387773
0.0372828
0.036341
0.0366931
0.0384116
0.0402988
0.0407447
0.038464
0.0325425
0.0260337
0.109985
0.0811454
0.0666934
0.0580076
0.0523675
0.0484587
0.0455939
0.0433999
0.041665
0.0403167
0.0389394
0.0375107
0.0366513
0.0370761
0.0387844
0.0405748
0.0408909
0.0385006
0.0325251
0.0258446
0.109577
0.0813528
0.0669661
0.0582284
0.052527
0.0485764
0.0456925
0.0434984
0.0417772
0.0404549
0.03913
0.0377704
0.0370005
0.0374968
0.0391842
0.0408658
0.0410431
0.0385382
0.0325073
0.0256607
0.10912
0.0815703
0.0672747
0.0584943
0.0527325
0.0487371
0.0458308
0.0436338
0.0419243
0.0406224
0.0393463
0.0380643
0.0373934
0.0379586
0.0396123
0.0411713
0.0411996
0.038575
0.0324879
0.0254804
0.10861
0.0817994
0.0676233
0.0588108
0.0529892
0.048946
0.0460132
0.0438098
0.0421074
0.0408165
0.0395893
0.038397
0.0378352
0.0384648
0.0400697
0.0414905
0.0413593
0.0386103
0.0324663
0.0253023
0.108044
0.0820392
0.0680144
0.059182
0.0533025
0.0492084
0.0462446
0.0440299
0.0423285
0.0410417
0.0398675
0.0387774
0.0383323
0.0390182
0.0405569
0.0418231
0.0415218
0.0386438
0.0324418
0.0251239
0.107417
0.0822855
0.0684485
0.059612
0.053679
0.0495324
0.0465329
0.0443006
0.0425934
0.0413085
0.0401941
0.0392173
0.0388924
0.0396219
0.0410748
0.0421693
0.0416872
0.038675
0.032413
0.0249421
0.106719
0.0825324
0.068927
0.0601067
0.0541272
0.0499283
0.046889
0.0446332
0.0429148
0.0416328
0.0405845
0.0397288
0.0395223
0.0402784
0.0416237
0.0425289
0.0418546
0.038702
0.0323766
0.0247526
0.105936
0.0827753
0.0694527
0.0606742
0.0546576
0.0504076
0.0473258
0.0450422
0.0433107
0.0420348
0.0410551
0.0403232
0.0402268
0.0409882
0.0422024
0.0428998
0.042021
0.0387207
0.0323276
0.0245513
0.105056
0.0830103
0.0700275
0.0613223
0.0552806
0.0509819
0.0478559
0.0455422
0.0437983
0.0425319
0.0416203
0.0410095
0.0410082
0.0417491
0.0428069
0.0432775
0.0421816
0.0387257
0.0322603
0.0243338
0.104066
0.0832309
0.0706489
0.0620546
0.0560046
0.0516622
0.0484922
0.0461481
0.0443929
0.0431376
0.0422918
0.0417933
0.0418652
0.0425557
0.0434308
0.0436556
0.04233
0.0387108
0.0321692
0.024096
0.102952
0.0834246
0.0713077
0.0628683
0.0568341
0.0524583
0.049248
0.0468751
0.0451093
0.0438647
0.0430786
0.0426768
0.0427927
0.0433998
0.044066
0.0440268
0.0424598
0.0386702
0.0320488
0.0238323
0.101688
0.0835708
0.0719891
0.0637554
0.0577696
0.0533776
0.0501354
0.0477377
0.0459626
0.044727
0.0439895
0.043659
0.0437825
0.0442707
0.0447025
0.0443824
0.0425633
0.038597
0.0318921
0.0235349
0.100234
0.0836406
0.0726741
0.064703
0.0588063
0.0544227
0.0511619
0.0487451
0.0469617
0.0457324
0.0450279
0.0447348
0.0448229
0.0451548
0.0453274
0.0447114
0.0426305
0.0384813
0.0316887
0.0231932
0.0985419
0.0835974
0.0733376
0.0656925
0.0599314
0.0555878
0.0523266
0.0498986
0.0481084
0.0468815
0.0461882
0.0458903
0.0458958
0.0460336
0.0459228
0.0449975
0.0426466
0.0383087
0.0314243
0.0227942
0.0965534
0.0833925
0.0739444
0.0666954
0.0611207
0.0568529
0.0536138
0.0511856
0.0493913
0.0481618
0.0474517
0.0471005
0.0469735
0.0468798
0.0464636
0.0452181
0.0425909
0.0380591
0.0310791
0.0223225
0.0941978
0.0829586
0.0744397
0.0676669
0.0623344
0.0581817
0.0549903
0.0525761
0.0507817
0.0495423
0.0487818
0.0483258
0.0480165
0.0476568
0.0469166
0.0453428
0.0424351
0.0377057
0.0306282
0.0217602
0.0913725
0.0822004
0.0747424
0.0685387
0.0635122
0.0595188
0.0564035
0.0540193
0.0522284
0.0509673
0.0501202
0.0495102
0.0489739
0.0483185
0.0472403
0.0453341
0.0421443
0.0372144
0.0300408
0.0210847
0.0878996
0.0809767
0.0747389
0.0692149
0.0645698
0.0607872
0.0577805
0.0554424
0.0536561
0.0523569
0.0513887
0.0505826
0.0497837
0.0488113
0.047387
0.045147
0.041676
0.0365449
0.0292806
0.02027
0.0834636
0.0790675
0.0742709
0.0695674
0.0653947
0.061883
0.0590231
0.0567486
0.0549665
0.0536136
0.0524963
0.0514635
0.050378
0.049075
0.0473017
0.044728
0.040976
0.0356457
0.0283017
0.0192862
0.0775202
0.0761094
0.0730997
0.0694187
0.0658389
0.0626718
0.0600027
0.0578127
0.0560361
0.0546213
0.0533402
0.0520638
0.0506791
0.049038
0.0469163
0.0440119
0.0399791
0.0344525
0.0270479
0.0180967
0.0695687
0.0714702
0.0708135
0.0684852
0.0656895
0.0629779
0.0605616
0.0584876
0.0567279
0.0552557
0.0538097
0.0522864
0.0505982
0.0486172
0.0461469
0.0429154
0.0386041
0.0328874
0.0254527
0.0166591
0.0595442
0.0628141
0.0663474
0.0661636
0.0645537
0.0625161
0.0604742
0.0585849
0.05688
0.0553744
0.0537757
0.0520113
0.0500223
0.0477061
0.0448915
0.0413359
0.0367508
0.0308561
0.0234384
0.0149304
0.0105707
0.0447024
0.0576871
0.061434
0.0618091
0.0608569
0.0594179
0.0578481
0.0562817
0.0547948
0.0530745
0.0510869
0.0488102
0.0461709
0.0430256
0.0391542
0.034302
0.0282536
0.0209281
0.012878
0.00813761
0.0308294
0.047162
0.0545625
0.0572692
0.0577286
0.0571284
0.0560401
0.054723
0.0533186
0.0515196
0.0493425
0.0468081
0.043873
0.0404153
0.0362374
0.0311262
0.0249684
0.0178632
0.0105082
0.00698398
0.0099891
0.0331387
0.0452311
0.0507281
0.0529325
0.0534163
0.0529836
0.0520413
0.050777
0.0489426
0.046622
0.0438723
0.0406771
0.0369224
0.0324383
0.0270877
0.0209182
0.0142552
0.00791483
0.00653875
0.00569647
0.0180631
0.0340753
0.0423043
0.046446
0.0482128
0.0485946
0.0481528
0.0470644
0.0452363
0.0428209
0.0398982
0.0364563
0.0323913
0.027592
0.0220779
0.0161298
0.0102838
0.00534498
0.00572606
0.00658932
0.00616585
0.0207496
0.0321649
0.0383387
0.0415329
0.0428746
0.0430714
0.0421626
0.0404117
0.0379262
0.034798
0.0310307
0.0265904
0.0215332
0.0161422
0.0109162
0.006428
0.0105404
0.00520403
0.00663735
0.00657681
0.00655234
0.0197892
0.0284589
0.0333816
0.0359167
0.0369578
0.0362946
0.0346349
0.03191
0.0283098
0.024025
0.0192675
0.0143893
0.00986364
0.00612277
0.0125938
0.00541266
0.00447559
0.00626334
0.00805668
0.00663635
0.00684662
0.0178985
0.0245662
0.0285601
0.0310737
0.0302471
0.0277044
0.0240303
0.0197149
0.0152581
0.0110874
0.00751916
0.00479344
0.00972212
0.00542431
0.00405423
0.00344798
0.00502109
0.00659446
0.00735873
0.00668155
0.00672083
0.0170625
0.0232287
0.0277792
0.0225917
0.017226
0.0130794
0.00975487
0.00705185
0.00484264
0.0112069
0.00649446
0.00471555
0.00408864
0.00373284
0.00236159
0.00342003
0.00456778
0.0054977
0.00635429
0.00820013
0.0132697
0.0293163
0.0662805
0.00338619
0.00341653
0.00339982
0.00310342
0.00986075
0.00659109
0.00493483
0.00421629
0.00394292
0.0038071
0.00357264
0.00163401
0.00213762
0.00264942
0.00303206
0.00323607
0.00370037
0.00648054
0.0120991
0.00598113
0.00245533
0.00208229
0.0082334
0.00605333
0.00478487
0.00412153
0.00384208
0.00373982
0.00370105
0.00364835
0.00343217
0.00489547
0.0014386
0.00153063
0.0016098
0.00179824
0.00210941
0.00203306
0.00156475
0.00109721
0.00130811
0.00492882
0.00410014
0.00371751
0.00355952
0.00351684
0.00351479
0.0035256
0.00353783
0.00350952
0.00329935
0.00518799
0.00501494
0.00452038
0.00099152
0.00536842
0.00137774
0.00118752
0.000905014
0.000728548
0.0032207
0.00320661
0.00318946
0.00321641
0.00326208
0.00330078
0.00333157
0.00336441
0.00339525
0.00337911
0.00317623
0.00613779
0.00540396
0.00473969
0.00414357
0.00385158
0.00458938
0.000933924
0.00311145
0.00264363
0.00287389
0.00294201
0.00300657
0.00306835
0.00311556
0.00314953
0.00318242
0.00322529
0.003267
0.00325925
0.00306467
0.00665006
0.00575033
0.005203
0.00451866
0.00360901
0.00325802
0.00346145
0.00294286
0.00281588
0.00283944
0.00288246
0.00292939
0.00296963
0.00299984
0.00302469
0.00305625
0.00310377
0.0031523
0.00315137
0.00296354
0.00675801
0.00615557
0.00546423
0.00448611
0.00360727
0.00319147
0.00299757
0.00287174
0.00282963
0.00282639
0.00284465
0.00286804
0.00288735
0.00290283
0.00292001
0.00294911
0.00299722
0.00304898
0.0030531
0.00287008
0.00693106
0.00657393
0.0057369
0.00455118
0.00365902
0.00326152
0.0030463
0.00290209
0.00284122
0.00281382
0.00281047
0.00281502
0.00281828
0.00282086
0.00282933
0.00285408
0.00290045
0.00295301
0.00296053
0.00278341
0.00699693
0.00678788
0.00586263
0.00459304
0.00373491
0.00331821
0.0030724
0.00291478
0.00284011
0.00279709
0.00277771
0.00276768
0.00275901
0.00275072
0.0027495
0.00276701
0.0028092
0.00286132
0.00287207
0.00270541
0.00716137
0.00694541
0.00597728
0.00459296
0.00380544
0.00335638
0.00307956
0.00291661
0.00283205
0.00277997
0.00274949
0.00272754
0.00270755
0.00268907
0.00267881
0.00268854
0.00272577
0.0027772
0.00279173
0.00263895
0.00733808
0.00712187
0.00611927
0.00453413
0.00382824
0.00336562
0.00307736
0.00291754
0.00282603
0.00276809
0.00272963
0.00269767
0.00266647
0.00263753
0.00261828
0.0026209
0.00265417
0.00270609
0.00272538
0.00258592
0.00754566
0.0072816
0.00628614
0.00456011
0.0038294
0.00335981
0.00308146
0.00292683
0.00283037
0.00276673
0.00272054
0.0026791
0.00263796
0.00259967
0.00257206
0.00256801
0.00259791
0.002651
0.00267491
0.00254486
0.00783164
0.00732515
0.00624901
0.00459914
0.003812
0.00334811
0.0030979
0.00294545
0.00284611
0.00277672
0.00272227
0.00267148
0.00262137
0.00257519
0.00254085
0.00253124
0.00255825
0.0026123
0.00263931
0.0025131
0.00819883
0.00727581
0.00603314
0.0045923
0.0037931
0.00335177
0.00311971
0.00296922
0.00286832
0.00279334
0.00273074
0.00267155
0.00261361
0.00256095
0.00252147
0.00250753
0.00253229
0.0025869
0.00261531
0.00248806
0.00858103
0.00712569
0.0057547
0.00454182
0.00376861
0.00336909
0.00314007
0.0029916
0.00288967
0.00280979
0.00273979
0.00267367
0.00261003
0.00255299
0.00250996
0.00249302
0.00251613
0.00257048
0.00259851
0.00246764
0.0087786
0.00717478
0.00568737
0.00449664
0.00374864
0.00337756
0.00315202
0.00300467
0.0029014
0.00281795
0.00274295
0.00267266
0.0026065
0.00254779
0.00250316
0.00248471
0.00250672
0.00256022
0.00258637
0.00245118
0.00880217
0.00732397
0.00568782
0.00446032
0.00373071
0.00337548
0.00315361
0.00300686
0.00290115
0.00281479
0.00273767
0.00266711
0.00260231
0.00254482
0.00250046
0.00248134
0.00250216
0.00255423
0.0025776
0.00243888
0.00891806
0.00748915
0.00571073
0.00443108
0.00371281
0.00336141
0.00314354
0.00299855
0.00289177
0.00280466
0.00272851
0.00266114
0.00260062
0.00254638
0.00250322
0.00248309
0.00250183
0.00255162
0.00257153
0.00243052
0.00907147
0.00763638
0.00575758
0.00442227
0.00370509
0.00334518
0.00312762
0.00298388
0.00287834
0.00279405
0.00272283
0.00266133
0.00260594
0.00255457
0.00251128
0.00248854
0.00250445
0.00255179
0.00256804
0.00242593
0.00924032
0.00766861
0.0057869
0.00442153
0.00370303
0.00333235
0.00311382
0.00297165
0.00286912
0.0027902
0.00272644
0.00267156
0.00261986
0.00256848
0.00252163
0.00249412
0.0025072
0.0025532
0.00256716
0.00242555
0.00951735
0.00779044
0.0058121
0.00442423
0.00370085
0.00332239
0.00310511
0.00296724
0.00287041
0.00279851
0.00274173
0.00269076
0.00263855
0.0025826
0.00252902
0.00249608
0.0025078
0.00255516
0.00256971
0.0024297
0.00968361
0.00791653
0.00582904
0.0044258
0.00369628
0.00331533
0.00310247
0.00297182
0.00288318
0.00281834
0.00276522
0.00271291
0.00265441
0.0025896
0.00252836
0.00249215
0.00250628
0.00255913
0.00257739
0.00243802
0.00983832
0.0080062
0.00582414
0.00442171
0.00368686
0.00331096
0.00310662
0.00298527
0.00290481
0.00284398
0.00278911
0.00272973
0.00266059
0.00258552
0.00251867
0.00248361
0.00250511
0.00256741
0.00259092
0.00244915
0.00996219
0.0080407
0.00580454
0.00440214
0.00367291
0.00330876
0.00311632
0.00300489
0.00293012
0.00286842
0.00280627
0.0027358
0.00265517
0.00257225
0.00250434
0.00247543
0.00250812
0.00258125
0.00260891
0.00246094
0.0100401
0.00801586
0.00577683
0.00437526
0.00365975
0.00331061
0.00313044
0.00302669
0.0029534
0.00288661
0.0028141
0.00273191
0.00264257
0.00255664
0.00249267
0.00247328
0.00251806
0.00260031
0.0026286
0.00247126
0.0100724
0.00795803
0.00574633
0.00435084
0.003652
0.0033178
0.00314775
0.00304776
0.00297172
0.00289755
0.00281506
0.00272423
0.00263125
0.00254727
0.00249029
0.00248062
0.00253516
0.00262272
0.00264712
0.00247942
0.0100764
0.007907
0.00572328
0.00433673
0.00365159
0.00332924
0.00316569
0.00306603
0.00298498
0.00290379
0.00281486
0.0027207
0.00262914
0.0025503
0.00250032
0.0024977
0.00255792
0.00264615
0.00266254
0.00248688
0.0100793
0.00788834
0.00571397
0.00433415
0.00365769
0.00334269
0.0031816
0.00308014
0.00299439
0.00290915
0.00281908
0.00272695
0.00264006
0.00256689
0.00252198
0.00252258
0.00258426
0.00266939
0.0026755
0.00249633
0.0101085
0.00790502
0.00571652
0.00433732
0.00366584
0.00335489
0.0031935
0.00308988
0.0030018
0.00291675
0.00283033
0.00274385
0.00266277
0.00259404
0.00255144
0.00255209
0.00261234
0.00269267
0.00268869
0.00251026
0.0101709
0.00794819
0.00572167
0.00433903
0.00367089
0.00336269
0.00320067
0.0030963
0.00300919
0.00292791
0.00284768
0.00276813
0.00269255
0.00262642
0.00258376
0.00258288
0.00264108
0.00271699
0.00270477
0.00252923
0.0102543
0.00799536
0.00571991
0.00433527
0.00367097
0.00336616
0.00320495
0.00310192
0.00301832
0.00294234
0.0028684
0.00279503
0.00272355
0.00265853
0.00261485
0.00261243
0.00266944
0.00274278
0.00272507
0.00255273
0.0103375
0.0080257
0.00570687
0.00432704
0.00366926
0.00336949
0.00321108
0.00311068
0.003031
0.00295955
0.0028901
0.00282061
0.0027513
0.00268639
0.00264188
0.00263896
0.00269645
0.00276969
0.0027495
0.00258001
0.0104009
0.0080333
0.00568819
0.00432111
0.00367254
0.00337906
0.00322471
0.00312693
0.00304926
0.00297972
0.00291173
0.00284302
0.00277394
0.00270874
0.00266406
0.00266196
0.00272179
0.00279766
0.00277791
0.0026108
0.0104319
0.00803001
0.00567721
0.00432667
0.00368789
0.00340043
0.00324978
0.00315313
0.00307446
0.00300342
0.00293358
0.00286298
0.00279243
0.00272659
0.00268237
0.00268258
0.00274656
0.00282751
0.00281062
0.00264512
0.0104347
0.00803262
0.00568398
0.00434953
0.00371852
0.00343548
0.00328669
0.00318871
0.00310621
0.00303082
0.00295653
0.00288226
0.00280933
0.00274259
0.00269951
0.00270298
0.00277291
0.00286092
0.00284844
0.00268298
0.0104257
0.00805472
0.00570898
0.00438351
0.00376016
0.00348029
0.00333135
0.00323016
0.00314213
0.00306084
0.00298126
0.00290289
0.00282746
0.00275996
0.0027187
0.00272602
0.00280261
0.00289869
0.0028918
0.00272354
0.0104177
0.00808351
0.00574689
0.00442365
0.00380422
0.00352644
0.00337616
0.0032717
0.00317863
0.00309191
0.00300794
0.00292629
0.00284886
0.00278116
0.00274171
0.00275298
0.00283616
0.00294046
0.00293967
0.00276467
0.0104096
0.00810034
0.00578467
0.00446108
0.00384257
0.00356534
0.00341401
0.00330754
0.00321187
0.00312226
0.00303597
0.00295269
0.00287427
0.00280663
0.0027686
0.00278307
0.00287222
0.00298431
0.00298918
0.00280398
0.010394
0.00809133
0.00580818
0.00448833
0.00387037
0.00359323
0.00344191
0.00333554
0.00324048
0.00315131
0.00306487
0.0029813
0.00290263
0.002835
0.00279775
0.00281449
0.00290858
0.00302733
0.00303677
0.00284014
0.0103622
0.00806254
0.00581476
0.00450345
0.00388687
0.0036111
0.00346172
0.0033578
0.0032658
0.00317926
0.00309425
0.00301089
0.00293196
0.00286421
0.00282728
0.00284566
0.00294375
0.00306798
0.00308141
0.00287486
0.0103118
0.00805724
0.0058166
0.0045128
0.003899
0.00362572
0.00347962
0.00337938
0.00329102
0.00320715
0.00312371
0.00304077
0.00296162
0.00289374
0.00285714
0.00287689
0.00297813
0.00310739
0.0031275
0.00291581
)
;

boundaryField
{
    wall
    {
        type            compressible::alphatJayatillekeWallFunction;
        Prt             0.85;
        value           uniform 0;
    }
    inlet
    {
        type            calculated;
        value           uniform 0.189515;
    }
    outlet
    {
        type            calculated;
        value           nonuniform List<scalar> 
20
(
0.0705322
0.0588856
8.06525
8.06525
8.06525
8.06525
8.06525
8.06525
8.06525
8.06525
8.06525
8.06525
0.0597952
0.0583912
0.0579463
0.0579766
0.0579416
0.0575806
0.0567037
0.073492
)
;
    }
    heatWall
    {
        type            compressible::alphatJayatillekeWallFunction;
        Prt             0.85;
        value           nonuniform List<scalar> 
840
(
0.00015828
0.000157226
0.000156114
0.000154975
0.000153818
0.000152666
0.000151537
0.000150447
0.000149402
0.000148401
0.000147437
0.000146498
0.00014557
0.000144638
0.000143691
0.000142722
0.000141729
0.000140715
0.000139688
0.000138658
0.00013736
0.00013609
0.00013487
0.000133721
0.000132615
0.000131536
0.000130481
0.000129445
0.000128425
0.000127414
0.00012641
0.000125412
0.000124422
0.000123445
0.000122489
0.000121563
0.000120673
0.000119822
0.000119012
0.000118237
0.000117489
0.000116756
0.000116024
0.00011528
0.00011451
0.000113702
0.000112851
0.000111952
0.000111007
0.000110024
1.11804e-10
1.13206e-10
1.14987e-10
1.16988e-10
1.19317e-10
1.21901e-10
1.24745e-10
1.27885e-10
1.31414e-10
1.35442e-10
1.40032e-10
1.4512e-10
1.50493e-10
1.55832e-10
1.60805e-10
1.65188e-10
1.68922e-10
1.72071e-10
1.74702e-10
1.76806e-10
1.78276e-10
1.78984e-10
1.78892e-10
1.78122e-10
1.76977e-10
1.75831e-10
1.74988e-10
1.74577e-10
1.7454e-10
1.74678e-10
1.74756e-10
1.74593e-10
1.74115e-10
1.73315e-10
1.72209e-10
1.70811e-10
1.69105e-10
1.67081e-10
1.64783e-10
1.62335e-10
1.59911e-10
1.5768e-10
7.86202e-07
1.63588e-06
2.48891e-06
3.3679e-06
4.28612e-06
5.23791e-06
6.19886e-06
7.13445e-06
8.01192e-06
8.81522e-06
9.55277e-06
1.02551e-05
1.09575e-05
1.16852e-05
1.24422e-05
1.32138e-05
1.39715e-05
1.46897e-05
1.53603e-05
1.60054e-05
1.66646e-05
1.73832e-05
1.81962e-05
1.91153e-05
2.0123e-05
2.11756e-05
2.22168e-05
2.31956e-05
2.40825e-05
2.488e-05
2.56143e-05
2.63235e-05
2.70426e-05
2.77903e-05
2.85688e-05
2.93651e-05
3.01527e-05
3.09062e-05
3.16114e-05
3.22705e-05
3.28986e-05
3.35143e-05
3.41296e-05
3.47438e-05
3.53426e-05
3.59047e-05
3.6411e-05
3.6854e-05
3.72484e-05
3.76215e-05
3.80071e-05
3.84369e-05
3.893e-05
3.94918e-05
4.01139e-05
4.07788e-05
4.14681e-05
4.21675e-05
4.28744e-05
4.35957e-05
4.43441e-05
4.51328e-05
4.59697e-05
4.68543e-05
4.77798e-05
4.87324e-05
4.96963e-05
5.06617e-05
5.16353e-05
5.26342e-05
5.36861e-05
5.48225e-05
5.60716e-05
5.74514e-05
5.89659e-05
6.06042e-05
6.23465e-05
6.41684e-05
6.60492e-05
6.79846e-05
6.99852e-05
7.20747e-05
7.42823e-05
7.66311e-05
7.91225e-05
8.09745e-05
8.22435e-05
8.33233e-05
8.43234e-05
8.52479e-05
8.6062e-05
8.67746e-05
8.73964e-05
8.79571e-05
8.84996e-05
8.907e-05
8.97072e-05
9.04345e-05
9.12557e-05
9.21648e-05
9.31448e-05
9.41473e-05
9.51195e-05
9.60219e-05
9.68569e-05
9.76284e-05
9.83538e-05
9.90599e-05
9.97767e-05
0.000100533
0.000101351
0.000102244
0.000103214
0.000104253
0.000105344
0.000106464
0.000107583
0.000108667
0.00266398
0.00263695
0.00261009
0.00258337
0.0025568
0.00253038
0.00250413
0.00247802
0.00245209
0.00242633
0.00240075
0.00237618
0.00235266
0.00233012
0.00230848
0.00228767
0.00226761
0.00224824
0.00222948
0.00221126
0.00219354
0.00217624
0.00215932
0.00214271
0.00212636
0.00211022
0.00209423
0.00207836
0.00206255
0.00204678
0.00203101
0.0020152
0.00199934
0.00198341
0.00196741
0.00195133
0.00193515
0.00191889
0.00190254
0.00188611
0.00186959
0.00185301
0.00183636
0.00181966
0.00180291
0.00178613
0.00176932
0.00175246
0.00173557
0.00171865
0.00170169
0.00168469
0.00166765
0.00165053
0.00163333
0.00161605
0.00159867
0.0015812
0.00156361
0.0015459
0.00152806
0.00151007
0.00149193
0.00147366
0.00145524
0.00143667
0.00141796
0.00139914
0.00138021
0.00136121
0.00134216
0.00132309
0.00130403
0.00128501
0.00126607
0.00124727
0.00122862
0.00121016
0.00119192
0.00117393
0.00115624
0.00113886
0.00112179
0.00110506
0.00108864
0.00107254
0.00105674
0.00104122
0.00102595
0.00101086
0.000995889
0.000980981
0.000966052
0.000951005
0.000935719
0.000920053
0.000903854
0.000886955
0.000869174
0.000850299
0.000830072
0.000808179
0.000784236
0.000757785
0.000728284
0.000695076
0.000657374
0.000614248
0.000564627
0.000507364
0.000441417
0.000366259
0.000282705
0.000194292
0.000108929
3.91895e-05
1.45394e-06
1.40887e-09
1.11956e-09
9.20345e-10
7.77749e-10
6.71978e-10
5.91462e-10
5.29541e-10
4.81965e-10
4.45336e-10
4.16594e-10
3.93062e-10
3.72704e-10
3.5437e-10
3.37665e-10
3.22431e-10
3.0854e-10
2.9594e-10
2.84779e-10
2.75507e-10
2.68501e-10
2.63383e-10
2.5862e-10
2.51774e-10
2.40566e-10
2.24146e-10
2.03859e-10
1.83056e-10
1.65747e-10
1.54825e-10
1.50828e-10
1.51696e-10
1.54137e-10
1.55851e-10
1.55813e-10
1.53625e-10
1.49233e-10
1.42482e-10
1.33522e-10
1.23283e-10
1.13415e-10
1.06102e-10
1.01895e-10
1.109e-10
0.00313937
0.00311068
0.00308056
0.0030493
0.00301803
0.00298783
0.0029581
0.00292853
0.00290051
0.00287573
0.002855
0.00283865
0.00282717
0.00282158
0.00282474
0.00284486
0.00289801
0.0029956
0.00311265
0.00319252
0.00321936
0.00321284
0.00319551
0.00317415
0.00314936
0.003121
0.00309031
0.00306341
0.00304757
0.00304171
0.00304017
0.0030389
0.00303496
0.00302663
0.0030134
0.00299555
0.00297503
0.00295427
0.00293326
0.00291199
0.00289048
0.00286873
0.00284681
0.00282472
0.00280249
0.00278014
0.00275771
0.00273522
0.0027127
0.00269015
4.22817e-05
4.22141e-05
4.23397e-05
4.25933e-05
4.2972e-05
4.33671e-05
4.36496e-05
4.37302e-05
4.3621e-05
4.34473e-05
4.3341e-05
4.33812e-05
4.35581e-05
4.38164e-05
4.40548e-05
4.41909e-05
4.42104e-05
4.41804e-05
4.42042e-05
4.4346e-05
4.4613e-05
4.49644e-05
4.53486e-05
4.57153e-05
4.60645e-05
4.64235e-05
4.6824e-05
4.72785e-05
4.77701e-05
4.82624e-05
4.8725e-05
4.91549e-05
4.95846e-05
5.00699e-05
5.0667e-05
5.14099e-05
5.22952e-05
5.32887e-05
5.43502e-05
5.54341e-05
5.65237e-05
5.76398e-05
5.88344e-05
6.01783e-05
6.17143e-05
6.34529e-05
6.53873e-05
6.74725e-05
6.96562e-05
7.19026e-05
7.4205e-05
7.65822e-05
7.90721e-05
8.17002e-05
8.33194e-05
8.42162e-05
8.48129e-05
8.5289e-05
8.56158e-05
8.58354e-05
8.59965e-05
8.61441e-05
8.63077e-05
8.649e-05
8.66863e-05
8.68884e-05
8.7071e-05
8.72195e-05
8.73411e-05
8.74662e-05
8.76386e-05
8.78995e-05
8.8267e-05
8.87249e-05
8.92236e-05
8.96953e-05
9.00777e-05
9.03364e-05
9.04722e-05
9.0523e-05
9.0575e-05
9.06828e-05
9.08793e-05
9.11669e-05
9.1527e-05
9.19452e-05
9.23815e-05
9.2803e-05
9.31921e-05
9.35477e-05
9.38786e-05
9.41964e-05
9.4509e-05
9.4818e-05
9.51204e-05
9.54117e-05
9.56891e-05
9.59541e-05
9.62117e-05
9.64673e-05
9.6723e-05
9.69744e-05
9.72099e-05
9.74145e-05
9.75752e-05
9.7687e-05
9.77558e-05
9.7799e-05
9.78413e-05
9.7924e-05
9.80649e-05
9.82678e-05
9.85324e-05
9.88504e-05
9.91983e-05
9.95487e-05
9.9879e-05
0.000100177
0.000100447
0.000100702
0.000100965
0.000101265
0.00010161
0.000101998
0.000102416
0.000102835
0.00010322
0.000103536
0.000103759
0.00010388
0.000103906
0.00010386
0.000103802
0.000103771
0.000103798
0.000103899
0.000104071
0.000104312
0.000104613
0.000104941
0.000105261
0.000105546
0.000105775
0.000105949
0.000106079
0.000106191
0.000106319
0.000106493
0.000106744
0.00010708
0.000107501
0.000108002
0.000108559
0.000109143
0.000109722
0.000110265
0.000110734
0.000111093
0.000111294
0.000111229
0.00015816
0.000157315
0.000156557
0.000155378
0.000154066
0.000152816
0.000151661
0.000150552
0.000149457
0.000148377
0.000147328
0.000146316
0.000145339
0.000144385
0.000143441
0.000142496
0.000141539
0.000140562
0.000139564
0.000138543
0.000137229
0.000135927
0.000134647
0.000133494
0.000132424
0.000131426
0.000130426
0.000129467
0.000128568
0.000127723
0.00012692
0.000126139
0.000125362
0.000124572
0.000123758
0.000122913
0.000122033
0.000121118
0.000120172
0.0001192
0.000118195
0.000117174
0.000116158
0.000115168
0.000114226
0.000113342
0.000112518
0.000111762
0.000111104
0.00011059
0.00335833
0.00332011
0.00328333
0.00324599
0.00320809
0.00316952
0.00313032
0.00309057
0.0030504
0.00301001
0.00296959
0.00292935
0.00288946
0.0028501
0.00281141
0.00277352
0.00273651
0.00270048
0.00266546
0.0026315
0.00259867
0.00256715
0.00253719
0.00250919
0.00248348
0.00246033
0.00243987
0.00242223
0.00240763
0.00239345
0.00235673
0.00233225
0.00231135
0.00229325
0.00227749
0.00226398
0.00225289
0.0022444
0.00223871
0.00223596
0.00223627
0.00223975
0.00224651
0.00225664
0.00227018
0.00228714
0.00230744
0.0023309
0.00235716
0.00238558
0.00242088
0.00245662
0.00249585
0.0025383
0.00258377
0.00263207
0.00268306
0.00273663
0.00279276
0.00285142
0.00291255
0.00297574
0.00303974
0.00310346
0.00316676
0.00322948
0.00329148
0.00335266
0.00341291
0.00347216
0.00353031
0.0035873
0.00364307
0.00369757
0.00375074
0.00380255
0.00385294
0.00390189
0.00394938
0.00399535
0.00403981
0.00408273
0.00412411
0.00416395
0.00420224
0.00423898
0.00427419
0.00430788
0.00434008
0.00437082
0.00440012
0.00442803
0.00445458
0.00447979
0.00450371
0.00452639
0.00454786
0.00456818
0.00458738
0.00460552
0.00462265
0.00463881
0.00465403
0.00466837
0.00468184
0.0046945
0.00470636
0.00471747
0.00472786
0.00473757
0.00474663
0.00475505
0.00476288
0.00477014
0.00477682
0.00478292
0.00478845
0.00479343
0.00479789
0.00480182
0.00480522
0.00480806
0.00481033
0.00481205
0.0048132
0.00481374
0.00481363
0.00481284
0.00481134
0.00480911
0.00480607
0.00480219
0.0047974
0.00479166
0.00478489
0.00477701
0.00476792
0.00475751
0.0047457
0.00473236
0.00471734
0.00470049
0.00468161
0.0046605
0.00463692
0.0046105
0.00458084
0.00454744
0.00450975
0.00446711
0.00441858
0.00436296
0.00429872
0.0042239
0.00413599
0.00403135
0.00390431
0.00374529
0.00353675
0.00324453
0.00267985
0.00127213
0.000807338
0.000596801
0.000479916
0.000389564
0.000315197
0.000253821
0.000193719
0.000126688
6.06161e-05
1.66666e-05
1.32343e-06
6.42903e-10
2.08713e-06
6.86722e-06
1.02403e-05
1.25916e-05
1.43503e-05
1.60366e-05
1.76232e-05
1.92021e-05
2.10391e-05
2.33163e-05
2.59301e-05
2.83158e-05
3.0153e-05
3.17307e-05
3.32658e-05
3.48294e-05
3.66264e-05
3.80783e-05
3.92209e-05
4.00381e-05
4.05634e-05
4.0892e-05
4.11554e-05
4.14832e-05
4.19221e-05
4.24348e-05
4.294e-05
4.33564e-05
4.36359e-05
4.37825e-05
4.38473e-05
4.38718e-05
4.38538e-05
4.37786e-05
4.36383e-05
4.34543e-05
)
;
    }
}


// ************************************************************************* //
