/*--------------------------------*- C++ -*----------------------------------*\
  =========                 |
  \\      /  F ield         | OpenFOAM: The Open Source CFD Toolbox
   \\    /   O peration     | Website:  https://openfoam.org
    \\  /    A nd           | Version:  8
     \\/     M anipulation  |
\*---------------------------------------------------------------------------*/
FoamFile
{
    version     2.0;
    format      ascii;
    class       volScalarField;
    location    "300";
    object      alphat;
}
// * * * * * * * * * * * * * * * * * * * * * * * * * * * * * * * * * * * * * //

dimensions      [1 -1 -1 0 0 0 0];

internalField   nonuniform List<scalar> 
8400
(
0.347611
0.347284
0.346955
0.346625
0.346294
0.345962
0.345628
0.345291
0.344953
0.344613
0.34427
0.343924
0.343575
0.343222
0.342866
0.342507
0.342143
0.341775
0.341403
0.341026
0.340644
0.340257
0.339865
0.339467
0.339064
0.338655
0.338242
0.337829
0.337416
0.337004
0.336596
0.336193
0.335797
0.335409
0.335033
0.334671
0.334327
0.334005
0.33371
0.333447
0.333222
0.333045
0.332923
0.33287
0.332899
0.33303
0.333288
0.333707
0.334331
0.335219
0.147052
0.147132
0.147207
0.147278
0.147349
0.147419
0.147488
0.147555
0.147623
0.147689
0.147754
0.147818
0.147882
0.147945
0.148007
0.14807
0.148132
0.148195
0.148258
0.148324
0.148391
0.14846
0.148534
0.148612
0.148695
0.148786
0.148882
0.148982
0.149085
0.149192
0.149303
0.14942
0.149543
0.149673
0.149812
0.14996
0.150119
0.150291
0.150477
0.150681
0.150905
0.151151
0.151424
0.151729
0.152071
0.152456
0.152895
0.153399
0.153983
0.154668
0.092749
0.0929319
0.0931149
0.0932979
0.0934806
0.093663
0.0938449
0.0940265
0.0942075
0.0943881
0.0945682
0.0947478
0.0949271
0.0951059
0.0952844
0.0954627
0.0956409
0.0958191
0.0959976
0.0961764
0.0963559
0.0965363
0.096718
0.0969015
0.0970873
0.0972759
0.0974656
0.0976556
0.0978461
0.098037
0.0982286
0.0984209
0.0986142
0.0988085
0.0990042
0.0992015
0.0994007
0.0996022
0.0998062
0.100013
0.100224
0.100439
0.10066
0.100886
0.101119
0.101361
0.101613
0.101877
0.102156
0.102454
0.0874238
0.0875919
0.0877604
0.0879293
0.0880985
0.0882682
0.0884384
0.088609
0.0887801
0.0889517
0.0891238
0.0892964
0.0894695
0.0896432
0.0898174
0.0899922
0.0901676
0.0903436
0.0905203
0.0906977
0.0908758
0.0910546
0.0912342
0.0914145
0.0915953
0.0917768
0.091959
0.0921417
0.0923252
0.0925092
0.092694
0.0928794
0.0930655
0.0932523
0.0934398
0.093628
0.0938169
0.0940067
0.0941971
0.0943884
0.0945806
0.0947736
0.0949676
0.0951626
0.0953586
0.0955559
0.0957545
0.0959547
0.0961567
0.0963608
0.0875912
0.0877553
0.0879201
0.0880854
0.0882513
0.0884177
0.0885847
0.0887522
0.0889205
0.0890893
0.0892589
0.0894291
0.0896
0.0897716
0.089944
0.0901171
0.090291
0.0904656
0.090641
0.0908171
0.090994
0.0911717
0.0913501
0.0915292
0.0917091
0.0918897
0.092071
0.0922529
0.0924355
0.0926188
0.0928026
0.0929869
0.0931717
0.093357
0.0935425
0.0937283
0.0939143
0.0941003
0.0942861
0.0944717
0.0946568
0.0948412
0.0950246
0.0952067
0.0953871
0.0955653
0.0957409
0.095913
0.096081
0.0962437
0.0890958
0.089267
0.0894387
0.0896109
0.0897836
0.0899569
0.0901306
0.090305
0.0904799
0.0906555
0.0908317
0.0910085
0.0911859
0.0913641
0.0915429
0.0917224
0.0919026
0.0920835
0.092265
0.0924474
0.0926304
0.0928142
0.0929987
0.093184
0.09337
0.0935567
0.0937442
0.0939324
0.0941213
0.0943108
0.094501
0.0946919
0.0948833
0.0950753
0.0952678
0.0954608
0.0956541
0.0958477
0.0960415
0.0962355
0.0964294
0.0966231
0.0968165
0.0970094
0.0972015
0.0973927
0.0975827
0.0977711
0.0979576
0.0981419
0.0900976
0.0902725
0.090448
0.0906239
0.0908004
0.0909774
0.091155
0.0913332
0.091512
0.0916914
0.0918714
0.0920521
0.0922336
0.0924157
0.0925985
0.092782
0.0929662
0.0931512
0.093337
0.0935235
0.0937107
0.0938987
0.0940875
0.094277
0.0944673
0.0946583
0.0948499
0.0950423
0.0952353
0.095429
0.0956232
0.095818
0.0960132
0.0962089
0.0964048
0.096601
0.0967972
0.0969934
0.0971894
0.0973851
0.0975801
0.0977743
0.0979673
0.0981588
0.0983484
0.0985356
0.09872
0.0989009
0.0990775
0.0992491
0.0914465
0.0916279
0.0918098
0.0919922
0.0921752
0.0923586
0.0925426
0.0927271
0.0929123
0.0930981
0.0932845
0.0934715
0.0936592
0.0938476
0.0940367
0.0942265
0.094417
0.0946083
0.0948003
0.094993
0.0951865
0.0953807
0.0955757
0.0957715
0.095968
0.0961652
0.0963632
0.0965618
0.0967612
0.0969612
0.0971618
0.097363
0.0975648
0.097767
0.0979696
0.0981725
0.0983756
0.0985788
0.098782
0.098985
0.0991876
0.0993896
0.0995908
0.0997909
0.0999896
0.100187
0.100381
0.100573
0.100763
0.100948
0.0925651
0.0927516
0.0929386
0.0931262
0.0933143
0.0935028
0.093692
0.0938817
0.094072
0.0942629
0.0944544
0.0946466
0.0948395
0.0950331
0.0952273
0.0954223
0.095618
0.0958145
0.0960117
0.0962096
0.0964084
0.0966079
0.0968081
0.0970091
0.0972109
0.0974134
0.0976166
0.0978205
0.0980251
0.0982303
0.0984361
0.0986425
0.0988493
0.0990566
0.0992641
0.0994719
0.0996798
0.0998876
0.100095
0.100302
0.100509
0.100715
0.100919
0.101122
0.101323
0.101522
0.101718
0.101911
0.102099
0.102283
0.0938047
0.0939974
0.0941906
0.0943843
0.0945784
0.094773
0.0949682
0.095164
0.0953603
0.0955572
0.0957548
0.095953
0.0961519
0.0963515
0.0965518
0.0967528
0.0969545
0.097157
0.0973603
0.0975643
0.097769
0.0979745
0.0981808
0.0983879
0.0985957
0.0988043
0.0990136
0.0992236
0.0994343
0.0996456
0.0998576
0.10007
0.100283
0.100496
0.10071
0.100924
0.101138
0.101352
0.101566
0.101779
0.101992
0.102204
0.102415
0.102624
0.102831
0.103035
0.103237
0.103435
0.10363
0.103819
0.0950084
0.0952074
0.095407
0.095607
0.0958076
0.0960086
0.0962102
0.0964124
0.0966151
0.0968184
0.0970223
0.0972269
0.0974322
0.0976381
0.0978447
0.0980521
0.0982602
0.098469
0.0986786
0.0988889
0.0991
0.0993119
0.0995246
0.099738
0.0999522
0.100167
0.100383
0.100599
0.100817
0.101034
0.101253
0.101472
0.101691
0.101911
0.102132
0.102353
0.102573
0.102794
0.103015
0.103235
0.103455
0.103674
0.103892
0.104109
0.104324
0.104537
0.104747
0.104954
0.105158
0.105357
0.0961585
0.0963638
0.0965694
0.0967754
0.0969819
0.0971889
0.0973963
0.0976043
0.0978129
0.0980221
0.0982318
0.0984422
0.0986533
0.098865
0.0990774
0.0992905
0.0995044
0.0997189
0.0999343
0.10015
0.100367
0.100585
0.100803
0.101022
0.101242
0.101463
0.101685
0.101907
0.10213
0.102353
0.102577
0.102802
0.103027
0.103253
0.103478
0.103704
0.103931
0.104157
0.104382
0.104607
0.104832
0.105055
0.105277
0.105497
0.105715
0.105929
0.10614
0.106347
0.106549
0.106745
0.0974504
0.097663
0.0978763
0.0980899
0.098304
0.0985186
0.0987337
0.0989493
0.0991655
0.0993822
0.0995995
0.0998174
0.100036
0.100255
0.100475
0.100696
0.100917
0.101139
0.101362
0.101586
0.10181
0.102035
0.102261
0.102488
0.102715
0.102944
0.103173
0.103403
0.103633
0.103864
0.104096
0.104329
0.104562
0.104796
0.10503
0.105265
0.1055
0.105735
0.10597
0.106206
0.10644
0.106675
0.106908
0.107141
0.107372
0.107601
0.107828
0.108053
0.108275
0.108493
0.0985023
0.0987217
0.0989415
0.0991616
0.0993821
0.0996029
0.0998242
0.100046
0.100268
0.100491
0.100714
0.100938
0.101163
0.101388
0.101613
0.10184
0.102067
0.102295
0.102523
0.102752
0.102982
0.103213
0.103444
0.103676
0.103909
0.104143
0.104377
0.104612
0.104848
0.105084
0.105321
0.105559
0.105797
0.106035
0.106273
0.106512
0.106751
0.106989
0.107227
0.107464
0.107701
0.107936
0.108169
0.1084
0.108629
0.108854
0.109075
0.109291
0.1095
0.109703
0.100107
0.100337
0.100566
0.100796
0.101027
0.101257
0.101488
0.10172
0.101951
0.102184
0.102416
0.10265
0.102883
0.103118
0.103352
0.103588
0.103824
0.10406
0.104298
0.104536
0.104774
0.105013
0.105253
0.105494
0.105735
0.105977
0.10622
0.106463
0.106707
0.106951
0.107197
0.107442
0.107688
0.107934
0.108181
0.108428
0.108675
0.108921
0.109168
0.109414
0.109659
0.109904
0.110147
0.110389
0.110629
0.110868
0.111103
0.111337
0.111567
0.111795
0.101926
0.102174
0.10242
0.102667
0.102913
0.103159
0.103405
0.103651
0.103896
0.104141
0.104386
0.104631
0.104876
0.105121
0.105366
0.105611
0.105856
0.106101
0.106347
0.106592
0.106837
0.107083
0.107329
0.107574
0.10782
0.108066
0.108312
0.108558
0.108803
0.109048
0.109293
0.109537
0.10978
0.110021
0.110262
0.1105
0.110737
0.11097
0.1112
0.111426
0.111648
0.111864
0.112073
0.112275
0.112468
0.11265
0.11282
0.112977
0.113119
0.113242
0.108848
0.109142
0.109435
0.109727
0.110018
0.110306
0.110593
0.110878
0.111162
0.111443
0.111723
0.112002
0.112278
0.112553
0.112827
0.113099
0.113369
0.113639
0.113906
0.114173
0.114438
0.114702
0.114964
0.115225
0.115484
0.115741
0.115996
0.116249
0.1165
0.116748
0.116992
0.117233
0.11747
0.117701
0.117926
0.118145
0.118355
0.118556
0.118746
0.118923
0.119085
0.11923
0.119354
0.119455
0.119529
0.119572
0.119578
0.119543
0.119459
0.119321
0.130965
0.131403
0.131833
0.132258
0.132677
0.133091
0.1335
0.133904
0.134302
0.134695
0.135082
0.135465
0.135842
0.136214
0.136581
0.136943
0.137301
0.137653
0.138001
0.138344
0.138683
0.139017
0.139346
0.139669
0.139987
0.1403
0.140605
0.140904
0.141195
0.141477
0.141749
0.14201
0.142258
0.14249
0.142705
0.1429
0.143071
0.143215
0.143327
0.1434
0.14343
0.143408
0.143325
0.143168
0.142925
0.142577
0.142102
0.14147
0.140644
0.13957
0.197428
0.197992
0.198566
0.199143
0.19972
0.200298
0.200875
0.201452
0.20203
0.202606
0.203183
0.203759
0.204335
0.20491
0.205485
0.206059
0.206634
0.207207
0.20778
0.208353
0.208925
0.209495
0.210065
0.210632
0.211197
0.211759
0.212316
0.212869
0.213415
0.213953
0.214481
0.214997
0.215498
0.215982
0.216445
0.216882
0.217288
0.217659
0.217985
0.21826
0.218472
0.218609
0.218656
0.218594
0.218398
0.218035
0.217461
0.216612
0.215406
0.213727
0.377371
0.377815
0.378265
0.378718
0.379174
0.379635
0.380099
0.380569
0.381044
0.381524
0.382011
0.382503
0.383002
0.383508
0.384021
0.38454
0.385067
0.385601
0.386143
0.386692
0.387248
0.387811
0.388382
0.38896
0.389546
0.390139
0.390738
0.391345
0.391959
0.39258
0.393208
0.393842
0.394482
0.395128
0.395779
0.396435
0.397095
0.397758
0.398425
0.399092
0.39976
0.400426
0.401088
0.401746
0.402394
0.403032
0.403653
0.404254
0.404828
0.405365
1.08355
1.06874
1.05457
1.04097
1.02789
1.01526
1.00302
0.991132
0.979585
0.968364
0.957455
0.946845
0.936524
0.926481
0.916706
0.907189
0.897922
0.888895
0.880102
0.871533
0.863182
0.855041
0.847103
0.839362
0.831811
0.824445
0.817258
0.810244
0.803398
0.796715
0.79019
0.783819
0.777598
0.771523
0.765589
0.759794
0.754135
0.748608
0.7432
0.737895
0.732686
0.727568
0.722532
0.717569
0.712668
0.707813
0.702982
0.698138
0.693212
0.688076
1.07683
1.05216
1.02859
1.00603
0.984429
0.963764
0.944006
0.9251
0.906993
0.889635
0.872982
0.85699
0.841621
0.826839
0.812612
0.798907
0.785698
0.772956
0.760658
0.74878
0.737301
0.726201
0.715461
0.705064
0.694992
0.68523
0.675764
0.66658
0.657664
0.649004
0.640587
0.632403
0.624441
0.616687
0.609132
0.601765
0.594575
0.587552
0.580699
0.574021
0.567513
0.561168
0.554979
0.54894
0.543044
0.537284
0.531653
0.526142
0.52074
0.51543
1.0768
1.05207
1.02836
1.00568
0.983955
0.963152
0.943214
0.924088
0.905725
0.88808
0.871111
0.854779
0.839049
0.823888
0.809265
0.795152
0.781522
0.768352
0.755619
0.743301
0.731379
0.719833
0.708648
0.697805
0.68729
0.677088
0.667186
0.65757
0.648229
0.639152
0.630326
0.621743
0.613393
0.605267
0.597357
0.589656
0.582155
0.574848
0.567728
0.560788
0.554024
0.547429
0.541
0.53473
0.528616
0.522654
0.516841
0.511174
0.505649
0.500263
1.0768
1.05225
1.02876
1.00628
0.984746
0.964102
0.944292
0.925267
0.906979
0.889389
0.872456
0.856145
0.840423
0.825259
0.810625
0.796494
0.782841
0.769642
0.756875
0.744521
0.732559
0.720972
0.709742
0.698854
0.688293
0.678044
0.668095
0.658432
0.649043
0.639918
0.631046
0.622417
0.614021
0.60585
0.597895
0.590148
0.582602
0.57525
0.568085
0.561101
0.554293
0.547654
0.541181
0.534867
0.52871
0.522704
0.516847
0.511135
0.505565
0.500131
1.0768
1.05225
1.02875
1.00625
0.984678
0.963996
0.944148
0.925089
0.906775
0.889164
0.872218
0.8559
0.840176
0.825016
0.810389
0.796268
0.782628
0.769444
0.756694
0.744358
0.732415
0.720847
0.709637
0.698769
0.688227
0.677997
0.668066
0.658422
0.649051
0.639943
0.631087
0.622474
0.614093
0.605936
0.597994
0.59026
0.582725
0.575384
0.568229
0.561254
0.554453
0.54782
0.541351
0.535041
0.528885
0.522878
0.517018
0.511299
0.505718
0.500271
1.0768
1.05226
1.02879
1.00633
0.984802
0.964168
0.944369
0.925358
0.907088
0.889517
0.872607
0.85632
0.840623
0.825485
0.810876
0.79677
0.783141
0.769965
0.757221
0.744888
0.732947
0.721378
0.710167
0.699295
0.688749
0.678514
0.668577
0.658925
0.649546
0.64043
0.631565
0.622942
0.614551
0.606383
0.59843
0.590684
0.583138
0.575783
0.568614
0.561625
0.554809
0.54816
0.541674
0.535345
0.529169
0.523141
0.517256
0.511511
0.505902
0.500422
1.0768
1.05227
1.0288
1.00634
0.984815
0.964177
0.944371
0.925349
0.907066
0.889482
0.872558
0.856258
0.840548
0.825399
0.81078
0.796665
0.783029
0.769847
0.757099
0.744762
0.732819
0.721249
0.710037
0.699166
0.688621
0.678388
0.668453
0.658804
0.649428
0.640315
0.631454
0.622834
0.614447
0.606283
0.598333
0.59059
0.583047
0.575695
0.568528
0.561541
0.554725
0.548077
0.54159
0.535259
0.529079
0.523046
0.517155
0.511401
0.50578
0.500288
1.0768
1.05227
1.02881
1.00635
0.984836
0.964207
0.944411
0.925401
0.907131
0.889559
0.872648
0.856361
0.840664
0.825526
0.810918
0.796814
0.783187
0.770013
0.757272
0.744942
0.733003
0.721438
0.710229
0.699361
0.688818
0.678585
0.66865
0.659
0.649623
0.640508
0.631643
0.62302
0.614628
0.606459
0.598504
0.590755
0.583204
0.575845
0.568669
0.561672
0.554846
0.548185
0.541685
0.53534
0.529144
0.523093
0.517182
0.511406
0.505762
0.500243
1.0768
1.05227
1.02881
1.00636
0.984842
0.964215
0.94442
0.925409
0.907137
0.889563
0.872648
0.856357
0.840655
0.825512
0.8109
0.79679
0.783158
0.76998
0.757234
0.744899
0.732957
0.721388
0.710176
0.699305
0.688759
0.678524
0.668587
0.658935
0.649556
0.640439
0.631574
0.622949
0.614556
0.606385
0.598429
0.590678
0.583125
0.575762
0.568584
0.561583
0.554753
0.548087
0.541581
0.535229
0.529025
0.522964
0.517042
0.511254
0.505595
0.50006
1.0768
1.05227
1.02881
1.00636
0.984846
0.96422
0.944427
0.925418
0.907148
0.889576
0.872664
0.856375
0.840676
0.825536
0.810926
0.796819
0.78319
0.770014
0.757271
0.744938
0.732998
0.72143
0.71022
0.699349
0.688804
0.678569
0.668632
0.65898
0.6496
0.640482
0.631615
0.622988
0.614593
0.606419
0.598459
0.590704
0.583147
0.575779
0.568595
0.561587
0.554748
0.548074
0.541558
0.535194
0.528978
0.522903
0.516965
0.51116
0.505481
0.499925
1.0768
1.05227
1.02881
1.00636
0.984846
0.96422
0.944426
0.925417
0.907148
0.889576
0.872664
0.856374
0.840675
0.825535
0.810925
0.796818
0.783188
0.770012
0.757268
0.744935
0.732994
0.721426
0.710215
0.699344
0.688797
0.678562
0.668623
0.65897
0.649589
0.640469
0.6316
0.622971
0.614573
0.606396
0.598433
0.590674
0.583112
0.57574
0.56855
0.561535
0.55469
0.548008
0.541482
0.535108
0.52888
0.522793
0.51684
0.511019
0.505323
0.499747
1.0768
1.05227
1.02881
1.00636
0.984842
0.964215
0.944419
0.925408
0.907136
0.889562
0.872647
0.856355
0.840653
0.82551
0.810896
0.796786
0.783153
0.769974
0.757227
0.744891
0.732947
0.721377
0.710163
0.69929
0.688741
0.678504
0.668564
0.658908
0.649525
0.640404
0.631533
0.622902
0.614502
0.606323
0.598357
0.590596
0.583031
0.575655
0.568461
0.561442
0.554591
0.547903
0.54137
0.534988
0.528751
0.522653
0.516689
0.510854
0.505143
0.49955
1.0768
1.05227
1.02881
1.00635
0.984836
0.964206
0.944411
0.9254
0.90713
0.889558
0.872646
0.856358
0.84066
0.825521
0.810913
0.796807
0.783178
0.770004
0.75726
0.744928
0.732987
0.721419
0.710207
0.699334
0.688787
0.678549
0.668609
0.658953
0.649568
0.640445
0.631571
0.622937
0.614534
0.606351
0.59838
0.590613
0.583042
0.575659
0.568458
0.56143
0.55457
0.547871
0.541327
0.534932
0.52868
0.522566
0.516585
0.510731
0.504999
0.499384
1.0768
1.05227
1.0288
1.00634
0.984815
0.964176
0.94437
0.925347
0.907065
0.88948
0.872555
0.856254
0.840544
0.825393
0.810773
0.796656
0.783018
0.769835
0.757084
0.744745
0.732798
0.721225
0.710008
0.699133
0.688582
0.678343
0.668401
0.658743
0.649359
0.640235
0.631361
0.622727
0.614324
0.606141
0.598171
0.590404
0.582833
0.57545
0.568248
0.561219
0.554357
0.547656
0.541109
0.534709
0.528452
0.522332
0.516343
0.510479
0.504736
0.499108
1.0768
1.05226
1.02879
1.00633
0.984802
0.964167
0.944368
0.925357
0.907086
0.889515
0.872603
0.856315
0.840617
0.825477
0.810867
0.796758
0.783127
0.769948
0.757201
0.744864
0.732918
0.721345
0.710127
0.699249
0.688696
0.678453
0.668506
0.658843
0.649452
0.640322
0.631441
0.622799
0.614388
0.606196
0.598217
0.59044
0.582859
0.575465
0.568251
0.56121
0.554335
0.547619
0.541057
0.534641
0.528367
0.522227
0.516217
0.510331
0.504563
0.498909
1.0768
1.05225
1.02875
1.00625
0.984678
0.963995
0.944147
0.925088
0.906773
0.889161
0.872214
0.855895
0.84017
0.825007
0.810379
0.796255
0.782612
0.769425
0.756672
0.744332
0.732384
0.720811
0.709594
0.698719
0.688169
0.67793
0.667989
0.658332
0.648947
0.639823
0.630949
0.622314
0.613909
0.605725
0.597751
0.589981
0.582406
0.575017
0.567808
0.560772
0.553901
0.547188
0.540628
0.534214
0.52794
0.521799
0.515786
0.509896
0.504123
0.498461
1.0768
1.05225
1.02876
1.00628
0.984745
0.964101
0.944291
0.925265
0.906977
0.889385
0.872451
0.856138
0.840415
0.825249
0.810613
0.796478
0.782822
0.769619
0.756848
0.744489
0.732521
0.720928
0.709691
0.698794
0.688224
0.677964
0.668002
0.658325
0.64892
0.639777
0.630884
0.622231
0.613808
0.605606
0.597616
0.58983
0.582239
0.574835
0.567612
0.560562
0.553678
0.546953
0.540382
0.533957
0.527674
0.521526
0.515509
0.509617
0.503847
0.498196
1.0768
1.05207
1.02836
1.00567
0.983955
0.963151
0.943212
0.924086
0.905722
0.888076
0.871106
0.854773
0.839041
0.823878
0.809253
0.795137
0.781505
0.768332
0.755595
0.743273
0.731346
0.719795
0.708604
0.697755
0.687233
0.677024
0.667114
0.657489
0.648139
0.639051
0.630215
0.62162
0.613256
0.605116
0.597189
0.589468
0.581945
0.574613
0.567465
0.560495
0.553696
0.547065
0.540595
0.534282
0.528125
0.52212
0.516267
0.51057
0.505037
0.499683
1.07683
1.05216
1.02859
1.00602
0.984428
0.963763
0.944005
0.925099
0.906992
0.889635
0.872982
0.856991
0.841623
0.826843
0.812617
0.798914
0.785707
0.772969
0.760675
0.748803
0.737331
0.726239
0.71551
0.705125
0.69507
0.685328
0.675886
0.666731
0.65785
0.649233
0.640869
0.632747
0.62486
0.617199
0.609756
0.602525
0.5955
0.588676
0.582047
0.575612
0.569367
0.563312
0.557447
0.551775
0.5463
0.541034
0.535992
0.531206
0.526732
0.522687
1.08355
1.06874
1.05457
1.04097
1.02789
1.01526
1.00302
0.99113
0.979583
0.96836
0.957449
0.946838
0.936515
0.926468
0.91669
0.907169
0.897897
0.888865
0.880065
0.871489
0.863129
0.854978
0.847029
0.839274
0.831708
0.824324
0.817115
0.810077
0.803202
0.796486
0.789924
0.783509
0.777238
0.771104
0.765102
0.759229
0.753479
0.747847
0.742328
0.736918
0.731612
0.726403
0.721288
0.71626
0.711314
0.706442
0.701637
0.69689
0.69219
0.68752
0.463741
0.251437
0.19436
0.186921
0.183057
0.181797
0.179062
0.177379
0.175033
0.173066
0.171047
0.168841
0.167138
0.164671
0.163294
0.160467
0.160185
0.163125
0.207971
0.388751
0.464312
0.252042
0.195053
0.187635
0.18378
0.182511
0.179778
0.178086
0.175741
0.173767
0.171746
0.169534
0.167828
0.165356
0.163974
0.161144
0.160856
0.163796
0.208641
0.389303
0.464889
0.252628
0.195747
0.188354
0.18451
0.18323
0.1805
0.1788
0.176454
0.174473
0.172451
0.170234
0.168524
0.166047
0.16466
0.161827
0.161533
0.164472
0.209306
0.389804
0.465471
0.253208
0.196445
0.189079
0.185246
0.183956
0.181228
0.179519
0.177173
0.175186
0.173161
0.170939
0.169225
0.166745
0.165353
0.162517
0.162216
0.165152
0.209926
0.390312
0.466058
0.253789
0.197148
0.18981
0.185987
0.184688
0.181962
0.180245
0.177899
0.175905
0.173878
0.171651
0.169933
0.167449
0.166051
0.163213
0.162904
0.16583
0.210529
0.390827
0.466649
0.254371
0.197856
0.190546
0.186735
0.185426
0.182703
0.180977
0.178631
0.17663
0.174602
0.172369
0.170648
0.16816
0.166756
0.163916
0.163599
0.166511
0.211127
0.391349
0.467246
0.254958
0.19857
0.191289
0.18749
0.18617
0.18345
0.181715
0.179369
0.177361
0.175331
0.173093
0.171368
0.168877
0.167468
0.164625
0.164299
0.167195
0.211722
0.391877
0.467847
0.25555
0.19929
0.192038
0.18825
0.186921
0.184203
0.182459
0.180114
0.178099
0.176067
0.173824
0.172096
0.169601
0.168186
0.165341
0.165006
0.167884
0.212319
0.392412
0.468454
0.256146
0.200016
0.192794
0.189017
0.187677
0.184962
0.18321
0.180865
0.178844
0.17681
0.174562
0.172829
0.170331
0.168911
0.166064
0.165719
0.168577
0.212918
0.392953
0.469065
0.256749
0.200749
0.193555
0.189791
0.188441
0.185728
0.183968
0.181623
0.179595
0.177559
0.175306
0.17357
0.171068
0.169642
0.166792
0.166439
0.169276
0.213521
0.3935
0.469682
0.257357
0.201489
0.194324
0.190571
0.189211
0.186501
0.184732
0.182387
0.180352
0.178315
0.176057
0.174316
0.171812
0.17038
0.167528
0.167165
0.169982
0.214128
0.394054
0.470304
0.257971
0.202236
0.195099
0.191358
0.189987
0.187281
0.185502
0.183159
0.181117
0.179078
0.176814
0.17507
0.172563
0.171125
0.16827
0.167898
0.170693
0.214741
0.394614
0.470931
0.25859
0.202989
0.19588
0.192151
0.19077
0.188067
0.18628
0.183937
0.181888
0.179847
0.177579
0.175831
0.17332
0.171876
0.16902
0.168638
0.171411
0.215359
0.395181
0.471564
0.259216
0.203749
0.196668
0.192952
0.19156
0.18886
0.187064
0.184721
0.182666
0.180623
0.17835
0.176598
0.174084
0.172635
0.169776
0.169384
0.172135
0.215983
0.395755
0.472202
0.259848
0.204517
0.197464
0.193759
0.192357
0.18966
0.187855
0.185513
0.183451
0.181406
0.179128
0.177373
0.174856
0.1734
0.170539
0.170137
0.172867
0.216614
0.396336
0.472845
0.260485
0.205291
0.198266
0.194574
0.19316
0.190467
0.188653
0.186312
0.184243
0.182197
0.179914
0.178155
0.175634
0.174173
0.171309
0.170898
0.173605
0.21725
0.396923
0.473494
0.261129
0.206073
0.199074
0.195395
0.193971
0.191282
0.189459
0.187118
0.185042
0.182994
0.180706
0.178943
0.17642
0.174953
0.172087
0.171665
0.17435
0.217894
0.397517
0.474149
0.261779
0.206862
0.19989
0.196224
0.194789
0.192103
0.190271
0.187931
0.185848
0.183799
0.181506
0.17974
0.177213
0.17574
0.172872
0.17244
0.175103
0.218544
0.398118
0.474809
0.262435
0.207658
0.200714
0.19706
0.195614
0.192932
0.191091
0.188752
0.186662
0.184611
0.182313
0.180543
0.178014
0.176534
0.173664
0.173222
0.175863
0.219201
0.398727
0.475475
0.263097
0.208461
0.201544
0.197903
0.196446
0.193768
0.191918
0.18958
0.187483
0.18543
0.183128
0.181354
0.178821
0.177336
0.174464
0.174012
0.17663
0.219865
0.399342
0.476147
0.263766
0.209272
0.202382
0.198754
0.197286
0.194612
0.192753
0.190415
0.188312
0.186257
0.183951
0.182172
0.179637
0.178145
0.175271
0.174809
0.177405
0.220537
0.399965
0.476825
0.26444
0.210091
0.203227
0.199612
0.198133
0.195463
0.193595
0.191258
0.189148
0.187092
0.18478
0.182998
0.18046
0.178962
0.176086
0.175614
0.178188
0.221215
0.400595
0.477508
0.265121
0.210917
0.204079
0.200478
0.198988
0.196321
0.194444
0.192109
0.189992
0.187934
0.185618
0.183832
0.181291
0.179787
0.176909
0.176426
0.178978
0.221902
0.401232
0.478197
0.265809
0.21175
0.20494
0.201352
0.19985
0.197188
0.195302
0.192967
0.190844
0.188784
0.186464
0.184674
0.18213
0.18062
0.17774
0.177247
0.179777
0.222596
0.401877
0.478893
0.266502
0.212592
0.205807
0.202234
0.20072
0.198062
0.196167
0.193834
0.191703
0.189642
0.187317
0.185523
0.182977
0.18146
0.178579
0.178075
0.180584
0.223297
0.40253
0.479594
0.267202
0.213441
0.206683
0.203123
0.201598
0.198945
0.19704
0.194708
0.192571
0.190508
0.188179
0.186381
0.183831
0.182309
0.179426
0.178911
0.181398
0.224007
0.403191
0.480302
0.267909
0.214298
0.207566
0.20402
0.202484
0.199835
0.197921
0.19559
0.193447
0.191383
0.189049
0.187247
0.184694
0.183166
0.180281
0.179756
0.182221
0.224724
0.403859
0.481015
0.268622
0.215163
0.208458
0.204926
0.203378
0.200734
0.198811
0.196481
0.194331
0.192265
0.189927
0.18812
0.185566
0.184031
0.181144
0.180608
0.183053
0.22545
0.404535
0.481735
0.269342
0.216036
0.209357
0.20584
0.20428
0.20164
0.199708
0.19738
0.195223
0.193156
0.190813
0.189003
0.186446
0.184904
0.182016
0.18147
0.183893
0.226184
0.40522
0.482461
0.270068
0.216918
0.210265
0.206762
0.205191
0.202555
0.200614
0.198287
0.196124
0.194055
0.191708
0.189894
0.187334
0.185786
0.182897
0.182339
0.184742
0.226926
0.405912
0.483194
0.270802
0.217808
0.211181
0.207692
0.20611
0.203479
0.201529
0.199203
0.197033
0.194962
0.192611
0.190793
0.188231
0.186677
0.183786
0.183218
0.185599
0.227676
0.406613
0.483932
0.271542
0.218706
0.212105
0.208631
0.207037
0.204411
0.202452
0.200127
0.197951
0.195879
0.193523
0.191701
0.189137
0.187576
0.184684
0.184105
0.186465
0.228436
0.407322
0.484678
0.272289
0.219612
0.213038
0.209579
0.207973
0.205352
0.203383
0.20106
0.198877
0.196804
0.194444
0.192618
0.190051
0.188484
0.185591
0.185001
0.187341
0.229204
0.40804
0.485429
0.273043
0.220528
0.213979
0.210535
0.208917
0.206302
0.204324
0.202002
0.199813
0.197738
0.195374
0.193544
0.190975
0.189402
0.186507
0.185906
0.188225
0.22998
0.408767
0.486188
0.273804
0.221452
0.214929
0.2115
0.209871
0.20726
0.205273
0.202953
0.200757
0.198681
0.196314
0.194479
0.191908
0.190328
0.187433
0.18682
0.189119
0.230766
0.409502
0.486953
0.274572
0.222384
0.215888
0.212474
0.210833
0.208228
0.206232
0.203913
0.201711
0.199633
0.197262
0.195423
0.19285
0.191263
0.188367
0.187743
0.190023
0.231561
0.410246
0.487724
0.275348
0.223326
0.216856
0.213458
0.211805
0.209204
0.207199
0.204882
0.202674
0.200594
0.19822
0.196377
0.193802
0.192208
0.189312
0.188676
0.190936
0.232365
0.411
0.488503
0.276131
0.224277
0.217833
0.21445
0.212785
0.21019
0.208176
0.205861
0.203646
0.201565
0.199187
0.19734
0.194763
0.193163
0.190265
0.189619
0.191858
0.233179
0.411762
0.489288
0.276922
0.225237
0.218819
0.215452
0.213775
0.211186
0.209163
0.206849
0.204628
0.202546
0.200164
0.198312
0.195734
0.194127
0.191229
0.190571
0.192791
0.234002
0.412534
0.49008
0.27772
0.226206
0.219814
0.216463
0.214775
0.212191
0.210159
0.207847
0.20562
0.203536
0.20115
0.199295
0.196714
0.195101
0.192203
0.191533
0.193734
0.234835
0.413315
0.490879
0.278525
0.227185
0.220819
0.217484
0.215784
0.213205
0.211165
0.208854
0.206621
0.204536
0.202147
0.200287
0.197705
0.196085
0.193186
0.192505
0.194686
0.235678
0.414106
0.491685
0.279339
0.228173
0.221834
0.218515
0.216802
0.21423
0.21218
0.209872
0.207633
0.205546
0.203153
0.201289
0.198706
0.197079
0.19418
0.193487
0.195649
0.23653
0.414907
0.492498
0.28016
0.229171
0.222858
0.219555
0.217831
0.215264
0.213206
0.210899
0.208654
0.206566
0.20417
0.202302
0.199717
0.198083
0.195184
0.194479
0.196623
0.237393
0.415717
0.493318
0.28099
0.230179
0.223892
0.220606
0.21887
0.216309
0.214241
0.211937
0.209686
0.207596
0.205197
0.203325
0.200739
0.199098
0.196199
0.195482
0.197607
0.238266
0.416537
0.494146
0.281827
0.231197
0.224936
0.221666
0.219918
0.217364
0.215287
0.212985
0.210728
0.208637
0.206235
0.204358
0.201771
0.200123
0.197224
0.196496
0.198602
0.23915
0.417368
0.494981
0.282673
0.232225
0.22599
0.222737
0.220977
0.218429
0.216344
0.214043
0.211781
0.209688
0.207283
0.205402
0.202814
0.20116
0.19826
0.19752
0.199608
0.240044
0.418209
0.495823
0.283527
0.233263
0.227054
0.223819
0.222047
0.219504
0.217411
0.215112
0.212844
0.21075
0.208342
0.206457
0.203867
0.202207
0.199307
0.198556
0.200626
0.240949
0.419061
0.496673
0.284389
0.234312
0.228129
0.224911
0.223127
0.220591
0.218489
0.216192
0.213918
0.211823
0.209412
0.207523
0.204932
0.203265
0.200366
0.199602
0.201654
0.241865
0.419923
0.49753
0.28526
0.235371
0.229215
0.226013
0.224218
0.221688
0.219577
0.217283
0.215004
0.212908
0.210494
0.208601
0.206009
0.204334
0.201436
0.20066
0.202694
0.242792
0.420796
0.498395
0.28614
0.236441
0.230311
0.227127
0.22532
0.222796
0.220677
0.218385
0.2161
0.214003
0.211586
0.209689
0.207096
0.205415
0.202517
0.20173
0.203746
0.243731
0.42168
0.499268
0.287029
0.237521
0.231418
0.228251
0.226432
0.223915
0.221788
0.219498
0.217208
0.21511
0.21269
0.210789
0.208196
0.206507
0.20361
0.202811
0.20481
0.244681
0.422575
0.500149
0.287927
0.238613
0.232536
0.229387
0.227557
0.225046
0.22291
0.220623
0.218328
0.216228
0.213806
0.211901
0.209307
0.207611
0.204715
0.203904
0.205886
0.245643
0.423482
0.501037
0.288833
0.239716
0.233665
0.230534
0.228692
0.226188
0.224044
0.221759
0.219459
0.217358
0.214934
0.213024
0.21043
0.208728
0.205832
0.205009
0.206974
0.246617
0.4244
0.501934
0.289749
0.24083
0.234806
0.231693
0.229839
0.227342
0.22519
0.222907
0.220602
0.2185
0.216074
0.21416
0.211565
0.209856
0.206962
0.206126
0.208075
0.247603
0.42533
0.502838
0.290675
0.241956
0.235958
0.232863
0.230998
0.228508
0.226348
0.224067
0.221757
0.219654
0.217226
0.215308
0.212713
0.210997
0.208104
0.207256
0.209188
0.248602
0.426272
0.503751
0.29161
0.243093
0.237122
0.234046
0.232169
0.229686
0.227518
0.22524
0.222925
0.220821
0.218391
0.216469
0.213873
0.21215
0.209259
0.208398
0.210315
0.249613
0.427226
0.504672
0.292555
0.244242
0.238298
0.23524
0.233352
0.230876
0.2287
0.226425
0.224105
0.222
0.219568
0.217642
0.215046
0.213316
0.210426
0.209554
0.211454
0.250636
0.428193
0.505601
0.293509
0.245403
0.239486
0.236447
0.234547
0.232078
0.229895
0.227622
0.225298
0.223192
0.220758
0.218828
0.216233
0.214496
0.211607
0.210723
0.212607
0.251673
0.429172
0.506539
0.294474
0.246577
0.240687
0.237666
0.235755
0.233293
0.231102
0.228832
0.226504
0.224397
0.221961
0.220027
0.217432
0.215688
0.212801
0.211905
0.213773
0.252723
0.430164
0.507486
0.295449
0.247762
0.2419
0.238898
0.236975
0.234521
0.232323
0.230055
0.227723
0.225615
0.223177
0.221239
0.218645
0.216894
0.214009
0.2131
0.214954
0.253787
0.431168
0.508441
0.296434
0.248961
0.243125
0.240142
0.238209
0.235762
0.233556
0.231291
0.228955
0.226846
0.224407
0.222465
0.219871
0.218114
0.215231
0.214309
0.216148
0.254864
0.432186
0.509405
0.297429
0.250172
0.244363
0.2414
0.239455
0.237016
0.234803
0.232541
0.230201
0.228091
0.225651
0.223705
0.221112
0.219347
0.216467
0.215533
0.217356
0.255955
0.433218
0.510378
0.298436
0.251396
0.245615
0.24267
0.240715
0.238283
0.236063
0.233804
0.23146
0.22935
0.226909
0.224959
0.222366
0.220595
0.217717
0.216771
0.21858
0.257061
0.434263
0.511359
0.299453
0.252633
0.24688
0.243954
0.241989
0.239565
0.237338
0.235082
0.232734
0.230622
0.22818
0.226227
0.223635
0.221857
0.218981
0.218023
0.219818
0.258181
0.435322
0.51235
0.300481
0.253884
0.248158
0.245252
0.243276
0.240859
0.238626
0.236373
0.234021
0.23191
0.229467
0.227509
0.224919
0.223134
0.220261
0.21929
0.221071
0.259315
0.436395
0.51335
0.30152
0.255148
0.24945
0.246564
0.244577
0.242168
0.239928
0.237678
0.235323
0.233211
0.230768
0.228807
0.226217
0.224425
0.221555
0.220572
0.222339
0.260465
0.437482
0.51436
0.302571
0.256426
0.250756
0.24789
0.245893
0.243492
0.241245
0.238998
0.23664
0.234527
0.232083
0.230119
0.227531
0.225732
0.222865
0.221869
0.223623
0.26163
0.438585
0.515379
0.303633
0.257718
0.252076
0.24923
0.247222
0.24483
0.242577
0.240333
0.237972
0.235859
0.233414
0.231446
0.22886
0.227055
0.224191
0.223183
0.224923
0.26281
0.439702
0.516407
0.304708
0.259024
0.25341
0.250584
0.248567
0.246182
0.243923
0.241683
0.239319
0.237206
0.234761
0.232789
0.230204
0.228393
0.225532
0.224512
0.226239
0.264007
0.440834
0.517446
0.305794
0.260345
0.254759
0.251954
0.249926
0.24755
0.245285
0.243048
0.240682
0.238568
0.236123
0.234148
0.231565
0.229747
0.226889
0.225857
0.227572
0.265219
0.441982
0.518494
0.306892
0.26168
0.256123
0.253338
0.251301
0.248933
0.246663
0.244429
0.24206
0.239946
0.237501
0.235523
0.232942
0.231117
0.228263
0.227218
0.228921
0.266448
0.443146
0.519552
0.308003
0.26303
0.257502
0.254737
0.252691
0.250331
0.248056
0.245826
0.243454
0.24134
0.238896
0.236914
0.234335
0.232504
0.229654
0.228597
0.230287
0.267694
0.444325
0.52062
0.309127
0.264395
0.258896
0.256152
0.254097
0.251745
0.249465
0.247238
0.244865
0.24275
0.240307
0.238321
0.235745
0.233907
0.231062
0.229992
0.231671
0.268957
0.445521
0.521698
0.310263
0.265776
0.260306
0.257583
0.255518
0.253176
0.25089
0.248667
0.246292
0.244177
0.241735
0.239746
0.237172
0.235328
0.232487
0.231405
0.233073
0.270237
0.446734
0.522787
0.311412
0.267173
0.261732
0.25903
0.256956
0.254622
0.252332
0.250113
0.247736
0.245621
0.243179
0.241188
0.238617
0.236767
0.23393
0.232836
0.234492
0.271536
0.447963
0.523886
0.312575
0.268585
0.263174
0.260493
0.258411
0.256085
0.25379
0.251575
0.249197
0.247083
0.244642
0.242647
0.240079
0.238223
0.23539
0.234285
0.23593
0.272852
0.44921
0.524995
0.313751
0.270014
0.264633
0.261973
0.259882
0.257566
0.255266
0.253055
0.250676
0.248561
0.246122
0.244125
0.24156
0.239697
0.23687
0.235752
0.237387
0.274186
0.450475
0.526116
0.314941
0.271459
0.266108
0.263469
0.26137
0.259063
0.256759
0.254552
0.252172
0.250058
0.24762
0.24562
0.243058
0.24119
0.238367
0.237238
0.238863
0.27554
0.451757
0.527247
0.316145
0.27292
0.2676
0.264982
0.262876
0.260577
0.25827
0.256067
0.253686
0.251573
0.249137
0.247134
0.244576
0.242702
0.239884
0.238743
0.240358
0.276913
0.453058
0.52839
0.317364
0.274399
0.269109
0.266513
0.264399
0.26211
0.259799
0.2576
0.255219
0.253106
0.250672
0.248667
0.246113
0.244232
0.241421
0.240267
0.241873
0.278305
0.454377
0.529543
0.318597
0.275895
0.270636
0.268062
0.265941
0.263661
0.261347
0.259152
0.256771
0.254659
0.252227
0.250219
0.247669
0.245783
0.242977
0.241811
0.243409
0.279718
0.455715
0.530709
0.319844
0.277409
0.272181
0.269629
0.2675
0.26523
0.262913
0.260722
0.258342
0.25623
0.253801
0.251791
0.249245
0.247353
0.244553
0.243376
0.244965
0.28115
0.457073
0.531885
0.321107
0.27894
0.273744
0.271214
0.269078
0.266817
0.264498
0.262312
0.259932
0.257821
0.255395
0.253382
0.250841
0.248944
0.24615
0.244961
0.246542
0.282604
0.45845
0.533073
0.322386
0.28049
0.275326
0.272817
0.270676
0.268424
0.266103
0.263921
0.261542
0.259432
0.257009
0.254994
0.252457
0.250555
0.247767
0.246567
0.24814
0.284079
0.459848
0.534273
0.323679
0.282058
0.276926
0.27444
0.272292
0.27005
0.267727
0.26555
0.263172
0.261064
0.258643
0.256627
0.254095
0.252187
0.249407
0.248195
0.249761
0.285576
0.461266
0.535485
0.324989
0.283645
0.278546
0.276082
0.273928
0.271696
0.269372
0.2672
0.264823
0.262716
0.260299
0.258281
0.255754
0.253841
0.251067
0.249845
0.251403
0.287095
0.462705
0.53671
0.326315
0.285251
0.280185
0.277743
0.275585
0.273362
0.271037
0.26887
0.266494
0.264389
0.261976
0.259956
0.257435
0.255517
0.252751
0.251517
0.253069
0.288636
0.464165
0.537946
0.327658
0.286877
0.281844
0.279425
0.277261
0.275049
0.272723
0.27056
0.268187
0.266083
0.263675
0.261653
0.259138
0.257216
0.254456
0.253212
0.254758
0.2902
0.465647
0.539196
0.329018
0.288522
0.283523
0.281126
0.278959
0.276756
0.27443
0.272273
0.269902
0.2678
0.265395
0.263373
0.260863
0.258937
0.256185
0.25493
0.25647
0.291789
0.467152
0.540457
0.330394
0.290188
0.285223
0.282849
0.280677
0.278485
0.276158
0.274007
0.271639
0.269539
0.267139
0.265116
0.262612
0.260681
0.257938
0.256672
0.258206
0.293401
0.468679
0.541732
0.331789
0.291874
0.286943
0.284593
0.282417
0.280236
0.277909
0.275763
0.273398
0.2713
0.268906
0.266882
0.264384
0.26245
0.259714
0.258438
0.259968
0.295038
0.470229
0.54302
0.333201
0.293581
0.288686
0.286358
0.284179
0.282008
0.279683
0.277542
0.275181
0.273085
0.270696
0.268671
0.266181
0.264242
0.261515
0.260228
0.261754
0.2967
0.471803
0.544321
0.334631
0.29531
0.29045
0.288145
0.285963
0.283803
0.281479
0.279344
0.276987
0.274894
0.27251
0.270485
0.268001
0.266059
0.263341
0.262044
0.263566
0.298387
0.473402
0.545636
0.33608
0.29706
0.292236
0.289954
0.287771
0.285621
0.283298
0.28117
0.278816
0.276726
0.274348
0.272323
0.269847
0.267902
0.265193
0.263886
0.265405
0.300101
0.475025
0.546964
0.337548
0.298832
0.294044
0.291786
0.289601
0.287462
0.285142
0.283019
0.280671
0.278584
0.276212
0.274187
0.271719
0.26977
0.267071
0.265754
0.26727
0.301842
0.476673
0.548307
0.339036
0.300627
0.295876
0.293641
0.291455
0.289327
0.28701
0.284893
0.28255
0.280466
0.278101
0.276077
0.273616
0.271665
0.268975
0.26765
0.269163
0.303611
0.478347
0.549663
0.340543
0.302444
0.297731
0.29552
0.293333
0.291216
0.288902
0.286792
0.284454
0.282374
0.280016
0.277993
0.275541
0.273587
0.270907
0.269572
0.271084
0.305407
0.480047
0.551034
0.34207
0.304285
0.299611
0.297423
0.295236
0.29313
0.29082
0.288717
0.286385
0.284308
0.281958
0.279935
0.277492
0.275536
0.272867
0.271523
0.273034
0.307232
0.481774
0.552419
0.343618
0.30615
0.301514
0.29935
0.297164
0.29507
0.292763
0.290667
0.288342
0.286269
0.283927
0.281905
0.279471
0.277513
0.274855
0.273502
0.275012
0.309087
0.483528
0.553819
0.345187
0.308039
0.303442
0.301302
0.299117
0.297035
0.294733
0.292644
0.290326
0.288258
0.285923
0.283903
0.281479
0.279518
0.276872
0.275511
0.277021
0.310972
0.485311
0.555234
0.346777
0.309953
0.305396
0.30328
0.301096
0.299026
0.29673
0.294648
0.292337
0.290274
0.287948
0.28593
0.283515
0.281554
0.278918
0.27755
0.27906
0.312887
0.487122
0.556664
0.348389
0.311891
0.307375
0.305283
0.303102
0.301044
0.298754
0.29668
0.294377
0.292318
0.290001
0.287986
0.285581
0.283619
0.280995
0.279619
0.281131
0.314834
0.488963
0.55811
0.350023
0.313856
0.309381
0.307313
0.305135
0.303089
0.300806
0.29874
0.296445
0.294391
0.292084
0.290071
0.287677
0.285714
0.283103
0.28172
0.283233
0.316813
0.490834
0.559571
0.351681
0.315846
0.311414
0.30937
0.307196
0.305162
0.302886
0.300828
0.298542
0.296495
0.294197
0.292187
0.289804
0.287841
0.285243
0.283852
0.285368
0.318826
0.492735
0.561049
0.353361
0.317864
0.313474
0.311455
0.309285
0.307264
0.304995
0.302946
0.30067
0.298628
0.296341
0.294335
0.291963
0.29
0.287415
0.286018
0.287537
0.320872
0.494668
0.562542
0.355065
0.319908
0.315562
0.313567
0.311403
0.309394
0.307134
0.305094
0.302827
0.300792
0.298516
0.296514
0.294154
0.292191
0.289621
0.288217
0.28974
0.322952
0.496632
0.564052
0.356794
0.32198
0.317679
0.315708
0.31355
0.311555
0.309304
0.307272
0.305017
0.302988
0.300724
0.298725
0.296378
0.294416
0.29186
0.29045
0.291978
0.325069
0.49863
0.565579
0.358547
0.324081
0.319824
0.317878
0.315727
0.313745
0.311504
0.309482
0.307238
0.305216
0.302964
0.30097
0.298636
0.296676
0.294134
0.292719
0.294251
0.327221
0.500661
0.567123
0.360325
0.32621
0.321999
0.320079
0.317935
0.315966
0.313736
0.311724
0.309491
0.307478
0.305237
0.303249
0.300928
0.29897
0.296443
0.295023
0.296562
0.329411
0.502727
0.568684
0.36213
0.328368
0.324205
0.322309
0.320174
0.318219
0.316
0.313998
0.311778
0.309772
0.307545
0.305562
0.303256
0.3013
0.298788
0.297364
0.29891
0.331639
0.504828
0.570263
0.363961
0.330557
0.326442
0.324571
0.322446
0.320504
0.318298
0.316306
0.314099
0.312102
0.309888
0.307912
0.305619
0.303666
0.301171
0.299743
0.301296
0.333906
0.506965
0.57186
0.365819
0.332776
0.32871
0.326864
0.324749
0.322823
0.320629
0.318648
0.316455
0.314467
0.312267
0.310297
0.30802
0.30607
0.303592
0.302161
0.303722
0.336213
0.509139
0.573475
0.367705
0.335027
0.33101
0.32919
0.327086
0.325174
0.322994
0.321025
0.318846
0.316867
0.314682
0.31272
0.310458
0.308513
0.306052
0.304618
0.306188
0.338561
0.511351
0.575108
0.369619
0.337309
0.333343
0.331549
0.329457
0.32756
0.325395
0.323437
0.321273
0.319305
0.317135
0.315181
0.312935
0.310995
0.308552
0.307116
0.308696
0.340951
0.513601
0.576761
0.371562
0.339624
0.33571
0.333941
0.331863
0.329981
0.327831
0.325886
0.323738
0.32178
0.319627
0.317681
0.315452
0.313517
0.311092
0.309655
0.311246
0.343385
0.515891
0.578432
0.373535
0.341973
0.338112
0.336368
0.334305
0.332439
0.330304
0.328372
0.326241
0.324295
0.322158
0.320221
0.318009
0.31608
0.313675
0.312236
0.31384
0.345863
0.518222
0.580123
0.375538
0.344355
0.340548
0.33883
0.336783
0.334932
0.332815
0.330896
0.328783
0.326848
0.324729
0.322802
0.320608
0.318686
0.3163
0.314862
0.316477
0.348387
0.520595
0.581834
0.377572
0.346772
0.34302
0.341329
0.339298
0.337464
0.335365
0.33346
0.331364
0.329442
0.327341
0.325425
0.32325
0.321335
0.31897
0.317532
0.319161
0.350957
0.52301
0.583565
0.379638
0.349224
0.345529
0.343864
0.34185
0.340033
0.337954
0.336063
0.333987
0.332078
0.329995
0.328091
0.325935
0.324028
0.321684
0.320247
0.321892
0.353575
0.525469
0.585317
0.381737
0.351713
0.348075
0.346437
0.344442
0.342642
0.340583
0.338707
0.336651
0.334756
0.332693
0.330801
0.328664
0.326767
0.324445
0.32301
0.32467
0.356243
0.527973
0.587089
0.383869
0.354239
0.35066
0.349048
0.347074
0.345292
0.343253
0.341393
0.339358
0.337477
0.335434
0.333555
0.33144
0.329553
0.327253
0.325821
0.327498
0.358961
0.530523
0.588883
0.386036
0.356803
0.353284
0.351699
0.349746
0.347982
0.345965
0.344122
0.342108
0.340244
0.338222
0.336356
0.334263
0.332386
0.330109
0.328682
0.330376
0.361731
0.53312
0.590699
0.388238
0.359405
0.355948
0.35439
0.352459
0.350714
0.348721
0.346894
0.344903
0.343055
0.341055
0.339205
0.337133
0.335269
0.333016
0.331593
0.333306
0.364555
0.535766
0.592536
0.390476
0.362047
0.358652
0.357122
0.355215
0.35349
0.351521
0.349712
0.347745
0.345914
0.343936
0.342102
0.340054
0.338202
0.335974
0.334557
0.33629
0.367433
0.538462
0.594397
0.392751
0.36473
0.361399
0.359897
0.358015
0.35631
0.354366
0.352576
0.350633
0.34882
0.346867
0.345049
0.343024
0.341186
0.338984
0.337574
0.339328
0.370368
0.541208
0.59628
0.395064
0.367454
0.364189
0.362714
0.360859
0.359175
0.357257
0.355487
0.35357
0.351776
0.349847
0.348046
0.346047
0.344224
0.342049
0.340646
0.342422
0.37336
0.544007
0.598187
0.397416
0.37022
0.367022
0.365576
0.363749
0.362086
0.360196
0.358446
0.356556
0.354781
0.352878
0.351097
0.349123
0.347316
0.345168
0.343774
0.345574
0.376412
0.54686
0.600117
0.399808
0.37303
0.3699
0.368483
0.366686
0.365044
0.363183
0.361455
0.359592
0.357839
0.355963
0.354201
0.352254
0.350463
0.348345
0.346961
0.348785
0.379525
0.549768
0.602072
0.402242
0.375885
0.372825
0.371437
0.36967
0.368052
0.36622
0.364515
0.362681
0.36095
0.359101
0.35736
0.355442
0.353669
0.35158
0.350207
0.352057
0.382701
0.552733
0.604052
0.404719
0.378785
0.375796
0.374438
0.372703
0.371109
0.369309
0.367627
0.365822
0.364115
0.362295
0.360576
0.358687
0.356933
0.354875
0.353515
0.355391
0.385941
0.555755
0.606057
0.40724
0.381732
0.378815
0.377487
0.375787
0.374217
0.37245
0.370793
0.369019
0.367336
0.365546
0.36385
0.361991
0.360258
0.358232
0.356885
0.358789
0.389247
0.558838
0.608088
0.409806
0.384727
0.381884
0.380587
0.378922
0.377377
0.375645
0.374013
0.372271
0.370614
0.368855
0.367185
0.365356
0.363645
0.361652
0.36032
0.362254
0.392622
0.561982
0.610146
0.412419
0.387771
0.385004
0.383737
0.38211
0.380592
0.378895
0.37729
0.375581
0.373951
0.372224
0.37058
0.368784
0.367097
0.365138
0.363822
0.365786
0.396066
0.565189
0.61223
0.41508
0.390865
0.388175
0.386941
0.385352
0.383862
0.382201
0.380625
0.378951
0.377349
0.375655
0.374039
0.372276
0.370614
0.36869
0.367392
0.369388
0.399582
0.568461
0.614343
0.417792
0.394012
0.3914
0.390197
0.388649
0.387188
0.385566
0.384019
0.382381
0.380809
0.37915
0.377562
0.375835
0.374199
0.372312
0.371033
0.373061
0.403171
0.571799
0.616484
0.420556
0.397211
0.394679
0.39351
0.392004
0.390573
0.38899
0.387474
0.385873
0.384333
0.38271
0.381153
0.379461
0.377853
0.376004
0.374746
0.376809
0.406836
0.575206
0.618654
0.423374
0.400465
0.398014
0.396879
0.395417
0.394017
0.392475
0.390992
0.38943
0.387922
0.386336
0.384811
0.383158
0.38158
0.37977
0.378534
0.380631
0.410578
0.578683
0.620853
0.426248
0.403775
0.401407
0.400306
0.39889
0.397523
0.396023
0.394574
0.393052
0.391579
0.390032
0.388541
0.386926
0.38538
0.38361
0.382399
0.384531
0.414399
0.582232
0.623084
0.429181
0.407143
0.404858
0.403793
0.402425
0.401092
0.399636
0.398222
0.396742
0.395305
0.393799
0.392343
0.390769
0.389255
0.387528
0.386343
0.388511
0.418301
0.585855
0.625346
0.432175
0.410571
0.408371
0.407342
0.406023
0.404726
0.403316
0.401939
0.400502
0.399102
0.397638
0.39622
0.394687
0.393209
0.391525
0.390368
0.392573
0.422286
0.589553
0.62764
0.435234
0.414059
0.411945
0.410954
0.409687
0.408426
0.407064
0.405726
0.404333
0.402973
0.401552
0.400173
0.398685
0.397244
0.395605
0.394477
0.396719
0.426355
0.59333
0.629967
0.438359
0.417611
0.415583
0.414631
0.413417
0.412195
0.410882
0.409584
0.408238
0.406919
0.405544
0.404206
0.402762
0.401361
0.399769
0.398672
0.400952
0.430511
0.597187
0.632329
0.441556
0.421229
0.419287
0.418376
0.417216
0.416035
0.414772
0.413517
0.412219
0.410943
0.409615
0.40832
0.406923
0.405563
0.404019
0.402955
0.405273
0.434754
0.601125
0.634727
0.444828
0.424914
0.423059
0.422189
0.421087
0.419948
0.418737
0.417526
0.416278
0.415048
0.413768
0.412518
0.41117
0.409853
0.408359
0.40733
0.409684
0.439086
0.605147
0.637162
0.448182
0.428666
0.4269
0.426074
0.42503
0.423935
0.422779
0.421614
0.420418
0.419234
0.418005
0.416802
0.415504
0.414233
0.412791
0.411799
0.414188
0.443508
0.609255
0.639635
0.451623
0.432487
0.430813
0.430032
0.429049
0.428
0.4269
0.425783
0.424641
0.423506
0.422329
0.421175
0.419929
0.418707
0.417318
0.416365
0.418788
0.448021
0.613451
0.642147
0.455157
0.436381
0.4348
0.434065
0.433145
0.432145
0.431103
0.430036
0.428949
0.427865
0.426742
0.425639
0.424448
0.423276
0.421942
0.42103
0.423484
0.452624
0.617735
0.644702
0.458791
0.440349
0.438863
0.438178
0.437322
0.436372
0.43539
0.434375
0.433345
0.432314
0.431247
0.430198
0.429062
0.427944
0.426666
0.425797
0.42828
0.457319
0.622112
0.6473
0.462534
0.444394
0.443005
0.442371
0.441582
0.440684
0.439763
0.438803
0.437832
0.436856
0.435847
0.434853
0.433776
0.432713
0.431493
0.430668
0.433176
0.462102
0.62658
0.649966
0.466363
0.448518
0.447229
0.446648
0.445927
0.445084
0.444227
0.443322
0.442412
0.441493
0.440544
0.439609
0.438591
0.437587
0.436426
0.435648
0.438174
0.466974
0.631143
0.65271
0.470278
0.452725
0.451537
0.451012
0.450361
0.449575
0.448783
0.447937
0.44709
0.44623
0.445342
0.444467
0.44351
0.442567
0.441468
0.440738
0.443276
0.47193
0.6358
0.655541
0.474282
0.457018
0.455933
0.455466
0.454888
0.45416
0.453436
0.452649
0.451867
0.451068
0.450244
0.449431
0.448537
0.447658
0.446622
0.44594
0.448482
0.476966
0.640553
0.658471
0.478381
0.461401
0.46042
0.460013
0.45951
0.458843
0.458188
0.457463
0.456747
0.456011
0.455252
0.454504
0.453675
0.452862
0.45189
0.451258
0.453793
0.482076
0.645401
0.661513
0.482579
0.465877
0.465002
0.464658
0.464231
0.463627
0.463042
0.462381
0.461733
0.461062
0.46037
0.459688
0.458926
0.458182
0.457275
0.456694
0.459208
0.487251
0.650345
0.664683
0.486883
0.470451
0.469683
0.469405
0.469055
0.468515
0.468004
0.467407
0.46683
0.466225
0.465601
0.464988
0.464293
0.463621
0.46278
0.46225
0.464726
0.492476
0.655381
0.668005
0.491299
0.475128
0.474468
0.474256
0.473987
0.473513
0.473076
0.472546
0.472039
0.471503
0.470948
0.470405
0.46978
0.469181
0.468407
0.467928
0.470344
0.497732
0.660507
0.671507
0.495835
0.479913
0.479361
0.479219
0.47903
0.478623
0.478262
0.4778
0.477366
0.476899
0.476415
0.475944
0.475389
0.474866
0.474159
0.473729
0.476058
0.502989
0.665719
0.67523
0.500501
0.484812
0.484368
0.484296
0.484191
0.483852
0.483568
0.483175
0.482814
0.482418
0.482005
0.481608
0.481123
0.480678
0.480038
0.479655
0.481861
0.508203
0.67101
0.679228
0.505311
0.489833
0.489495
0.489494
0.489473
0.489202
0.488997
0.488673
0.488387
0.488063
0.487722
0.4874
0.486985
0.48662
0.486046
0.485708
0.487745
0.513315
0.676367
0.683577
0.510279
0.494981
0.494747
0.494817
0.494882
0.494679
0.494554
0.4943
0.49409
0.493838
0.493569
0.493324
0.492979
0.492696
0.492186
0.491887
0.493695
0.51823
0.681769
0.40608
0.211307
0.138156
0.119119
0.113346
0.112019
0.109896
0.108708
0.106933
0.105552
0.104002
0.102462
0.101129
0.0994147
0.0983236
0.0964
0.0965677
0.102775
0.155491
0.336349
0.406526
0.20884
0.136756
0.118948
0.113462
0.112256
0.110098
0.108936
0.107134
0.105763
0.104202
0.102658
0.101331
0.0995997
0.0985295
0.0965773
0.0968072
0.103153
0.156487
0.337961
0.40693
0.206987
0.135694
0.11888
0.113611
0.112503
0.110309
0.109171
0.107343
0.105981
0.10441
0.102863
0.10154
0.099794
0.0987429
0.0967648
0.0970492
0.103508
0.15732
0.339214
0.407301
0.205529
0.134883
0.118887
0.113784
0.112756
0.110528
0.109413
0.107559
0.106207
0.104625
0.103075
0.101757
0.0999968
0.0989628
0.0969613
0.0972931
0.103845
0.158034
0.340229
0.407646
0.204358
0.134262
0.118951
0.113976
0.113016
0.110755
0.10966
0.107783
0.106439
0.104847
0.103295
0.10198
0.100207
0.0991883
0.0971658
0.0975386
0.104168
0.158658
0.341077
0.407971
0.203409
0.133791
0.119057
0.114185
0.11328
0.110989
0.109911
0.108014
0.106676
0.105076
0.103521
0.102209
0.100424
0.0994188
0.0973774
0.0977856
0.104479
0.159212
0.341799
0.408278
0.20264
0.133441
0.119197
0.114406
0.113548
0.11123
0.110167
0.10825
0.106919
0.10531
0.103753
0.102443
0.100648
0.0996536
0.0975952
0.0980338
0.10478
0.159711
0.342425
0.408571
0.202018
0.133187
0.119364
0.114637
0.113819
0.111476
0.110427
0.108492
0.107167
0.10555
0.10399
0.102681
0.100877
0.0998923
0.0978186
0.0982832
0.105074
0.160163
0.342972
0.408853
0.201521
0.133015
0.119552
0.114878
0.114093
0.111727
0.11069
0.108739
0.107418
0.105794
0.104232
0.102924
0.101111
0.100134
0.098047
0.0985337
0.10536
0.160578
0.343455
0.409125
0.201128
0.132909
0.119757
0.115126
0.11437
0.111983
0.110956
0.10899
0.107674
0.106042
0.104478
0.10317
0.101349
0.10038
0.0982798
0.0987853
0.105642
0.160962
0.343885
0.409389
0.200825
0.13286
0.119977
0.115381
0.114649
0.112243
0.111225
0.109246
0.107932
0.106294
0.104728
0.10342
0.101591
0.100628
0.0985167
0.0990381
0.105919
0.16132
0.34427
0.409646
0.200599
0.132858
0.120209
0.115642
0.11493
0.112507
0.111497
0.109505
0.108194
0.10655
0.104981
0.103673
0.101838
0.100879
0.0987573
0.0992919
0.106193
0.161656
0.344617
0.409898
0.200437
0.132897
0.12045
0.115907
0.115213
0.112774
0.111771
0.109768
0.108459
0.106809
0.105238
0.103929
0.102087
0.101132
0.0990012
0.0995469
0.106464
0.161974
0.344932
0.410146
0.200332
0.13297
0.120701
0.116177
0.115498
0.113045
0.112047
0.110034
0.108726
0.107071
0.105497
0.104188
0.10234
0.101387
0.0992482
0.0998031
0.106733
0.162277
0.34522
0.410391
0.200276
0.133072
0.120959
0.116451
0.115784
0.11332
0.112325
0.110303
0.108996
0.107336
0.105759
0.104449
0.102595
0.101645
0.0994981
0.10006
0.107001
0.162568
0.345485
0.410633
0.200261
0.133199
0.121223
0.116729
0.116073
0.113596
0.112605
0.110575
0.109269
0.107603
0.106024
0.104713
0.102853
0.101905
0.0997506
0.100319
0.107267
0.162848
0.34573
0.410872
0.200281
0.133348
0.121492
0.11701
0.116363
0.113876
0.112888
0.11085
0.109543
0.107873
0.106291
0.104979
0.103114
0.102166
0.100006
0.100579
0.107532
0.163119
0.345958
0.411111
0.200333
0.133516
0.121767
0.117294
0.116655
0.114158
0.113172
0.111127
0.10982
0.108145
0.106561
0.105246
0.103377
0.10243
0.100263
0.10084
0.107797
0.163384
0.346171
0.411348
0.200411
0.133699
0.122046
0.117581
0.116948
0.114443
0.113458
0.111406
0.110098
0.10842
0.106832
0.105516
0.103642
0.102695
0.100522
0.101102
0.108062
0.163644
0.346372
0.411584
0.200512
0.133897
0.122329
0.117871
0.117243
0.11473
0.113746
0.111688
0.110379
0.108696
0.107106
0.105788
0.10391
0.102962
0.100784
0.101366
0.108327
0.163899
0.346563
0.41182
0.200634
0.134107
0.122616
0.118163
0.117539
0.115019
0.114035
0.111971
0.110661
0.108975
0.107382
0.106062
0.104179
0.103231
0.101048
0.101631
0.108592
0.164151
0.346744
0.412056
0.200772
0.134327
0.122906
0.118457
0.117838
0.11531
0.114326
0.112257
0.110945
0.109255
0.107659
0.106338
0.104451
0.103502
0.101313
0.101897
0.108858
0.164401
0.346918
0.412293
0.200926
0.134556
0.123198
0.118754
0.118137
0.115603
0.114619
0.112545
0.111231
0.109538
0.107939
0.106615
0.104724
0.103774
0.101581
0.102165
0.109124
0.164649
0.347085
0.412529
0.201093
0.134794
0.123494
0.119053
0.118439
0.115898
0.114914
0.112834
0.111519
0.109822
0.10822
0.106894
0.104999
0.104048
0.10185
0.102434
0.109392
0.164889
0.347251
0.412766
0.201271
0.135039
0.123792
0.119354
0.118741
0.116195
0.11521
0.113126
0.111809
0.110108
0.108503
0.107175
0.105276
0.104323
0.102121
0.102704
0.109659
0.165119
0.347419
0.413004
0.201459
0.13529
0.124093
0.119657
0.119046
0.116493
0.115508
0.113419
0.1121
0.110396
0.108787
0.107457
0.105554
0.1046
0.102394
0.102976
0.109923
0.165343
0.34759
0.413243
0.201656
0.135547
0.124396
0.119962
0.119352
0.116794
0.115807
0.113714
0.112393
0.110685
0.109074
0.107742
0.105835
0.104879
0.102668
0.103249
0.110184
0.165562
0.347762
0.413483
0.201861
0.135809
0.124701
0.120269
0.119659
0.117097
0.116108
0.114011
0.112687
0.110977
0.109362
0.108027
0.106117
0.105159
0.102944
0.103523
0.110445
0.165777
0.347937
0.413723
0.202072
0.136075
0.125008
0.120577
0.119969
0.117401
0.116411
0.114309
0.112984
0.11127
0.109652
0.108315
0.1064
0.105441
0.103222
0.103799
0.110704
0.165989
0.348113
0.413965
0.20229
0.136346
0.125318
0.120888
0.120279
0.117707
0.116715
0.11461
0.113281
0.111564
0.109943
0.108604
0.106686
0.105724
0.103502
0.104075
0.110963
0.166198
0.348291
0.414208
0.202513
0.13662
0.125629
0.1212
0.120592
0.118014
0.117021
0.114912
0.113581
0.111861
0.110236
0.108895
0.106973
0.106009
0.103783
0.104353
0.111221
0.166405
0.348471
0.414452
0.202741
0.136898
0.125942
0.121514
0.120906
0.118324
0.117329
0.115216
0.113882
0.112159
0.110531
0.109187
0.107262
0.106295
0.104065
0.104632
0.11148
0.166611
0.348652
0.414698
0.202974
0.13718
0.126257
0.12183
0.121221
0.118635
0.117638
0.115521
0.114185
0.112459
0.110827
0.109481
0.107552
0.106583
0.104349
0.104913
0.111738
0.166816
0.348836
0.414945
0.20321
0.137464
0.126574
0.122148
0.121538
0.118948
0.117949
0.115828
0.114489
0.11276
0.111125
0.109777
0.107844
0.106873
0.104635
0.105195
0.111997
0.167021
0.34902
0.415193
0.203451
0.137751
0.126893
0.122467
0.121857
0.119262
0.118261
0.116137
0.114795
0.113063
0.111425
0.110074
0.108137
0.107165
0.104922
0.105478
0.112257
0.167225
0.349206
0.415442
0.203694
0.138041
0.127214
0.122788
0.122177
0.119579
0.118575
0.116447
0.115103
0.113368
0.111726
0.110372
0.108433
0.107458
0.105211
0.105762
0.112518
0.167429
0.349394
0.415693
0.203941
0.138333
0.127536
0.123111
0.122499
0.119897
0.118891
0.116759
0.115412
0.113674
0.112029
0.110673
0.108729
0.107752
0.105501
0.106048
0.112779
0.167633
0.349583
0.415946
0.204191
0.138628
0.12786
0.123436
0.122823
0.120216
0.119208
0.117073
0.115723
0.113982
0.112334
0.110975
0.109028
0.108049
0.105793
0.106336
0.113041
0.167837
0.349774
0.4162
0.204443
0.138925
0.128186
0.123762
0.123148
0.120538
0.119527
0.117389
0.116035
0.114291
0.11264
0.111279
0.109328
0.108346
0.106086
0.106625
0.113305
0.168042
0.349966
0.416455
0.204698
0.139224
0.128514
0.12409
0.123475
0.120861
0.119847
0.117706
0.116349
0.114603
0.112948
0.111584
0.10963
0.108646
0.106381
0.106916
0.113569
0.168248
0.350159
0.416712
0.204956
0.139525
0.128843
0.12442
0.123804
0.121186
0.12017
0.118025
0.116665
0.114916
0.113257
0.111891
0.109933
0.108947
0.106678
0.107208
0.113835
0.168454
0.350354
0.41697
0.205215
0.139829
0.129175
0.124752
0.124134
0.121512
0.120494
0.118345
0.116983
0.11523
0.113568
0.1122
0.110238
0.10925
0.106976
0.107501
0.114102
0.168661
0.35055
0.41723
0.205477
0.140134
0.129507
0.125085
0.124466
0.12184
0.120819
0.118668
0.117302
0.115546
0.113881
0.11251
0.110544
0.109554
0.107276
0.107796
0.11437
0.168869
0.350748
0.417492
0.205741
0.140442
0.129842
0.12542
0.1248
0.12217
0.121146
0.118992
0.117623
0.115864
0.114196
0.112822
0.110853
0.10986
0.107577
0.108093
0.11464
0.169078
0.350947
0.417755
0.206008
0.140751
0.130179
0.125757
0.125135
0.122502
0.121475
0.119318
0.117945
0.116184
0.114512
0.113136
0.111163
0.110168
0.10788
0.108392
0.114911
0.169289
0.351147
0.418019
0.206276
0.141063
0.130517
0.126096
0.125472
0.122836
0.121806
0.119645
0.118269
0.116505
0.11483
0.113452
0.111474
0.110477
0.108185
0.108692
0.115183
0.1695
0.351349
0.418285
0.206546
0.141376
0.130857
0.126437
0.125811
0.123171
0.122138
0.119974
0.118595
0.116829
0.115149
0.113769
0.111787
0.110788
0.108491
0.108993
0.115457
0.169713
0.351552
0.418553
0.206818
0.141691
0.131198
0.126779
0.126151
0.123508
0.122473
0.120305
0.118923
0.117153
0.115471
0.114088
0.112102
0.111101
0.108799
0.109297
0.115733
0.169926
0.351756
0.418822
0.207092
0.142009
0.131542
0.127123
0.126493
0.123847
0.122808
0.120638
0.119252
0.11748
0.115794
0.114408
0.112419
0.111415
0.109109
0.109601
0.11601
0.170142
0.351962
0.419093
0.207368
0.142328
0.131887
0.127469
0.126837
0.124188
0.123146
0.120973
0.119584
0.117808
0.116119
0.114731
0.112737
0.111731
0.10942
0.109908
0.116289
0.170358
0.352169
0.419365
0.207645
0.142649
0.132234
0.127817
0.127183
0.12453
0.123485
0.121309
0.119916
0.118139
0.116445
0.115055
0.113058
0.112049
0.109733
0.110216
0.116569
0.170576
0.352378
0.41964
0.207925
0.142972
0.132583
0.128167
0.127531
0.124874
0.123827
0.121647
0.120251
0.118471
0.116773
0.115381
0.113379
0.112369
0.110048
0.110526
0.116851
0.170795
0.352588
0.419915
0.208206
0.143297
0.132934
0.128518
0.12788
0.12522
0.12417
0.121987
0.120588
0.118804
0.117103
0.115708
0.113703
0.11269
0.110365
0.110838
0.117135
0.171016
0.352799
0.420192
0.208489
0.143624
0.133286
0.128871
0.128231
0.125568
0.124514
0.122329
0.120926
0.11914
0.117435
0.116038
0.114029
0.113013
0.110683
0.111151
0.11742
0.171238
0.353011
0.420471
0.208773
0.143952
0.133641
0.129227
0.128584
0.125918
0.124861
0.122672
0.121266
0.119477
0.117769
0.116369
0.114356
0.113338
0.111003
0.111467
0.117707
0.171462
0.353226
0.420752
0.20906
0.144283
0.133997
0.129584
0.128939
0.12627
0.125209
0.123018
0.121608
0.119817
0.118105
0.116702
0.114685
0.113665
0.111325
0.111784
0.117996
0.171687
0.353441
0.421034
0.209348
0.144615
0.134355
0.129943
0.129296
0.126624
0.12556
0.123365
0.121952
0.120158
0.118442
0.117037
0.115016
0.113994
0.111649
0.112102
0.118286
0.171914
0.353658
0.421318
0.209638
0.14495
0.134715
0.130304
0.129655
0.126979
0.125912
0.123715
0.122297
0.120501
0.118781
0.117373
0.115348
0.114324
0.111975
0.112423
0.118578
0.172143
0.353876
0.421604
0.209929
0.145286
0.135077
0.130667
0.130015
0.127337
0.126266
0.124066
0.122645
0.120846
0.119122
0.117712
0.115683
0.114656
0.112302
0.112745
0.118872
0.172373
0.354096
0.421892
0.210222
0.145625
0.135441
0.131032
0.130378
0.127696
0.126622
0.124419
0.122994
0.121193
0.119465
0.118053
0.11602
0.11499
0.112632
0.11307
0.119168
0.172604
0.354318
0.422181
0.210517
0.145965
0.135807
0.131399
0.130742
0.128058
0.12698
0.124774
0.123346
0.121541
0.11981
0.118395
0.116358
0.115326
0.112963
0.113396
0.119466
0.172838
0.354541
0.422472
0.210814
0.146307
0.136174
0.131768
0.131109
0.128421
0.12734
0.125131
0.123699
0.121892
0.120157
0.11874
0.116698
0.115664
0.113296
0.113724
0.119765
0.173073
0.354765
0.422765
0.211113
0.146651
0.136544
0.132139
0.131477
0.128787
0.127702
0.125491
0.124055
0.122245
0.120506
0.119086
0.117041
0.116004
0.113631
0.114054
0.120067
0.173309
0.354991
0.42306
0.211413
0.146998
0.136916
0.132512
0.131847
0.129154
0.128066
0.125852
0.124412
0.1226
0.120857
0.119434
0.117385
0.116346
0.113968
0.114386
0.12037
0.173548
0.355219
0.423357
0.211715
0.147346
0.13729
0.132888
0.13222
0.129524
0.128432
0.126215
0.124771
0.122957
0.12121
0.119785
0.117731
0.11669
0.114307
0.11472
0.120676
0.173788
0.355449
0.423656
0.212019
0.147696
0.137666
0.133265
0.132594
0.129896
0.1288
0.12658
0.125133
0.123316
0.121565
0.120137
0.118079
0.117036
0.114648
0.115055
0.120983
0.17403
0.35568
0.423956
0.212325
0.148049
0.138044
0.133645
0.132971
0.13027
0.12917
0.126948
0.125496
0.123677
0.121922
0.120492
0.11843
0.117384
0.114991
0.115393
0.121292
0.174274
0.355912
0.424259
0.212632
0.148403
0.138424
0.134026
0.13335
0.130646
0.129542
0.127317
0.125862
0.12404
0.122281
0.120848
0.118782
0.117734
0.115337
0.115733
0.121604
0.17452
0.356147
0.424564
0.212942
0.14876
0.138806
0.13441
0.133731
0.131024
0.129917
0.127689
0.12623
0.124405
0.122642
0.121207
0.119137
0.118086
0.115684
0.116075
0.121917
0.174767
0.356383
0.424871
0.213253
0.149119
0.13919
0.134796
0.134114
0.131405
0.130293
0.128063
0.1266
0.124772
0.123005
0.121568
0.119493
0.11844
0.116033
0.116419
0.122232
0.175017
0.356621
0.42518
0.213566
0.14948
0.139577
0.135185
0.134499
0.131787
0.130672
0.128439
0.126972
0.125142
0.123371
0.121931
0.119852
0.118796
0.116385
0.116765
0.12255
0.175268
0.356861
0.425491
0.213881
0.149843
0.139966
0.135575
0.134886
0.132172
0.131053
0.128818
0.127346
0.125514
0.123738
0.122296
0.120213
0.119155
0.116738
0.117113
0.12287
0.175522
0.357103
0.425805
0.214198
0.150209
0.140357
0.135968
0.135276
0.132559
0.131436
0.129198
0.127723
0.125888
0.124108
0.122663
0.120577
0.119515
0.117094
0.117464
0.123191
0.175777
0.357347
0.42612
0.214517
0.150576
0.14075
0.136364
0.135668
0.132949
0.131822
0.129581
0.128101
0.126264
0.124481
0.123033
0.120942
0.119878
0.117452
0.117816
0.123515
0.176035
0.357593
0.426438
0.214838
0.150946
0.141145
0.136761
0.136063
0.133341
0.132209
0.129967
0.128482
0.126643
0.124855
0.123405
0.12131
0.120243
0.117812
0.118171
0.123842
0.176294
0.357841
0.426759
0.215161
0.151318
0.141543
0.137161
0.136459
0.133735
0.132599
0.130354
0.128866
0.127024
0.125232
0.123779
0.12168
0.120611
0.118175
0.118528
0.12417
0.176556
0.358091
0.427082
0.215486
0.151693
0.141944
0.137564
0.136858
0.134132
0.132992
0.130744
0.129252
0.127407
0.125611
0.124156
0.122052
0.120981
0.11854
0.118888
0.124501
0.17682
0.358343
0.427407
0.215813
0.15207
0.142346
0.137969
0.13726
0.134531
0.133387
0.131137
0.12964
0.127793
0.125993
0.124535
0.122427
0.121353
0.118907
0.119249
0.124834
0.177086
0.358598
0.427735
0.216142
0.152449
0.142752
0.138377
0.137664
0.134933
0.133784
0.131532
0.130031
0.128181
0.126377
0.124916
0.122804
0.121727
0.119277
0.119614
0.12517
0.177354
0.358854
0.428065
0.216473
0.152831
0.143159
0.138787
0.13807
0.135337
0.134184
0.131929
0.130424
0.128572
0.126763
0.1253
0.123184
0.122104
0.119649
0.11998
0.125508
0.177624
0.359113
0.428398
0.216806
0.153216
0.143569
0.139199
0.138479
0.135744
0.134586
0.132329
0.130819
0.128965
0.127152
0.125686
0.123566
0.122483
0.120023
0.120349
0.125848
0.177897
0.359374
0.428733
0.217142
0.153602
0.143982
0.139615
0.13889
0.136153
0.134991
0.132732
0.131217
0.12936
0.127543
0.126075
0.12395
0.122865
0.1204
0.12072
0.126191
0.178172
0.359638
0.429071
0.21748
0.153992
0.144397
0.140032
0.139304
0.136565
0.135399
0.133137
0.131618
0.129759
0.127937
0.126466
0.124337
0.123249
0.12078
0.121094
0.126536
0.178449
0.359903
0.429412
0.217819
0.154384
0.144815
0.140453
0.139721
0.136979
0.135809
0.133544
0.132021
0.130159
0.128334
0.12686
0.124727
0.123636
0.121162
0.12147
0.126884
0.178729
0.360172
0.429756
0.218162
0.154778
0.145235
0.140876
0.14014
0.137397
0.136221
0.133955
0.132427
0.130563
0.128733
0.127256
0.125119
0.124025
0.121546
0.121849
0.127234
0.179011
0.360443
0.430102
0.218506
0.155175
0.145658
0.141302
0.140562
0.137817
0.136636
0.134368
0.132835
0.130969
0.129134
0.127655
0.125514
0.124417
0.121933
0.12223
0.127587
0.179295
0.360716
0.430451
0.218852
0.155575
0.146084
0.141731
0.140987
0.138239
0.137054
0.134783
0.133247
0.131378
0.129539
0.128057
0.125911
0.124812
0.122323
0.122614
0.127942
0.179582
0.360992
0.430803
0.219201
0.155977
0.146513
0.142162
0.141414
0.138665
0.137475
0.135202
0.13366
0.131789
0.129946
0.128462
0.126311
0.125209
0.122716
0.123001
0.1283
0.179872
0.36127
0.431158
0.219552
0.156382
0.146944
0.142597
0.141844
0.139093
0.137898
0.135623
0.134077
0.132203
0.130356
0.128869
0.126714
0.125609
0.123111
0.12339
0.128661
0.180163
0.361551
0.431516
0.219906
0.15679
0.147378
0.143034
0.142277
0.139524
0.138325
0.136047
0.134496
0.13262
0.130768
0.129279
0.12712
0.126012
0.123508
0.123782
0.129024
0.180458
0.361835
0.431877
0.220262
0.1572
0.147815
0.143474
0.142713
0.139958
0.138754
0.136474
0.134918
0.13304
0.131183
0.129691
0.127528
0.126417
0.123909
0.124176
0.12939
0.180755
0.362121
0.432241
0.22062
0.157613
0.148254
0.143917
0.143151
0.140395
0.139185
0.136904
0.135343
0.133463
0.131601
0.130107
0.127939
0.126825
0.124312
0.124574
0.129759
0.181054
0.362411
0.432608
0.22098
0.158029
0.148697
0.144363
0.143593
0.140834
0.13962
0.137336
0.135771
0.133888
0.132022
0.130525
0.128353
0.127236
0.124718
0.124974
0.130131
0.181356
0.362703
0.432977
0.221343
0.158448
0.149142
0.144812
0.144037
0.141277
0.140058
0.137772
0.136202
0.134317
0.132446
0.130946
0.12877
0.12765
0.125127
0.125377
0.130505
0.181661
0.362997
0.43335
0.221708
0.15887
0.14959
0.145263
0.144484
0.141723
0.140498
0.13821
0.136635
0.134748
0.132873
0.13137
0.129189
0.128067
0.125539
0.125782
0.130882
0.181968
0.363295
0.433726
0.222076
0.159295
0.150041
0.145718
0.144934
0.142171
0.140942
0.138652
0.137072
0.135182
0.133303
0.131797
0.129612
0.128486
0.125954
0.126191
0.131262
0.182278
0.363595
0.434105
0.222445
0.159722
0.150496
0.146176
0.145388
0.142623
0.141388
0.139096
0.137511
0.135619
0.133735
0.132227
0.130037
0.128908
0.126371
0.126602
0.131645
0.18259
0.363898
0.434487
0.222818
0.160153
0.150953
0.146637
0.145844
0.143078
0.141837
0.139544
0.137954
0.136059
0.134171
0.132659
0.130466
0.129334
0.126792
0.127017
0.132031
0.182905
0.364204
0.434871
0.223192
0.160586
0.151413
0.147101
0.146303
0.143535
0.14229
0.139994
0.138399
0.136503
0.134609
0.133095
0.130897
0.129762
0.127215
0.127434
0.13242
0.183223
0.364513
0.435259
0.223569
0.161022
0.151876
0.147569
0.146765
0.143996
0.142745
0.140448
0.138848
0.136949
0.135051
0.133534
0.131331
0.130193
0.127642
0.127854
0.132811
0.183544
0.364825
0.43565
0.223949
0.161461
0.152342
0.148039
0.14723
0.14446
0.143204
0.140905
0.139299
0.137398
0.135495
0.133976
0.131769
0.130628
0.128071
0.128277
0.133206
0.183867
0.365139
0.436044
0.224331
0.161904
0.152812
0.148512
0.147699
0.144927
0.143665
0.141364
0.139754
0.13785
0.135943
0.134421
0.132209
0.131065
0.128504
0.128703
0.133603
0.184193
0.365457
0.436441
0.224715
0.162349
0.153284
0.148989
0.14817
0.145398
0.14413
0.141827
0.140212
0.138306
0.136394
0.134869
0.132653
0.131505
0.12894
0.129133
0.134004
0.184521
0.365777
0.436841
0.225102
0.162797
0.15376
0.149469
0.148645
0.145871
0.144598
0.142293
0.140672
0.138765
0.136848
0.13532
0.1331
0.131949
0.129378
0.129565
0.134407
0.184852
0.3661
0.437244
0.225491
0.163249
0.154238
0.149952
0.149123
0.146348
0.145069
0.142763
0.141136
0.139226
0.137305
0.135774
0.133549
0.132395
0.12982
0.13
0.134814
0.185186
0.366426
0.43765
0.225882
0.163703
0.15472
0.150439
0.149604
0.146828
0.145543
0.143235
0.141604
0.139691
0.137765
0.136231
0.134002
0.132845
0.130265
0.130439
0.135224
0.185523
0.366755
0.438059
0.226276
0.164161
0.155205
0.150928
0.150088
0.147311
0.14602
0.143711
0.142074
0.140159
0.138228
0.136692
0.134459
0.133298
0.130713
0.13088
0.135636
0.185862
0.367087
0.43847
0.226672
0.164622
0.155693
0.151421
0.150575
0.147797
0.146501
0.14419
0.142548
0.140631
0.138695
0.137156
0.134918
0.133754
0.131164
0.131325
0.136052
0.186204
0.367421
0.438885
0.227071
0.165086
0.156185
0.151918
0.151066
0.148287
0.146985
0.144672
0.143024
0.141105
0.139165
0.137623
0.135381
0.134213
0.131619
0.131773
0.136471
0.186549
0.367759
0.439302
0.227472
0.165553
0.15668
0.152418
0.15156
0.14878
0.147472
0.145157
0.143504
0.141583
0.139638
0.138093
0.135846
0.134675
0.132077
0.132224
0.136893
0.186896
0.368099
0.439723
0.227876
0.166023
0.157178
0.152921
0.152057
0.149277
0.147962
0.145646
0.143988
0.142064
0.140114
0.138566
0.136315
0.135141
0.132538
0.132678
0.137318
0.187246
0.368442
0.440146
0.228282
0.166497
0.157679
0.153427
0.152558
0.149776
0.148456
0.146138
0.144474
0.142549
0.140594
0.139043
0.136788
0.13561
0.133002
0.133135
0.137747
0.187599
0.368787
0.440571
0.22869
0.166973
0.158183
0.153937
0.153062
0.150279
0.148953
0.146634
0.144964
0.143037
0.141077
0.139523
0.137263
0.136082
0.133469
0.133596
0.138178
0.187954
0.369136
0.441
0.229101
0.167453
0.158691
0.15445
0.153569
0.150786
0.149453
0.147133
0.145458
0.143528
0.141563
0.140007
0.137742
0.136557
0.13394
0.13406
0.138613
0.188313
0.369487
0.441431
0.229514
0.167937
0.159202
0.154967
0.154079
0.151296
0.149957
0.147635
0.145954
0.144023
0.142053
0.140493
0.138225
0.137036
0.134414
0.134527
0.139051
0.188673
0.369841
0.441864
0.229929
0.168423
0.159717
0.155487
0.154593
0.151809
0.150464
0.148141
0.146454
0.14452
0.142546
0.140983
0.13871
0.137518
0.134892
0.134997
0.139492
0.189037
0.370197
0.442301
0.230347
0.168913
0.160235
0.156011
0.155111
0.152326
0.150975
0.14865
0.146958
0.145022
0.143042
0.141477
0.1392
0.138004
0.135373
0.135471
0.139936
0.189403
0.370556
0.442739
0.230767
0.169407
0.160756
0.156538
0.155632
0.152847
0.151489
0.149163
0.147465
0.145527
0.143542
0.141974
0.139692
0.138493
0.135857
0.135949
0.140384
0.189772
0.370918
0.443181
0.23119
0.169903
0.161281
0.157069
0.156156
0.153371
0.152006
0.149679
0.147975
0.146035
0.144046
0.142474
0.140188
0.138985
0.136345
0.136429
0.140835
0.190143
0.371282
0.443624
0.231615
0.170403
0.161809
0.157603
0.156683
0.153898
0.152527
0.150199
0.148489
0.146547
0.144552
0.142978
0.140688
0.139481
0.136836
0.136913
0.14129
0.190517
0.371649
0.44407
0.232043
0.170907
0.162341
0.158141
0.157215
0.154429
0.153052
0.150722
0.149006
0.147062
0.145063
0.143486
0.141191
0.139981
0.137331
0.137401
0.141747
0.190894
0.372019
0.444519
0.232472
0.171414
0.162876
0.158682
0.157749
0.154964
0.15358
0.151249
0.149527
0.147581
0.145577
0.143997
0.141697
0.140483
0.137829
0.137892
0.142208
0.191274
0.372391
0.44497
0.232905
0.171924
0.163415
0.159227
0.158288
0.155502
0.154111
0.151779
0.150052
0.148104
0.146094
0.144511
0.142207
0.14099
0.138331
0.138386
0.142673
0.191656
0.372765
0.445423
0.233339
0.172438
0.163958
0.159776
0.15883
0.156044
0.154646
0.152313
0.15058
0.14863
0.146615
0.145029
0.142721
0.1415
0.138836
0.138884
0.143141
0.192041
0.373142
0.445878
0.233777
0.172955
0.164504
0.160328
0.159375
0.156589
0.155185
0.152851
0.151111
0.14916
0.14714
0.145551
0.143238
0.142013
0.139345
0.139386
0.143612
0.192428
0.373521
0.446336
0.234216
0.173477
0.165053
0.160885
0.159924
0.157139
0.155727
0.153392
0.151647
0.149693
0.147668
0.146076
0.143759
0.14253
0.139858
0.139891
0.144087
0.192819
0.373903
0.446796
0.234658
0.174001
0.165606
0.161445
0.160477
0.157692
0.156273
0.153937
0.152186
0.15023
0.1482
0.146605
0.144284
0.143051
0.140375
0.1404
0.144565
0.193212
0.374287
0.447258
0.235103
0.17453
0.166163
0.162008
0.161034
0.158248
0.156823
0.154486
0.152729
0.150771
0.148736
0.147138
0.144812
0.143576
0.140895
0.140912
0.145047
0.193608
0.374673
0.447722
0.23555
0.175062
0.166724
0.162576
0.161594
0.158809
0.157377
0.155039
0.153275
0.151316
0.149276
0.147675
0.145345
0.144104
0.141419
0.141428
0.145533
0.194006
0.375062
0.448188
0.236
0.175597
0.167288
0.163147
0.162158
0.159374
0.157934
0.155595
0.153826
0.151864
0.149819
0.148215
0.145881
0.144636
0.141946
0.141948
0.146022
0.194408
0.375453
0.448657
0.236452
0.176137
0.167856
0.163723
0.162726
0.159942
0.158495
0.156156
0.15438
0.152417
0.150367
0.148759
0.14642
0.145172
0.142478
0.142472
0.146515
0.194812
0.375847
0.449127
0.236907
0.17668
0.168428
0.164302
0.163298
0.160514
0.15906
0.15672
0.154938
0.152973
0.150918
0.149307
0.146964
0.145712
0.143013
0.142999
0.147012
0.195219
0.376243
0.4496
0.237365
0.177228
0.169004
0.164885
0.163873
0.16109
0.159629
0.157288
0.1555
0.153533
0.151473
0.149859
0.147512
0.146256
0.143552
0.14353
0.147512
0.19563
0.376641
0.450075
0.237825
0.177779
0.169584
0.165473
0.164453
0.161671
0.160202
0.15786
0.156066
0.154097
0.152032
0.150415
0.148064
0.146803
0.144096
0.144066
0.148016
0.196043
0.377041
0.450551
0.238288
0.178334
0.170168
0.166064
0.165037
0.162255
0.160779
0.158437
0.156636
0.154666
0.152595
0.150975
0.148619
0.147355
0.144643
0.144605
0.148524
0.196459
0.377444
0.45103
0.238754
0.178893
0.170755
0.16666
0.165624
0.162844
0.16136
0.159017
0.157211
0.155238
0.153162
0.151539
0.149179
0.14791
0.145194
0.145148
0.149036
0.196878
0.377849
0.451511
0.239223
0.179457
0.171347
0.16726
0.166216
0.163436
0.161946
0.159602
0.157789
0.155814
0.153734
0.152108
0.149743
0.14847
0.14575
0.145695
0.149552
0.1973
0.378256
0.451994
0.239694
0.180024
0.171943
0.167863
0.166812
0.164033
0.162535
0.160191
0.158371
0.156395
0.154309
0.15268
0.150311
0.149034
0.146309
0.146247
0.150072
0.197725
0.378665
0.452479
0.240169
0.180596
0.172543
0.168472
0.167412
0.164634
0.163129
0.160784
0.158958
0.15698
0.154889
0.153256
0.150883
0.149602
0.146873
0.146802
0.150597
0.198154
0.379077
0.452966
0.240647
0.181172
0.173148
0.169084
0.168017
0.16524
0.163726
0.161381
0.159549
0.157569
0.155473
0.153837
0.15146
0.150175
0.147441
0.147362
0.151125
0.198586
0.379491
0.453455
0.241127
0.181752
0.173757
0.169701
0.168625
0.16585
0.164329
0.161983
0.160145
0.158163
0.156061
0.154423
0.152041
0.150751
0.148014
0.147926
0.151657
0.19902
0.379908
0.453946
0.241611
0.182337
0.17437
0.170323
0.169238
0.166464
0.164935
0.162589
0.160745
0.158761
0.156654
0.155012
0.152626
0.151332
0.148591
0.148494
0.152194
0.199459
0.380326
0.45444
0.242099
0.182926
0.174987
0.170949
0.169856
0.167083
0.165546
0.1632
0.161349
0.159363
0.157251
0.155606
0.153216
0.151918
0.149172
0.149067
0.152735
0.1999
0.380748
0.454935
0.24259
0.18352
0.175609
0.171579
0.170478
0.167706
0.166162
0.163815
0.161958
0.15997
0.157853
0.156205
0.15381
0.152508
0.149758
0.149644
0.15328
0.200345
0.381171
0.455433
0.243084
0.184119
0.176235
0.172214
0.171104
0.168334
0.166782
0.164435
0.162571
0.160582
0.15846
0.156808
0.154409
0.153103
0.150348
0.150226
0.15383
0.200793
0.381597
0.455933
0.243582
0.184722
0.176866
0.172854
0.171735
0.168967
0.167406
0.165059
0.163189
0.161198
0.159071
0.157416
0.155013
0.153702
0.150943
0.150812
0.154384
0.201245
0.382025
0.456435
0.244083
0.18533
0.177502
0.173499
0.172371
0.169604
0.168036
0.165689
0.163812
0.161819
0.159687
0.158028
0.155621
0.154306
0.151543
0.151403
0.154942
0.2017
0.382456
0.45694
0.244589
0.185943
0.178142
0.174149
0.173012
0.170247
0.16867
0.166323
0.16444
0.162445
0.160307
0.158646
0.156234
0.154914
0.152148
0.151999
0.155506
0.202158
0.38289
0.457447
0.245098
0.186561
0.178788
0.174803
0.173657
0.170894
0.169309
0.166962
0.165072
0.163076
0.160933
0.159268
0.156852
0.155528
0.152757
0.152599
0.156073
0.202619
0.383325
0.457956
0.245611
0.187184
0.179438
0.175462
0.174307
0.171546
0.169953
0.167606
0.16571
0.163711
0.161563
0.159895
0.157475
0.156146
0.153371
0.153204
0.156645
0.203083
0.383764
0.458468
0.246129
0.187812
0.180093
0.176127
0.174963
0.172203
0.170602
0.168255
0.166353
0.164352
0.162198
0.160527
0.158103
0.15677
0.153991
0.153814
0.157222
0.203551
0.384205
0.458983
0.24665
0.188446
0.180753
0.176796
0.175623
0.172865
0.171256
0.168909
0.167
0.164998
0.162839
0.161164
0.158736
0.157398
0.154615
0.154429
0.157802
0.20402
0.384648
0.4595
0.247176
0.189084
0.181418
0.177471
0.176288
0.173533
0.171916
0.169568
0.167653
0.165649
0.163485
0.161807
0.159374
0.158032
0.155244
0.155049
0.158387
0.204491
0.385094
0.46002
0.247705
0.189728
0.182088
0.178151
0.176959
0.174206
0.17258
0.170233
0.168311
0.166305
0.164136
0.162454
0.160018
0.158671
0.155879
0.155674
0.158977
0.204963
0.385543
0.460542
0.248238
0.190377
0.182764
0.178836
0.177634
0.174884
0.17325
0.170903
0.168974
0.166966
0.164792
0.163107
0.160666
0.159315
0.156519
0.156304
0.159569
0.205436
0.385994
0.461067
0.248775
0.191032
0.183444
0.179527
0.178315
0.175567
0.173925
0.171578
0.169643
0.167633
0.165453
0.163766
0.16132
0.159964
0.157164
0.156939
0.160165
0.205905
0.386447
0.461595
0.249314
0.191691
0.18413
0.180223
0.179002
0.176256
0.174605
0.172259
0.170317
0.168306
0.166121
0.16443
0.16198
0.16062
0.157814
0.157579
0.160763
0.206369
0.386903
0.462125
0.249854
0.192355
0.184822
0.180924
0.179693
0.17695
0.175291
0.172945
0.170997
0.168984
0.166793
0.165099
0.162645
0.16128
0.15847
0.158225
0.161362
0.206822
0.387361
0.462658
0.250394
0.193024
0.185518
0.181631
0.180391
0.17765
0.175983
0.173637
0.171683
0.169667
0.167472
0.165775
0.163316
0.161947
0.159132
0.158875
0.161961
0.20726
0.387821
0.463193
0.250931
0.193695
0.18622
0.182344
0.181094
0.178356
0.176681
0.174335
0.172374
0.170357
0.168156
0.166456
0.163993
0.16262
0.159799
0.15953
0.162555
0.207671
0.388281
)
;

boundaryField
{
    wall
    {
        type            compressible::alphatJayatillekeWallFunction;
        Prt             0.85;
        value           uniform 0;
    }
    inlet
    {
        type            calculated;
        value           uniform 37.903;
    }
    outlet
    {
        type            calculated;
        value           nonuniform List<scalar> 
20
(
0.347611
0.147052
0.092749
0.0874238
0.0875912
0.0890958
0.0900976
0.0914465
0.0925651
0.0938047
0.0950084
0.0961585
0.0974504
0.0985023
0.100107
0.101926
0.108848
0.130965
0.197428
0.377371
)
;
    }
    heatWall
    {
        type            compressible::alphatJayatillekeWallFunction;
        Prt             0.85;
        value           nonuniform List<scalar> 
840
(
0
0
0
0
0.0422935
0.0417864
0.0412945
0.0408167
0.0403525
0.0399013
0.0394625
0.0390356
0.0386203
0.038216
0.0378225
0.0374392
0.037066
0.0367023
0.0363479
0.0360025
0.0356657
0.0353373
0.035017
0.0347044
0.0343994
0.0341017
0.033811
0.0335271
0.0332498
0.0329788
0.032714
0.0324551
0.0322019
0.0319541
0.0317117
0.0314744
0.031242
0.0310144
0.0307912
0.0305723
0.0303575
0.0301466
0.0299394
0.0297356
0.029535
0.0293372
0.029142
0.0289489
0.0287574
0.0285667
0.0163771
0.0164007
0.0164222
0.016444
0.0164662
0.0164885
0.0165112
0.0165341
0.0165572
0.0165806
0.0166043
0.0166282
0.0166524
0.0166768
0.0167015
0.0167265
0.0167518
0.0167773
0.0168031
0.0168292
0.0168556
0.0168823
0.0169093
0.0169366
0.0169641
0.016992
0.0170202
0.0170487
0.0170776
0.0171067
0.0171362
0.017166
0.0171962
0.0172267
0.0172575
0.0172887
0.0173203
0.0173522
0.0173845
0.0174171
0.0174502
0.0174836
0.0175174
0.0175517
0.0175863
0.0176213
0.0176568
0.0176927
0.017729
0.0177657
0.0178029
0.0178405
0.0178786
0.0179172
0.0179563
0.0179958
0.0180358
0.0180763
0.0181173
0.0181589
0.0182009
0.0182435
0.0182867
0.0183303
0.0183746
0.0184194
0.0184648
0.0185108
0.0185575
0.0186047
0.0186525
0.018701
0.0187502
0.0188
0.0188504
0.0189016
0.0189535
0.019006
0.0190594
0.0191134
0.0191682
0.0192238
0.0192802
0.0193373
0.0193953
0.0194541
0.0195138
0.0195744
0.0196358
0.0196981
0.0197614
0.0198256
0.0198908
0.0199569
0.0200241
0.0200923
0.0201615
0.0202318
0.0203032
0.0203757
0.0204494
0.0205242
0.0206003
0.0206775
0.0207561
0.0208359
0.020917
0.0209994
0.0210832
0.0211685
0.0212551
0.0213433
0.0214329
0.0215241
0.0216169
0.0217113
0.0218074
0.0219052
0.0220047
0.022106
0.0222092
0.0223142
0.0224212
0.0225302
0.0226412
0.0227543
0.0228695
0.0229869
0.0231067
0.0232287
0.0233531
0.02348
0.0236094
0.0237413
0.0238759
0.0240133
0.0241535
0.0242965
0.0244425
0.0245915
0.0247436
0.0248989
0.0250575
0.0252195
0.0253848
0.0255537
0.0257262
0.0259023
0.0260821
0.0262657
0.0264532
0.0266444
0.0268396
0.0270386
0.0272414
0.0274479
0.0276579
0.0278714
0.0280879
0.0283069
0.0142267
0.0142926
0.0143441
0.014386
0.0144212
0.0144513
0.0144774
0.0145005
0.0145209
0.0145391
0.0145556
0.0145705
0.0145841
0.0145966
0.0146082
0.014619
0.0146291
0.0146385
0.0146475
0.0146561
0.0146642
0.0146721
0.0146796
0.0146871
0.0146947
0.0147024
0.0147102
0.014718
0.0147259
0.0147339
0.0147419
0.01475
0.0147581
0.0147663
0.0147746
0.0147829
0.0147912
0.0147996
0.0148081
0.0148166
0.0148251
0.0148337
0.0148423
0.014851
0.0148597
0.0148685
0.0148773
0.0148862
0.0148951
0.014904
0.014913
0.014922
0.0149311
0.0149403
0.0149494
0.0149587
0.0149679
0.0149772
0.0149866
0.014996
0.0150055
0.015015
0.0150246
0.0150342
0.0150439
0.0150536
0.0150634
0.0150733
0.0150832
0.0150932
0.0151032
0.0151134
0.0151235
0.0151338
0.0151441
0.0151545
0.015165
0.0151755
0.0151862
0.0151969
0.0152076
0.0152185
0.0152295
0.0152405
0.0152517
0.0152629
0.0152742
0.0152856
0.0152971
0.0153087
0.0153204
0.0153322
0.0153441
0.0153561
0.0153682
0.0153804
0.0153927
0.0154051
0.0154176
0.0154302
0.0154429
0.0154558
0.0154687
0.0154817
0.0154949
0.0155081
0.0155214
0.0155349
0.0155484
0.0155621
0.0155758
0.0155897
0.0156036
0.0156177
0.0156318
0.015646
0.0156604
0.0156748
0.0156893
0.0157039
0.0157186
0.0157334
0.0157483
0.0157633
0.0157783
0.0157934
0.0158087
0.015824
0.0158393
0.0158548
0.0158704
0.015886
0.0159017
0.0159175
0.0159334
0.0159493
0.0159654
0.0159815
0.0159977
0.016014
0.0160303
0.0160468
0.0160633
0.0160799
0.0160966
0.0161134
0.0161303
0.0161472
0.0161643
0.0161814
0.0161987
0.016216
0.0162334
0.0162509
0.0162685
0.0162862
0.016304
0.0163219
0.0163399
0.0163578
0.0147097
0.0146963
0.0146828
0.0146692
0.0146556
0.014642
0.0146282
0.0146144
0.0146005
0.0145865
0.0145724
0.0145582
0.0145439
0.0145294
0.0145148
0.0145
0.014485
0.0144699
0.0144546
0.0144391
0.0144234
0.0144074
0.0143913
0.0143749
0.0143583
0.0143415
0.0143245
0.0143075
0.0142904
0.0142735
0.0142566
0.01424
0.0142236
0.0142076
0.014192
0.014177
0.0141628
0.0141494
0.0141371
0.0141261
0.0141166
0.014109
0.0141038
0.0141012
0.014102
0.014107
0.014117
0.0141336
0.0141585
0.0141939
0.0195055
0.0195301
0.019555
0.01958
0.0196053
0.0196307
0.0196564
0.0196822
0.0197082
0.0197345
0.0197609
0.0197875
0.0198143
0.0198414
0.0198686
0.0198961
0.0199238
0.0199517
0.0199798
0.0200081
0.0200367
0.0200655
0.0200945
0.0201238
0.0201532
0.020183
0.0202129
0.0202431
0.0202735
0.0203042
0.0203351
0.0203663
0.0203977
0.0204294
0.0204613
0.0204935
0.0205259
0.0205586
0.0205916
0.0206249
0.0206584
0.0206922
0.0207262
0.0207605
0.0207952
0.0208301
0.0208653
0.0209007
0.0209365
0.0209726
0.021009
0.0210456
0.0210826
0.0211199
0.0211575
0.0211955
0.0212337
0.0212723
0.0213112
0.0213505
0.02139
0.02143
0.0214702
0.0215108
0.0215518
0.0215932
0.0216348
0.0216769
0.0217194
0.0217622
0.0218054
0.021849
0.0218929
0.0219373
0.0219821
0.0220273
0.0220729
0.0221189
0.0221654
0.0222123
0.0222596
0.0223073
0.0223556
0.0224042
0.0224534
0.022503
0.0225531
0.0226036
0.0226547
0.0227062
0.0227583
0.0228109
0.022864
0.0229176
0.0229718
0.0230265
0.0230817
0.0231375
0.0231939
0.0232509
0.0233085
0.0233666
0.0234254
0.0234848
0.0235448
0.0236054
0.0236667
0.0237286
0.0237913
0.0238546
0.0239186
0.0239833
0.0240487
0.0241148
0.0241817
0.0242493
0.0243177
0.0243869
0.0244569
0.0245277
0.0245993
0.0246718
0.0247451
0.0248193
0.0248943
0.0249703
0.0250472
0.025125
0.0252038
0.0252836
0.0253644
0.0254462
0.025529
0.0256129
0.0256979
0.025784
0.0258713
0.0259597
0.0260494
0.0261402
0.0262324
0.0263258
0.0264206
0.0265168
0.0266144
0.0267135
0.0268141
0.0269164
0.0270204
0.027127
0.0272366
0.0273497
0.0274667
0.027588
0.0277143
0.0278466
0.0279858
0.0281337
0.0282921
0.028464
0
0
0
0
0.0422935
0.0417864
0.0412945
0.0408168
0.0403527
0.0399015
0.0394627
0.039036
0.0386207
0.0382166
0.0378232
0.0374401
0.0370671
0.0367037
0.0363496
0.0360045
0.0356681
0.0353401
0.0350203
0.0347083
0.034404
0.0341071
0.0338174
0.0335346
0.0332585
0.032989
0.0327259
0.0324689
0.032218
0.0319729
0.0317335
0.0314997
0.0312714
0.0310484
0.0308302
0.0306162
0.0304062
0.0301998
0.0299968
0.0297968
0.0295994
0.029404
0.0292097
0.0290151
0.0288177
0.0286123
0.0159207
0.015939
0.0159574
0.015976
0.0159947
0.0160136
0.0160327
0.0160519
0.0160714
0.0160911
0.016111
0.0161312
0.0161517
0.0161724
0.0161934
0.0162147
0.0162363
0.0162582
0.0162804
0.0163029
0.0163257
0.0163488
0.0163722
0.016396
0.01642
0.0164443
0.0164689
0.0164938
0.016519
0.0165444
0.0165702
0.0165962
0.0166225
0.016649
0.0166758
0.0167028
0.0167299
0.0167572
0.0167847
0.0168122
0.0168398
0.0168674
0.0168948
0.0169221
0.0169492
0.0169758
0.017002
0.0170274
0.017052
0.0170755
0.0171251
0.0171458
0.0171645
0.0171817
0.0171976
0.0172126
0.0172267
0.0172402
0.0172532
0.0172657
0.0172778
0.0172895
0.0173011
0.0173124
0.0173235
0.0173345
0.0173453
0.0173561
0.0173668
0.0173775
0.0173881
0.0173987
0.0174093
0.0174199
0.0174305
0.0174411
0.0174518
0.0174624
0.0174731
0.0174838
0.0174945
0.0175053
0.0175161
0.017527
0.0175379
0.0175489
0.0175599
0.0175709
0.017582
0.0175931
0.0176043
0.0176155
0.0176268
0.0176382
0.0176495
0.017661
0.0176725
0.017684
0.0176956
0.0177072
0.0177189
0.0177307
0.0177425
0.0177543
0.0177662
0.0177782
0.0177902
0.0178023
0.0178144
0.0178266
0.0178389
0.0178512
0.0178635
0.017876
0.0178885
0.017901
0.0179137
0.0179264
0.0179391
0.017952
0.0179649
0.0179779
0.017991
0.0180041
0.0180173
0.0180306
0.018044
0.0180575
0.0180711
0.0180847
0.0180984
0.0181123
0.0181262
0.0181402
0.0181544
0.0181686
0.0181829
0.0181973
0.0182118
0.0182265
0.0182412
0.018256
0.018271
0.018286
0.0183012
0.0183165
0.0183318
0.0183473
0.0183629
0.0183786
0.0183944
0.0184103
0.0184264
0.0184425
0.0184587
0.0184751
0.0184915
0.0185081
0.0185247
0.0185415
0.0185583
0.0185753
0.0185923
0.0186095
0.0186267
0.018644
0.0186614
0.0186789
0.0186965
0.0187142
0.018732
0.0187498
0.0187677
0.0187857
0.0188038
0.0188219
0.0188401
0.0188584
0.0188768
0.0188953
0.0189138
0.0189323
0.018951
0.0189697
0.0189885
0.0190074
0.0190263
0.0190453
0.0190644
0.0190835
0.0191027
0.019122
0.0191413
0.0191607
0.0191802
0.0191998
0.0192195
0.0192392
0.019259
0.0192789
0.0192989
0.019319
0.0193392
0.0193594
0.0193798
0.0194002
0.0194208
0.0194414
0.0194622
0.019483
)
;
    }
}


// ************************************************************************* //
