/*--------------------------------*- C++ -*----------------------------------*\
  =========                 |
  \\      /  F ield         | OpenFOAM: The Open Source CFD Toolbox
   \\    /   O peration     | Website:  https://openfoam.org
    \\  /    A nd           | Version:  8
     \\/     M anipulation  |
\*---------------------------------------------------------------------------*/
FoamFile
{
    version     2.0;
    format      ascii;
    class       volScalarField;
    location    "500";
    object      alphat;
}
// * * * * * * * * * * * * * * * * * * * * * * * * * * * * * * * * * * * * * //

dimensions      [1 -1 -1 0 0 0 0];

internalField   nonuniform List<scalar> 
8400
(
0.346724
0.346408
0.346089
0.345769
0.345447
0.345122
0.344795
0.344465
0.344132
0.343795
0.343455
0.343112
0.342764
0.342413
0.342056
0.341696
0.34133
0.34096
0.340584
0.340203
0.339816
0.339424
0.339027
0.338624
0.338215
0.3378
0.33738
0.336961
0.336542
0.336125
0.335712
0.335304
0.334903
0.334512
0.334132
0.333767
0.33342
0.333095
0.332798
0.332533
0.332306
0.332127
0.332004
0.33195
0.331978
0.332108
0.332365
0.332782
0.333405
0.334291
0.147202
0.147268
0.147328
0.147384
0.147437
0.147489
0.14754
0.147589
0.147637
0.147684
0.14773
0.147775
0.14782
0.147863
0.147907
0.147951
0.147996
0.148041
0.148088
0.148137
0.148188
0.148243
0.148302
0.148367
0.148437
0.148516
0.148601
0.148691
0.148783
0.148881
0.148983
0.149091
0.149205
0.149328
0.149459
0.1496
0.149752
0.149918
0.150099
0.150297
0.150515
0.150757
0.151026
0.151326
0.151664
0.152046
0.152481
0.152981
0.153562
0.154244
0.0927474
0.0929239
0.0931002
0.093276
0.0934511
0.0936255
0.0937992
0.0939723
0.0941448
0.0943168
0.0944882
0.0946592
0.0948298
0.0950001
0.0951702
0.0953403
0.0955105
0.0956809
0.0958518
0.0960233
0.0961957
0.0963693
0.0965444
0.0967216
0.0969013
0.097084
0.0972684
0.0974532
0.0976385
0.0978244
0.098011
0.0981985
0.0983871
0.098577
0.0987684
0.0989615
0.0991566
0.0993542
0.0995546
0.0997582
0.0999657
0.100178
0.100395
0.100618
0.100849
0.101088
0.101337
0.101599
0.101876
0.102172
0.0871926
0.0873592
0.0875262
0.0876936
0.0878614
0.0880297
0.0881985
0.0883677
0.0885374
0.0887076
0.0888784
0.0890497
0.0892215
0.0893939
0.0895669
0.0897406
0.0899148
0.0900897
0.0902653
0.0904417
0.0906187
0.0907966
0.0909754
0.0911547
0.0913347
0.0915153
0.0916966
0.0918785
0.0920611
0.0922443
0.0924282
0.0926127
0.092798
0.092984
0.0931706
0.0933581
0.0935462
0.0937351
0.0939249
0.0941154
0.0943068
0.0944991
0.0946924
0.0948867
0.0950821
0.0952787
0.0954766
0.0956762
0.0958775
0.0960811
0.0873161
0.0874792
0.0876431
0.0878077
0.0879728
0.0881386
0.0883051
0.0884722
0.0886401
0.0888086
0.0889779
0.0891478
0.0893186
0.0894901
0.0896624
0.0898355
0.0900093
0.090184
0.0903595
0.0905357
0.0907127
0.0908905
0.091069
0.0912482
0.0914282
0.0916089
0.0917902
0.0919723
0.0921549
0.0923382
0.092522
0.0927064
0.0928912
0.0930764
0.0932619
0.0934477
0.0936336
0.0938195
0.0940052
0.0941906
0.0943756
0.0945598
0.094743
0.0949249
0.0951051
0.0952832
0.0954585
0.0956304
0.0957982
0.0959607
0.0888222
0.0889919
0.0891624
0.0893335
0.0895052
0.0896776
0.0898505
0.0900241
0.0901984
0.0903733
0.0905489
0.0907252
0.0909022
0.09108
0.0912584
0.0914376
0.0916176
0.0917982
0.0919796
0.0921617
0.0923446
0.0925282
0.0927126
0.0928978
0.0930837
0.0932703
0.0934577
0.0936458
0.0938346
0.0940241
0.0942143
0.094405
0.0945964
0.0947883
0.0949807
0.0951736
0.0953668
0.0955603
0.095754
0.0959478
0.0961415
0.0963351
0.0965283
0.096721
0.096913
0.097104
0.0972937
0.0974819
0.0976682
0.0978523
0.0898183
0.0899918
0.090166
0.0903408
0.0905163
0.0906923
0.0908691
0.0910465
0.0912245
0.0914033
0.0915829
0.0917631
0.0919441
0.0921259
0.0923085
0.0924917
0.0926758
0.0928606
0.0930462
0.0932326
0.0934197
0.0936077
0.0937964
0.0939859
0.0941761
0.0943671
0.0945588
0.0947512
0.0949442
0.0951379
0.0953321
0.0955268
0.0957221
0.0959177
0.0961136
0.0963097
0.0965059
0.096702
0.0968979
0.0970935
0.0972884
0.0974824
0.0976753
0.0978666
0.0980561
0.0982432
0.0984274
0.0986081
0.0987846
0.098956
0.0911698
0.0913493
0.0915298
0.0917108
0.0918924
0.0920747
0.0922576
0.0924412
0.0926255
0.0928104
0.092996
0.0931824
0.0933695
0.0935573
0.0937458
0.0939351
0.0941252
0.094316
0.0945077
0.0947001
0.0948933
0.0950873
0.095282
0.0954775
0.0956738
0.0958709
0.0960687
0.0962672
0.0964664
0.0966663
0.0968668
0.0970678
0.0972694
0.0974715
0.0976739
0.0978767
0.0980797
0.0982827
0.0984857
0.0986885
0.098891
0.0990928
0.0992938
0.0994937
0.0996922
0.099889
0.100084
0.100275
0.100464
0.10065
0.0922865
0.0924712
0.0926566
0.0928427
0.0930293
0.0932166
0.0934045
0.0935931
0.0937824
0.0939723
0.094163
0.0943544
0.0945465
0.0947394
0.094933
0.0951275
0.0953227
0.0955187
0.0957155
0.095913
0.0961114
0.0963106
0.0965106
0.0967113
0.0969129
0.0971151
0.0973181
0.0975219
0.0977263
0.0979313
0.098137
0.0983432
0.0985499
0.0987569
0.0989643
0.0991719
0.0993796
0.0995873
0.0997947
0.100002
0.100208
0.100414
0.100618
0.100821
0.101022
0.10122
0.101416
0.101608
0.101797
0.10198
0.0935276
0.0937181
0.0939095
0.0941014
0.0942939
0.0944871
0.0946808
0.0948752
0.0950703
0.0952661
0.0954627
0.0956599
0.0958579
0.0960566
0.0962561
0.0964564
0.0966575
0.0968593
0.097062
0.0972655
0.0974698
0.0976749
0.0978808
0.0980875
0.0982949
0.0985032
0.0987122
0.0989219
0.0991323
0.0993434
0.0995551
0.0997673
0.09998
0.100193
0.100407
0.10062
0.100834
0.101048
0.101262
0.101475
0.101687
0.101899
0.102109
0.102318
0.102525
0.102729
0.102931
0.103129
0.103323
0.103512
0.0947337
0.0949305
0.095128
0.0953261
0.0955248
0.0957241
0.095924
0.0961246
0.0963258
0.0965278
0.0967305
0.0969338
0.097138
0.0973429
0.0975485
0.0977549
0.0979622
0.0981702
0.098379
0.0985887
0.0987992
0.0990105
0.0992226
0.0994355
0.0996492
0.0998637
0.100079
0.100295
0.100512
0.100729
0.100947
0.101166
0.101385
0.101605
0.101825
0.102045
0.102266
0.102486
0.102707
0.102927
0.103147
0.103365
0.103583
0.1038
0.104014
0.104227
0.104437
0.104644
0.104847
0.105046
0.0958845
0.0960871
0.0962904
0.0964942
0.0966986
0.0969036
0.0971092
0.0973154
0.0975223
0.0977299
0.0979382
0.0981472
0.0983569
0.0985674
0.0987787
0.0989907
0.0992036
0.0994172
0.0996317
0.099847
0.100063
0.10028
0.100498
0.100716
0.100936
0.101156
0.101377
0.101599
0.101821
0.102044
0.102268
0.102492
0.102717
0.102942
0.103167
0.103393
0.103619
0.103844
0.10407
0.104295
0.104519
0.104742
0.104963
0.105183
0.1054
0.105614
0.105825
0.106032
0.106233
0.106429
0.0971832
0.097393
0.0976035
0.0978147
0.0980264
0.0982387
0.0984516
0.0986651
0.0988793
0.0990941
0.0993096
0.0995259
0.0997429
0.0999606
0.100179
0.100398
0.100618
0.100839
0.101061
0.101283
0.101507
0.101731
0.101956
0.102182
0.102408
0.102636
0.102864
0.103093
0.103323
0.103554
0.103785
0.104017
0.10425
0.104483
0.104717
0.104951
0.105186
0.10542
0.105655
0.10589
0.106124
0.106358
0.106591
0.106823
0.107054
0.107282
0.107509
0.107734
0.107955
0.108173
0.0982376
0.0984537
0.0986704
0.0988875
0.0991051
0.0993232
0.0995419
0.0997612
0.0999811
0.100202
0.100423
0.100645
0.100867
0.101091
0.101315
0.101539
0.101765
0.101991
0.102218
0.102446
0.102675
0.102905
0.103135
0.103366
0.103598
0.103831
0.104064
0.104299
0.104534
0.104769
0.105005
0.105242
0.105479
0.105717
0.105955
0.106193
0.106431
0.106669
0.106907
0.107143
0.107379
0.107614
0.107847
0.108078
0.108306
0.10853
0.108751
0.108966
0.109176
0.109378
0.0998564
0.100082
0.100308
0.100534
0.100761
0.100988
0.101216
0.101444
0.101673
0.101903
0.102133
0.102363
0.102595
0.102826
0.103059
0.103292
0.103526
0.103761
0.103996
0.104232
0.104469
0.104707
0.104945
0.105184
0.105424
0.105665
0.105906
0.106148
0.106391
0.106635
0.106879
0.107123
0.107369
0.107614
0.10786
0.108106
0.108352
0.108598
0.108844
0.109089
0.109334
0.109578
0.109821
0.110062
0.110302
0.11054
0.110775
0.111008
0.111238
0.111465
0.101713
0.101953
0.102193
0.102434
0.102674
0.102913
0.103153
0.103393
0.103633
0.103873
0.104113
0.104353
0.104593
0.104834
0.105075
0.105316
0.105557
0.105798
0.10604
0.106283
0.106525
0.106768
0.107011
0.107255
0.107498
0.107742
0.107986
0.10823
0.108474
0.108718
0.108961
0.109204
0.109446
0.109687
0.109927
0.110165
0.1104
0.110633
0.110863
0.111089
0.11131
0.111525
0.111735
0.111936
0.112129
0.112311
0.112481
0.112638
0.11278
0.112904
0.108744
0.109024
0.109304
0.109582
0.109859
0.110134
0.110408
0.11068
0.110951
0.111221
0.111489
0.111756
0.112022
0.112287
0.112551
0.112814
0.113077
0.113338
0.113598
0.113858
0.114117
0.114375
0.114631
0.114887
0.115142
0.115395
0.115647
0.115896
0.116144
0.116389
0.116632
0.11687
0.117105
0.117335
0.117559
0.117777
0.117986
0.118187
0.118376
0.118553
0.118715
0.11886
0.118985
0.119086
0.119161
0.119204
0.119212
0.119177
0.119095
0.118958
0.131107
0.131512
0.13191
0.132302
0.13269
0.133072
0.13345
0.133823
0.134192
0.134556
0.134916
0.135273
0.135625
0.135974
0.136319
0.136661
0.136999
0.137333
0.137665
0.137992
0.138317
0.138638
0.138955
0.139267
0.139576
0.139879
0.140177
0.140469
0.140754
0.141031
0.141299
0.141556
0.1418
0.14203
0.142243
0.142437
0.142607
0.14275
0.142862
0.142936
0.142966
0.142945
0.142863
0.142708
0.142467
0.142121
0.141648
0.141019
0.140197
0.139128
0.197237
0.197777
0.198327
0.198878
0.199431
0.199984
0.200537
0.20109
0.201644
0.202198
0.202753
0.203309
0.203865
0.204421
0.204979
0.205537
0.206096
0.206656
0.207216
0.207776
0.208337
0.208898
0.209458
0.210017
0.210575
0.21113
0.211681
0.212228
0.212769
0.213303
0.213827
0.21434
0.214839
0.21532
0.215781
0.216216
0.216621
0.216991
0.217316
0.217591
0.217803
0.217941
0.217989
0.217928
0.217733
0.217372
0.2168
0.215954
0.214753
0.213079
0.376369
0.376803
0.377243
0.377687
0.378136
0.378591
0.379051
0.379517
0.379988
0.380466
0.380951
0.381442
0.38194
0.382444
0.382956
0.383474
0.384
0.384533
0.385073
0.38562
0.386174
0.386735
0.387304
0.38788
0.388463
0.389053
0.389651
0.390255
0.390867
0.391485
0.39211
0.392741
0.393379
0.394022
0.39467
0.395324
0.395981
0.396642
0.397306
0.397971
0.398636
0.3993
0.399961
0.400616
0.401262
0.401897
0.402517
0.403116
0.403688
0.404223
1.08355
1.06874
1.05457
1.04098
1.0279
1.01527
1.00302
0.991133
0.979587
0.968366
0.957457
0.946848
0.936527
0.926484
0.916709
0.907192
0.897925
0.888899
0.880106
0.871537
0.863186
0.855045
0.847108
0.839367
0.831816
0.824451
0.817263
0.81025
0.803404
0.796721
0.790196
0.783826
0.777605
0.77153
0.765597
0.759802
0.754143
0.748616
0.743208
0.737903
0.732695
0.727577
0.722541
0.717578
0.712677
0.707823
0.702992
0.698148
0.693223
0.688086
1.07683
1.05216
1.02859
1.00603
0.984429
0.963764
0.944006
0.9251
0.906993
0.889635
0.872981
0.85699
0.841621
0.826839
0.812612
0.798907
0.785697
0.772956
0.760658
0.74878
0.737301
0.726201
0.715461
0.705063
0.694992
0.68523
0.675764
0.66658
0.657664
0.649003
0.640587
0.632403
0.62444
0.616687
0.609132
0.601765
0.594575
0.587552
0.580698
0.574021
0.567513
0.561168
0.554979
0.54894
0.543044
0.537284
0.531653
0.526143
0.52074
0.51543
1.0768
1.05207
1.02836
1.00568
0.983955
0.963152
0.943214
0.924088
0.905725
0.88808
0.871111
0.854779
0.839049
0.823888
0.809265
0.795152
0.781522
0.768352
0.755619
0.743301
0.731379
0.719833
0.708647
0.697805
0.687289
0.677088
0.667185
0.65757
0.648229
0.639151
0.630326
0.621743
0.613393
0.605267
0.597357
0.589656
0.582155
0.574848
0.567728
0.560788
0.554024
0.547429
0.540999
0.534729
0.528616
0.522654
0.516841
0.511173
0.505648
0.500263
1.0768
1.05225
1.02876
1.00628
0.984746
0.964102
0.944292
0.925267
0.906979
0.889389
0.872456
0.856145
0.840423
0.825259
0.810625
0.796494
0.782841
0.769641
0.756875
0.74452
0.732559
0.720972
0.709742
0.698854
0.688293
0.678044
0.668095
0.658432
0.649043
0.639918
0.631046
0.622417
0.614021
0.60585
0.597895
0.590148
0.582602
0.57525
0.568085
0.561101
0.554293
0.547654
0.54118
0.534867
0.52871
0.522704
0.516847
0.511135
0.505564
0.500131
1.0768
1.05225
1.02875
1.00625
0.984678
0.963996
0.944148
0.925089
0.906775
0.889164
0.872218
0.8559
0.840176
0.825016
0.810389
0.796268
0.782628
0.769444
0.756694
0.744357
0.732415
0.720847
0.709637
0.698768
0.688227
0.677997
0.668066
0.658421
0.649051
0.639943
0.631087
0.622473
0.614093
0.605936
0.597994
0.59026
0.582725
0.575384
0.568229
0.561253
0.554452
0.54782
0.541351
0.535041
0.528884
0.522878
0.517018
0.511299
0.505718
0.500271
1.0768
1.05226
1.02879
1.00633
0.984802
0.964168
0.944369
0.925358
0.907088
0.889517
0.872607
0.85632
0.840623
0.825485
0.810876
0.79677
0.783141
0.769965
0.757221
0.744888
0.732947
0.721378
0.710166
0.699295
0.688749
0.678514
0.668577
0.658925
0.649546
0.64043
0.631565
0.622942
0.614551
0.606383
0.59843
0.590684
0.583137
0.575783
0.568614
0.561625
0.554809
0.54816
0.541674
0.535345
0.529169
0.523141
0.517256
0.511511
0.505901
0.500422
1.0768
1.05227
1.0288
1.00634
0.984815
0.964177
0.944371
0.925349
0.907066
0.889482
0.872558
0.856258
0.840548
0.825399
0.81078
0.796665
0.783029
0.769847
0.757099
0.744762
0.732818
0.721249
0.710037
0.699166
0.688621
0.678388
0.668453
0.658804
0.649428
0.640315
0.631454
0.622834
0.614447
0.606282
0.598333
0.59059
0.583047
0.575695
0.568528
0.56154
0.554725
0.548077
0.54159
0.535259
0.529079
0.523046
0.517155
0.511401
0.50578
0.500287
1.0768
1.05227
1.02881
1.00635
0.984836
0.964207
0.944411
0.925401
0.907131
0.889559
0.872648
0.856361
0.840664
0.825526
0.810918
0.796814
0.783186
0.770013
0.757272
0.744942
0.733003
0.721438
0.710229
0.699361
0.688817
0.678585
0.66865
0.659
0.649623
0.640508
0.631643
0.62302
0.614628
0.606459
0.598504
0.590755
0.583204
0.575845
0.568669
0.561671
0.554845
0.548185
0.541685
0.535339
0.529144
0.523093
0.517182
0.511406
0.505761
0.500242
1.0768
1.05227
1.02881
1.00636
0.984842
0.964215
0.94442
0.925409
0.907137
0.889563
0.872648
0.856357
0.840655
0.825512
0.8109
0.79679
0.783158
0.76998
0.757234
0.744899
0.732957
0.721388
0.710176
0.699304
0.688758
0.678524
0.668587
0.658935
0.649556
0.640439
0.631574
0.622949
0.614556
0.606385
0.598428
0.590677
0.583125
0.575762
0.568584
0.561583
0.554752
0.548087
0.541581
0.535228
0.529024
0.522964
0.517042
0.511254
0.505595
0.500059
1.0768
1.05227
1.02881
1.00636
0.984846
0.96422
0.944427
0.925418
0.907148
0.889576
0.872664
0.856375
0.840676
0.825536
0.810926
0.796819
0.78319
0.770014
0.757271
0.744938
0.732998
0.72143
0.71022
0.699349
0.688804
0.678569
0.668632
0.65898
0.6496
0.640482
0.631615
0.622988
0.614593
0.606419
0.598459
0.590704
0.583146
0.575779
0.568594
0.561586
0.554748
0.548074
0.541558
0.535194
0.528977
0.522903
0.516965
0.511159
0.505481
0.499925
1.0768
1.05227
1.02881
1.00636
0.984846
0.96422
0.944426
0.925417
0.907148
0.889576
0.872664
0.856374
0.840675
0.825535
0.810925
0.796818
0.783188
0.770012
0.757268
0.744935
0.732994
0.721426
0.710215
0.699343
0.688797
0.678562
0.668623
0.65897
0.649589
0.640469
0.6316
0.622971
0.614573
0.606396
0.598433
0.590674
0.583112
0.575739
0.568549
0.561535
0.55469
0.548007
0.541482
0.535108
0.52888
0.522792
0.51684
0.511019
0.505323
0.499747
1.0768
1.05227
1.02881
1.00636
0.984842
0.964215
0.944419
0.925408
0.907136
0.889562
0.872647
0.856355
0.840653
0.82551
0.810896
0.796786
0.783153
0.769974
0.757227
0.744891
0.732947
0.721377
0.710163
0.69929
0.688741
0.678504
0.668564
0.658908
0.649525
0.640404
0.631533
0.622902
0.614502
0.606323
0.598357
0.590595
0.583031
0.575655
0.568461
0.561442
0.554591
0.547903
0.54137
0.534988
0.528751
0.522653
0.516689
0.510853
0.505142
0.49955
1.0768
1.05227
1.02881
1.00635
0.984836
0.964206
0.944411
0.9254
0.90713
0.889558
0.872646
0.856358
0.84066
0.825521
0.810913
0.796807
0.783178
0.770003
0.75726
0.744928
0.732987
0.721419
0.710207
0.699334
0.688787
0.678549
0.668609
0.658952
0.649568
0.640445
0.631571
0.622937
0.614534
0.606351
0.59838
0.590613
0.583042
0.575659
0.568458
0.56143
0.55457
0.547871
0.541327
0.534932
0.52868
0.522566
0.516585
0.51073
0.504999
0.499384
1.0768
1.05227
1.0288
1.00634
0.984815
0.964176
0.94437
0.925347
0.907065
0.88948
0.872555
0.856254
0.840544
0.825393
0.810773
0.796656
0.783018
0.769835
0.757084
0.744745
0.732798
0.721225
0.710008
0.699133
0.688582
0.678343
0.668401
0.658743
0.649358
0.640235
0.631361
0.622727
0.614324
0.606141
0.598171
0.590404
0.582833
0.57545
0.568247
0.561219
0.554357
0.547656
0.541108
0.534709
0.528452
0.522332
0.516342
0.510479
0.504736
0.499108
1.0768
1.05226
1.02879
1.00633
0.984802
0.964167
0.944368
0.925357
0.907086
0.889515
0.872603
0.856315
0.840617
0.825477
0.810866
0.796758
0.783127
0.769948
0.757201
0.744864
0.732918
0.721345
0.710127
0.699249
0.688696
0.678452
0.668506
0.658843
0.649452
0.640322
0.631441
0.622799
0.614388
0.606196
0.598217
0.59044
0.582859
0.575465
0.568251
0.56121
0.554335
0.547619
0.541057
0.534641
0.528367
0.522227
0.516217
0.510331
0.504563
0.498908
1.0768
1.05225
1.02875
1.00625
0.984678
0.963995
0.944147
0.925088
0.906773
0.889161
0.872214
0.855895
0.84017
0.825007
0.810378
0.796255
0.782612
0.769425
0.756672
0.744331
0.732384
0.72081
0.709594
0.698719
0.688169
0.67793
0.667989
0.658332
0.648947
0.639823
0.630949
0.622314
0.613909
0.605724
0.597751
0.589981
0.582406
0.575017
0.567808
0.560772
0.553901
0.547188
0.540628
0.534214
0.527939
0.521799
0.515786
0.509896
0.504123
0.498461
1.0768
1.05225
1.02876
1.00628
0.984745
0.964101
0.944291
0.925265
0.906977
0.889385
0.872451
0.856138
0.840415
0.825249
0.810612
0.796478
0.782822
0.769619
0.756848
0.744489
0.732521
0.720928
0.709691
0.698794
0.688224
0.677964
0.668002
0.658324
0.64892
0.639776
0.630883
0.62223
0.613808
0.605606
0.597616
0.58983
0.582239
0.574835
0.567612
0.560562
0.553677
0.546953
0.540381
0.533957
0.527674
0.521526
0.515508
0.509617
0.503847
0.498195
1.0768
1.05207
1.02836
1.00567
0.983955
0.963151
0.943212
0.924086
0.905722
0.888076
0.871106
0.854773
0.839041
0.823878
0.809252
0.795137
0.781505
0.768331
0.755595
0.743273
0.731346
0.719795
0.708604
0.697755
0.687233
0.677024
0.667113
0.657489
0.648139
0.639051
0.630214
0.621619
0.613256
0.605115
0.597188
0.589467
0.581945
0.574612
0.567465
0.560494
0.553696
0.547064
0.540594
0.534282
0.528124
0.522119
0.516267
0.51057
0.505036
0.499683
1.07683
1.05216
1.02859
1.00602
0.984428
0.963763
0.944005
0.925099
0.906992
0.889635
0.872982
0.856991
0.841623
0.826842
0.812616
0.798914
0.785707
0.772969
0.760675
0.748802
0.737331
0.726239
0.71551
0.705125
0.695069
0.685328
0.675886
0.66673
0.65785
0.649233
0.640868
0.632747
0.62486
0.617199
0.609756
0.602525
0.5955
0.588676
0.582047
0.575612
0.569367
0.563312
0.557447
0.551775
0.546301
0.541034
0.535992
0.531206
0.526733
0.522687
1.08355
1.06874
1.05457
1.04098
1.0279
1.01527
1.00302
0.991132
0.979584
0.968362
0.957452
0.94684
0.936517
0.926471
0.916693
0.907172
0.897901
0.888869
0.880069
0.871493
0.863134
0.854983
0.847033
0.839279
0.831713
0.824329
0.817121
0.810082
0.803208
0.796493
0.78993
0.783516
0.777245
0.771111
0.76511
0.759237
0.753487
0.747855
0.742337
0.736927
0.73162
0.726412
0.721297
0.71627
0.711323
0.706451
0.701647
0.6969
0.6922
0.68753
0.463754
0.251416
0.194343
0.186906
0.183042
0.181782
0.179048
0.177365
0.17502
0.173053
0.171034
0.168829
0.167126
0.164658
0.163282
0.160455
0.160173
0.163109
0.207953
0.388773
0.464326
0.252023
0.195036
0.18762
0.183766
0.182497
0.179765
0.178073
0.175728
0.173754
0.171733
0.169522
0.167816
0.165344
0.163962
0.161132
0.160844
0.163781
0.208625
0.389324
0.464903
0.25261
0.195731
0.18834
0.184497
0.183217
0.180487
0.178787
0.176442
0.174461
0.172439
0.170222
0.168512
0.166036
0.164649
0.161816
0.161521
0.164458
0.209291
0.389825
0.465485
0.253192
0.19643
0.189066
0.185233
0.183944
0.181216
0.179507
0.177162
0.175174
0.17315
0.170928
0.169214
0.166734
0.165342
0.162506
0.162205
0.165138
0.209912
0.390333
0.466072
0.253773
0.197133
0.189797
0.185975
0.184676
0.181951
0.180234
0.177888
0.175894
0.173868
0.17164
0.169923
0.167439
0.166041
0.163203
0.162894
0.165817
0.210517
0.390848
0.466664
0.254357
0.197842
0.190534
0.186724
0.185415
0.182692
0.180966
0.17862
0.176619
0.174591
0.172359
0.170638
0.16815
0.166747
0.163906
0.163589
0.166499
0.211115
0.39137
0.46726
0.254945
0.198557
0.191278
0.187478
0.186159
0.183439
0.181705
0.179359
0.177351
0.175322
0.173084
0.171359
0.168868
0.167458
0.164616
0.16429
0.167184
0.211712
0.391898
0.467862
0.255537
0.199278
0.192027
0.18824
0.18691
0.184193
0.18245
0.180104
0.17809
0.176058
0.173815
0.172087
0.169592
0.168177
0.165332
0.164997
0.167873
0.212309
0.392432
0.468469
0.256135
0.200005
0.192783
0.189007
0.187668
0.184953
0.183201
0.180856
0.178835
0.176801
0.174553
0.172821
0.170323
0.168902
0.166055
0.165711
0.168567
0.21291
0.392973
0.469081
0.256739
0.200739
0.193546
0.189781
0.188432
0.18572
0.183959
0.181615
0.179586
0.177551
0.175298
0.173562
0.17106
0.169634
0.166785
0.166431
0.169267
0.213514
0.393521
0.469699
0.257348
0.201479
0.194315
0.190562
0.189202
0.186493
0.184724
0.182379
0.180344
0.178307
0.176049
0.174309
0.171805
0.170372
0.167521
0.167158
0.169973
0.214123
0.394075
0.470321
0.257963
0.202226
0.19509
0.191349
0.189979
0.187273
0.185495
0.183151
0.181109
0.17907
0.176807
0.175063
0.172556
0.171118
0.168263
0.167891
0.170685
0.214736
0.394636
0.470949
0.258584
0.20298
0.195872
0.192144
0.190763
0.18806
0.186273
0.18393
0.181881
0.17984
0.177572
0.175824
0.173314
0.17187
0.169013
0.168631
0.171403
0.215355
0.395203
0.471582
0.259211
0.203741
0.196661
0.192945
0.191553
0.188853
0.187057
0.184715
0.182659
0.180617
0.178344
0.176592
0.174078
0.172629
0.16977
0.169378
0.172128
0.215981
0.395777
0.47222
0.259843
0.204509
0.197457
0.193752
0.19235
0.189654
0.187849
0.185507
0.183445
0.181401
0.179122
0.177367
0.17485
0.173395
0.170533
0.170132
0.17286
0.216612
0.396358
0.472864
0.260482
0.205284
0.198259
0.194567
0.193154
0.190461
0.188648
0.186306
0.184237
0.182191
0.179908
0.178149
0.175629
0.174168
0.171304
0.170893
0.173599
0.217249
0.396945
0.473514
0.261127
0.206067
0.199069
0.195389
0.193966
0.191276
0.189453
0.187113
0.185037
0.182989
0.180701
0.178939
0.176415
0.174948
0.172082
0.171661
0.174345
0.217893
0.39754
0.474169
0.261777
0.206856
0.199885
0.196219
0.194784
0.192098
0.190266
0.187926
0.185844
0.183794
0.181502
0.179735
0.177209
0.175735
0.172867
0.172436
0.175098
0.218544
0.398141
0.47483
0.262434
0.207653
0.200709
0.197055
0.195609
0.192927
0.191086
0.188747
0.186658
0.184607
0.182309
0.180539
0.178009
0.17653
0.17366
0.173218
0.175858
0.219202
0.39875
0.475496
0.263097
0.208456
0.201539
0.197899
0.196442
0.193764
0.191914
0.189576
0.187479
0.185427
0.183124
0.18135
0.178818
0.177332
0.17446
0.174008
0.176626
0.219867
0.399365
0.476168
0.263766
0.209268
0.202378
0.19875
0.197282
0.194608
0.192749
0.190411
0.188308
0.186254
0.183947
0.182169
0.179633
0.178142
0.175268
0.174806
0.177402
0.220539
0.399988
0.476846
0.264441
0.210087
0.203223
0.199609
0.198129
0.195459
0.193591
0.191255
0.189145
0.187089
0.184777
0.182995
0.180457
0.178959
0.176083
0.175611
0.178185
0.221218
0.400618
0.47753
0.265123
0.210913
0.204076
0.200475
0.198984
0.196318
0.194441
0.192106
0.189989
0.187931
0.185615
0.183829
0.181288
0.179784
0.176906
0.176423
0.178976
0.221905
0.401256
0.47822
0.265811
0.211747
0.204936
0.201349
0.199847
0.197185
0.195299
0.192964
0.190841
0.188782
0.186461
0.184671
0.182127
0.180617
0.177737
0.177244
0.179774
0.222599
0.401901
0.478915
0.266505
0.212589
0.205804
0.202231
0.200718
0.19806
0.196164
0.193831
0.191701
0.18964
0.187315
0.185521
0.182974
0.181458
0.178576
0.178072
0.180581
0.223301
0.402554
0.479617
0.267205
0.213438
0.20668
0.20312
0.201596
0.198942
0.197038
0.194705
0.192569
0.190506
0.188176
0.186379
0.183829
0.182307
0.179423
0.178909
0.181396
0.224011
0.403215
0.480325
0.267912
0.214296
0.207564
0.204018
0.202482
0.199833
0.197919
0.195588
0.193445
0.19138
0.189046
0.187244
0.184692
0.183164
0.180279
0.179754
0.18222
0.224729
0.403884
0.481039
0.268626
0.215161
0.208456
0.204924
0.203376
0.200731
0.198809
0.196479
0.194329
0.192263
0.189925
0.188119
0.185564
0.184029
0.181142
0.180607
0.183051
0.225455
0.40456
0.481759
0.269346
0.216034
0.209355
0.205838
0.204279
0.201638
0.199706
0.197378
0.195221
0.193154
0.190811
0.189001
0.186444
0.184903
0.182015
0.181468
0.183892
0.226189
0.405245
0.482485
0.270073
0.216916
0.210263
0.20676
0.205189
0.202554
0.200613
0.198285
0.196122
0.194053
0.191706
0.189892
0.187332
0.185785
0.182895
0.182338
0.18474
0.226932
0.405937
0.483218
0.270806
0.217806
0.211179
0.20769
0.206108
0.203477
0.201527
0.199201
0.197031
0.194961
0.19261
0.190792
0.18823
0.186676
0.183785
0.183216
0.185598
0.227682
0.406638
0.483957
0.271547
0.218704
0.212104
0.20863
0.207035
0.20441
0.20245
0.200126
0.197949
0.195877
0.193522
0.1917
0.189135
0.187575
0.184683
0.184103
0.186465
0.228442
0.407348
0.484702
0.272294
0.219611
0.213036
0.209577
0.207971
0.205351
0.203382
0.201059
0.198876
0.196802
0.194443
0.192617
0.19005
0.188483
0.18559
0.185
0.18734
0.22921
0.408066
0.485454
0.273048
0.220527
0.213978
0.210534
0.208916
0.2063
0.204323
0.202001
0.199812
0.197736
0.195373
0.193543
0.190974
0.189401
0.186506
0.185905
0.188225
0.229987
0.408792
0.486212
0.27381
0.221451
0.214928
0.211499
0.20987
0.207259
0.205272
0.202952
0.200756
0.19868
0.196313
0.194478
0.191907
0.190327
0.187432
0.186819
0.189119
0.230773
0.409528
0.486977
0.274578
0.222384
0.215887
0.212473
0.210832
0.208227
0.206231
0.203912
0.20171
0.199632
0.197261
0.195422
0.192849
0.191263
0.188366
0.187742
0.190022
0.231568
0.410272
0.487749
0.275354
0.223325
0.216855
0.213457
0.211804
0.209203
0.207199
0.204881
0.202673
0.200593
0.198219
0.196376
0.193801
0.192208
0.189311
0.188675
0.190935
0.232372
0.411025
0.488527
0.276137
0.224276
0.217832
0.214449
0.212784
0.21019
0.208176
0.20586
0.203645
0.201564
0.199186
0.197339
0.194762
0.193162
0.190265
0.189618
0.191858
0.233186
0.411788
0.489313
0.276928
0.225236
0.218818
0.215451
0.213774
0.211185
0.209162
0.206848
0.204627
0.202545
0.200163
0.198312
0.195733
0.194126
0.191228
0.19057
0.192791
0.234009
0.41256
0.490105
0.277726
0.226206
0.219814
0.216462
0.214774
0.21219
0.210158
0.207846
0.205619
0.203535
0.201149
0.199294
0.196714
0.1951
0.192202
0.191532
0.193733
0.234842
0.413341
0.490904
0.278531
0.227185
0.220818
0.217483
0.215783
0.213205
0.211164
0.208854
0.206621
0.204535
0.202146
0.200286
0.197704
0.196084
0.193185
0.192504
0.194686
0.235685
0.414132
0.49171
0.279345
0.228173
0.221833
0.218514
0.216802
0.214229
0.212179
0.209871
0.207632
0.205545
0.203153
0.201289
0.198705
0.197078
0.194179
0.193486
0.195649
0.236537
0.414932
0.492523
0.280166
0.229171
0.222857
0.219555
0.21783
0.215264
0.213205
0.210898
0.208653
0.206565
0.204169
0.202301
0.199716
0.198083
0.195183
0.194479
0.196623
0.2374
0.415743
0.493343
0.280996
0.230179
0.223891
0.220605
0.218869
0.216308
0.214241
0.211936
0.209685
0.207596
0.205197
0.203324
0.200738
0.199098
0.196198
0.195482
0.197607
0.238273
0.416563
0.494171
0.281833
0.231197
0.224935
0.221666
0.219918
0.217363
0.215287
0.212984
0.210727
0.208636
0.206234
0.204358
0.20177
0.200123
0.197223
0.196496
0.198602
0.239157
0.417394
0.495006
0.282679
0.232225
0.225989
0.222737
0.220977
0.218428
0.216343
0.214042
0.21178
0.209688
0.207282
0.205402
0.202813
0.201159
0.19826
0.19752
0.199609
0.240051
0.418235
0.495848
0.283533
0.233263
0.227054
0.223818
0.222046
0.219504
0.21741
0.215112
0.212843
0.21075
0.208342
0.206457
0.203867
0.202206
0.199307
0.198555
0.200626
0.240956
0.419086
0.496698
0.284395
0.234312
0.228129
0.22491
0.223126
0.22059
0.218488
0.216191
0.213918
0.211823
0.209412
0.207523
0.204932
0.203264
0.200365
0.199602
0.201654
0.241872
0.419948
0.497555
0.285267
0.235371
0.229214
0.226013
0.224217
0.221687
0.219577
0.217282
0.215003
0.212907
0.210493
0.2086
0.206008
0.204333
0.201435
0.20066
0.202695
0.242799
0.420821
0.49842
0.286146
0.23644
0.23031
0.227126
0.225319
0.222796
0.220676
0.218384
0.2161
0.214002
0.211586
0.209689
0.207096
0.205414
0.202516
0.201729
0.203746
0.243738
0.421705
0.499293
0.287035
0.237521
0.231417
0.228251
0.226432
0.223915
0.221787
0.219498
0.217208
0.215109
0.21269
0.210789
0.208195
0.206507
0.20361
0.20281
0.20481
0.244688
0.422601
0.500173
0.287933
0.238613
0.232535
0.229387
0.227556
0.225046
0.22291
0.220622
0.218327
0.216227
0.213806
0.2119
0.209306
0.207611
0.204715
0.203903
0.205886
0.24565
0.423507
0.501062
0.288839
0.239716
0.233665
0.230534
0.228692
0.226188
0.224044
0.221759
0.219459
0.217358
0.214934
0.213024
0.210429
0.208727
0.205832
0.205008
0.206974
0.246624
0.424425
0.501958
0.289755
0.24083
0.234806
0.231693
0.229839
0.227342
0.22519
0.222907
0.220602
0.2185
0.216073
0.21416
0.211565
0.209856
0.206961
0.206126
0.208075
0.24761
0.425355
0.502862
0.290681
0.241955
0.235958
0.232863
0.230998
0.228508
0.226347
0.224067
0.221757
0.219654
0.217226
0.215308
0.212712
0.210996
0.208103
0.207256
0.209188
0.248608
0.426297
0.503775
0.291616
0.243093
0.237122
0.234045
0.232168
0.229685
0.227517
0.225239
0.222925
0.22082
0.21839
0.216468
0.213873
0.21215
0.209258
0.208398
0.210315
0.249619
0.427251
0.504696
0.29256
0.244242
0.238298
0.23524
0.233351
0.230875
0.2287
0.226424
0.224105
0.222
0.219567
0.217641
0.215046
0.213316
0.210426
0.209554
0.211454
0.250643
0.428218
0.505625
0.293515
0.245403
0.239486
0.236446
0.234547
0.232078
0.229894
0.227622
0.225298
0.223191
0.220757
0.218827
0.216232
0.214495
0.211607
0.210722
0.212607
0.25168
0.429196
0.506563
0.294479
0.246576
0.240686
0.237665
0.235755
0.233293
0.231102
0.228832
0.226503
0.224396
0.22196
0.220026
0.217432
0.215688
0.212801
0.211904
0.213773
0.25273
0.430188
0.50751
0.295454
0.247762
0.241899
0.238897
0.236975
0.234521
0.232322
0.230055
0.227722
0.225614
0.223177
0.221239
0.218644
0.216894
0.214009
0.2131
0.214954
0.253793
0.431193
0.508465
0.296439
0.248961
0.243125
0.240142
0.238208
0.235761
0.233556
0.231291
0.228954
0.226846
0.224407
0.222465
0.219871
0.218113
0.21523
0.214309
0.216148
0.25487
0.432211
0.509428
0.297435
0.250172
0.244363
0.241399
0.239455
0.237015
0.234803
0.232541
0.2302
0.22809
0.225651
0.223705
0.221111
0.219347
0.216466
0.215532
0.217357
0.255962
0.433242
0.510401
0.298441
0.251396
0.245614
0.24267
0.240715
0.238283
0.236063
0.233804
0.23146
0.229349
0.226908
0.224958
0.222366
0.220595
0.217716
0.21677
0.21858
0.257067
0.434287
0.511383
0.299458
0.252633
0.246879
0.243954
0.241988
0.239564
0.237337
0.235081
0.232733
0.230622
0.22818
0.226226
0.223635
0.221857
0.218981
0.218022
0.219818
0.258187
0.435346
0.512374
0.300486
0.253883
0.248157
0.245252
0.243276
0.240859
0.238625
0.236372
0.234021
0.231909
0.229466
0.227509
0.224918
0.223133
0.22026
0.21929
0.221071
0.259321
0.436419
0.513374
0.301525
0.255148
0.249449
0.246563
0.244577
0.242168
0.239928
0.237678
0.235323
0.233211
0.230767
0.228806
0.226217
0.224425
0.221555
0.220572
0.222339
0.260471
0.437507
0.514383
0.302576
0.256426
0.250755
0.247889
0.245892
0.243491
0.241245
0.238998
0.23664
0.234527
0.232083
0.230118
0.22753
0.225732
0.222865
0.221869
0.223623
0.261636
0.438609
0.515402
0.303639
0.257717
0.252075
0.249229
0.247222
0.244829
0.242576
0.240333
0.237972
0.235858
0.233414
0.231446
0.228859
0.227054
0.22419
0.223182
0.224923
0.262816
0.439726
0.51643
0.304713
0.259024
0.25341
0.250584
0.248566
0.246182
0.243923
0.241683
0.239319
0.237205
0.23476
0.232789
0.230204
0.228392
0.225531
0.224511
0.226239
0.264013
0.440858
0.517469
0.305799
0.260344
0.254759
0.251953
0.249926
0.247549
0.245285
0.243048
0.240681
0.238567
0.236123
0.234147
0.231564
0.229746
0.226889
0.225856
0.227572
0.265225
0.442006
0.518517
0.306897
0.26168
0.256123
0.253337
0.251301
0.248932
0.246662
0.244429
0.24206
0.239945
0.237501
0.235522
0.232941
0.231116
0.228263
0.227218
0.228921
0.266454
0.443169
0.519574
0.308008
0.26303
0.257502
0.254737
0.252691
0.250331
0.248055
0.245825
0.243454
0.241339
0.238895
0.236913
0.234334
0.232503
0.229653
0.228596
0.230287
0.2677
0.444349
0.520642
0.309131
0.264395
0.258896
0.256152
0.254096
0.251745
0.249464
0.247238
0.244864
0.24275
0.240306
0.238321
0.235745
0.233907
0.231061
0.229992
0.231671
0.268963
0.445545
0.521721
0.310268
0.265776
0.260306
0.257583
0.255518
0.253175
0.250889
0.248667
0.246292
0.244177
0.241734
0.239746
0.237172
0.235328
0.232486
0.231405
0.233073
0.270243
0.446757
0.522809
0.311417
0.267172
0.261732
0.259029
0.256956
0.254622
0.252331
0.250112
0.247736
0.245621
0.243179
0.241187
0.238616
0.236766
0.233929
0.232836
0.234492
0.271541
0.447987
0.523908
0.31258
0.268585
0.263174
0.260492
0.25841
0.256085
0.25379
0.251575
0.249197
0.247082
0.244641
0.242647
0.240079
0.238222
0.23539
0.234284
0.23593
0.272857
0.449233
0.525018
0.313756
0.270013
0.264632
0.261972
0.259882
0.257565
0.255266
0.253054
0.250675
0.248561
0.246122
0.244124
0.241559
0.239697
0.236869
0.235751
0.237387
0.274192
0.450498
0.526138
0.314946
0.271458
0.266107
0.263468
0.26137
0.259062
0.256759
0.254552
0.252172
0.250058
0.24762
0.24562
0.243058
0.241189
0.238367
0.237237
0.238863
0.275546
0.45178
0.527269
0.31615
0.27292
0.267599
0.264982
0.262875
0.260577
0.25827
0.256067
0.253686
0.251573
0.249137
0.247134
0.244576
0.242701
0.239884
0.238742
0.240358
0.276918
0.45308
0.528412
0.317368
0.274399
0.269109
0.266513
0.264399
0.26211
0.259799
0.2576
0.255219
0.253106
0.250672
0.248666
0.246112
0.244232
0.24142
0.240267
0.241873
0.278311
0.4544
0.529565
0.318601
0.275895
0.270636
0.268062
0.26594
0.26366
0.261346
0.259151
0.256771
0.254658
0.252227
0.250219
0.247668
0.245782
0.242976
0.241811
0.243409
0.279723
0.455738
0.53073
0.319849
0.277408
0.272181
0.269628
0.2675
0.265229
0.262913
0.260722
0.258341
0.25623
0.253801
0.25179
0.249244
0.247353
0.244552
0.243376
0.244965
0.281156
0.457095
0.531907
0.321111
0.27894
0.273744
0.271213
0.269078
0.266817
0.264498
0.262312
0.259931
0.257821
0.255394
0.253382
0.25084
0.248943
0.246149
0.244961
0.246542
0.282609
0.458473
0.533095
0.32239
0.280489
0.275325
0.272817
0.270675
0.268424
0.266102
0.263921
0.261541
0.259432
0.257008
0.254994
0.252457
0.250555
0.247767
0.246567
0.24814
0.284084
0.45987
0.534295
0.323683
0.282058
0.276926
0.274439
0.272292
0.27005
0.267727
0.26555
0.263172
0.261063
0.258643
0.256627
0.254094
0.252187
0.249406
0.248195
0.249761
0.285581
0.461288
0.535507
0.324993
0.283645
0.278545
0.276081
0.273928
0.271696
0.269371
0.267199
0.264822
0.262715
0.260299
0.25828
0.255753
0.253841
0.251067
0.249844
0.251403
0.2871
0.462727
0.536731
0.326319
0.285251
0.280184
0.277743
0.275584
0.273362
0.271036
0.268869
0.266494
0.264388
0.261975
0.259956
0.257434
0.255517
0.25275
0.251516
0.253069
0.288641
0.464187
0.537967
0.327662
0.286876
0.281843
0.279424
0.277261
0.275049
0.272722
0.27056
0.268187
0.266083
0.263674
0.261653
0.259137
0.257215
0.254456
0.253211
0.254757
0.290205
0.465669
0.539217
0.329021
0.288522
0.283522
0.281126
0.278958
0.276756
0.274429
0.272272
0.269901
0.2678
0.265395
0.263373
0.260863
0.258937
0.256185
0.254929
0.25647
0.291793
0.467174
0.540478
0.330398
0.290188
0.285222
0.282849
0.280677
0.278485
0.276158
0.274006
0.271638
0.269538
0.267139
0.265115
0.262611
0.260681
0.257937
0.256671
0.258206
0.293406
0.468701
0.541753
0.331792
0.291874
0.286943
0.284592
0.282417
0.280235
0.277909
0.275763
0.273398
0.2713
0.268905
0.266881
0.264384
0.262449
0.259714
0.258437
0.259968
0.295042
0.470251
0.543041
0.333205
0.293581
0.288685
0.286357
0.284179
0.282008
0.279682
0.277542
0.27518
0.273085
0.270695
0.268671
0.26618
0.264242
0.261515
0.260228
0.261754
0.296704
0.471825
0.544342
0.334635
0.295309
0.290449
0.288144
0.285963
0.283803
0.281478
0.279344
0.276986
0.274893
0.272509
0.270485
0.268001
0.266059
0.263341
0.262044
0.263566
0.298392
0.473423
0.545656
0.336084
0.29706
0.292235
0.289954
0.28777
0.28562
0.283298
0.281169
0.278816
0.276726
0.274348
0.272323
0.269847
0.267902
0.265193
0.263886
0.265405
0.300106
0.475046
0.546985
0.337552
0.298832
0.294044
0.291786
0.289601
0.287462
0.285141
0.283019
0.28067
0.278583
0.276212
0.274187
0.271719
0.26977
0.26707
0.265754
0.26727
0.301847
0.476694
0.548327
0.339039
0.300626
0.295876
0.293641
0.291455
0.289327
0.287009
0.284893
0.282549
0.280466
0.278101
0.276076
0.273616
0.271665
0.268975
0.267649
0.269163
0.303615
0.478368
0.549683
0.340546
0.302444
0.297731
0.29552
0.293333
0.291216
0.288902
0.286792
0.284454
0.282374
0.280016
0.277992
0.27554
0.273586
0.270907
0.269572
0.271084
0.305412
0.480068
0.551054
0.342074
0.304285
0.29961
0.297422
0.295235
0.29313
0.290819
0.288716
0.286384
0.284308
0.281958
0.279935
0.277492
0.275535
0.272866
0.271522
0.273033
0.307237
0.481795
0.552439
0.343621
0.30615
0.301514
0.29935
0.297163
0.295069
0.292763
0.290667
0.288341
0.286269
0.283926
0.281905
0.279471
0.277512
0.274854
0.273502
0.275012
0.309091
0.483549
0.553839
0.34519
0.308039
0.303442
0.301302
0.299116
0.297034
0.294733
0.292644
0.290325
0.288257
0.285923
0.283903
0.281478
0.279518
0.276871
0.27551
0.277021
0.310976
0.485332
0.555253
0.34678
0.309952
0.305396
0.303279
0.301096
0.299025
0.296729
0.294648
0.292337
0.290273
0.287947
0.285929
0.283515
0.281553
0.278918
0.277549
0.27906
0.312891
0.487143
0.556684
0.348392
0.311891
0.307375
0.305283
0.303102
0.301043
0.298753
0.296679
0.294376
0.292318
0.290001
0.287985
0.285581
0.283618
0.280995
0.279618
0.28113
0.314838
0.488983
0.558129
0.350026
0.313856
0.309381
0.307313
0.305135
0.303089
0.300805
0.298739
0.296444
0.294391
0.292084
0.290071
0.287677
0.285714
0.283103
0.281719
0.283233
0.316818
0.490854
0.55959
0.351683
0.315846
0.311414
0.30937
0.307196
0.305162
0.302886
0.300828
0.298542
0.296494
0.294197
0.292187
0.289804
0.287841
0.285243
0.283852
0.285368
0.31883
0.492755
0.561068
0.353364
0.317863
0.313474
0.311454
0.309285
0.307263
0.304995
0.302946
0.300669
0.298628
0.296341
0.294334
0.291963
0.289999
0.287415
0.286017
0.287537
0.320876
0.494688
0.562561
0.355068
0.319908
0.315562
0.313567
0.311403
0.309394
0.307134
0.305094
0.302827
0.300792
0.298516
0.296513
0.294154
0.292191
0.28962
0.288216
0.28974
0.322956
0.496652
0.564071
0.356796
0.32198
0.317678
0.315708
0.31355
0.311554
0.309303
0.307272
0.305016
0.302988
0.300723
0.298725
0.296378
0.294416
0.291859
0.29045
0.291977
0.325072
0.49865
0.565598
0.358549
0.32408
0.319824
0.317878
0.315727
0.313745
0.311504
0.309482
0.307237
0.305216
0.302963
0.30097
0.298635
0.296675
0.294133
0.292718
0.294251
0.327225
0.500681
0.567142
0.360328
0.326209
0.321999
0.320078
0.317935
0.315966
0.313736
0.311724
0.309491
0.307477
0.305237
0.303248
0.300928
0.298969
0.296442
0.295023
0.296562
0.329414
0.502747
0.568703
0.362132
0.328368
0.324205
0.322309
0.320174
0.318219
0.316
0.313998
0.311778
0.309772
0.307545
0.305562
0.303255
0.301299
0.298788
0.297364
0.29891
0.331642
0.504847
0.570282
0.363963
0.330557
0.326441
0.32457
0.322445
0.320504
0.318297
0.316306
0.314099
0.312102
0.309888
0.307911
0.305619
0.303666
0.301171
0.299743
0.301296
0.333909
0.506984
0.571878
0.365821
0.332776
0.328709
0.326864
0.324749
0.322822
0.320628
0.318648
0.316454
0.314466
0.312267
0.310297
0.308019
0.30607
0.303592
0.302161
0.303722
0.336216
0.509158
0.573493
0.367707
0.335026
0.33101
0.329189
0.327086
0.325174
0.322994
0.321024
0.318845
0.316867
0.314682
0.31272
0.310458
0.308513
0.306052
0.304618
0.306188
0.338564
0.51137
0.575126
0.369621
0.337309
0.333343
0.331548
0.329457
0.32756
0.325394
0.323437
0.321273
0.319305
0.317135
0.315181
0.312935
0.310995
0.308551
0.307115
0.308696
0.340955
0.51362
0.576778
0.371564
0.339624
0.33571
0.333941
0.331863
0.329981
0.327831
0.325886
0.323738
0.32178
0.319627
0.317681
0.315452
0.313517
0.311092
0.309654
0.311246
0.343388
0.51591
0.57845
0.373537
0.341972
0.338111
0.336368
0.334304
0.332438
0.330304
0.328372
0.326241
0.324294
0.322157
0.320221
0.318009
0.31608
0.313674
0.312236
0.313839
0.345866
0.518241
0.580141
0.37554
0.344354
0.340547
0.33883
0.336782
0.334932
0.332815
0.330896
0.328782
0.326848
0.324728
0.322802
0.320608
0.318686
0.3163
0.314861
0.316477
0.34839
0.520613
0.581851
0.377574
0.346771
0.34302
0.341328
0.339297
0.337463
0.335364
0.333459
0.331364
0.329442
0.32734
0.325425
0.323249
0.321335
0.318969
0.317531
0.319161
0.35096
0.523028
0.583582
0.37964
0.349224
0.345529
0.343864
0.34185
0.340033
0.337953
0.336062
0.333986
0.332078
0.329995
0.32809
0.325934
0.324028
0.321684
0.320247
0.321891
0.353579
0.525487
0.585334
0.381739
0.351713
0.348075
0.346437
0.344442
0.342642
0.340582
0.338707
0.33665
0.334756
0.332692
0.3308
0.328664
0.326767
0.324444
0.32301
0.32467
0.356246
0.527991
0.587106
0.383871
0.354239
0.35066
0.349048
0.347073
0.345291
0.343252
0.341393
0.339357
0.337477
0.335434
0.333555
0.33144
0.329552
0.327252
0.325821
0.327497
0.358964
0.530541
0.5889
0.386038
0.356802
0.353283
0.351699
0.349745
0.347982
0.345965
0.344121
0.342108
0.340243
0.338221
0.336356
0.334262
0.332386
0.330109
0.328682
0.330376
0.361734
0.533138
0.590715
0.38824
0.359405
0.355947
0.35439
0.352459
0.350714
0.34872
0.346894
0.344903
0.343055
0.341055
0.339204
0.337133
0.335268
0.333016
0.331593
0.333306
0.364558
0.535784
0.592553
0.390478
0.362047
0.358652
0.357122
0.355215
0.35349
0.35152
0.349712
0.347744
0.345913
0.343936
0.342101
0.340053
0.338201
0.335974
0.334556
0.336289
0.367436
0.538479
0.594413
0.392752
0.364729
0.361399
0.359896
0.358015
0.356309
0.354365
0.352576
0.350633
0.34882
0.346866
0.345048
0.343024
0.341186
0.338984
0.337573
0.339327
0.370371
0.541226
0.596296
0.395065
0.367454
0.364188
0.362714
0.360859
0.359174
0.357256
0.355487
0.353569
0.351775
0.349846
0.348046
0.346047
0.344223
0.342048
0.340645
0.342422
0.373363
0.544024
0.598203
0.397418
0.37022
0.367022
0.365576
0.363749
0.362085
0.360195
0.358446
0.356555
0.354781
0.352878
0.351096
0.349123
0.347315
0.345168
0.343774
0.345573
0.376415
0.546877
0.600133
0.39981
0.37303
0.3699
0.368483
0.366685
0.365044
0.363183
0.361455
0.359592
0.357839
0.355962
0.3542
0.352254
0.350463
0.348345
0.346961
0.348784
0.379528
0.549785
0.602088
0.402244
0.375885
0.372824
0.371436
0.36967
0.368051
0.36622
0.364515
0.36268
0.360949
0.359101
0.35736
0.355441
0.353669
0.35158
0.350207
0.352056
0.382704
0.552749
0.604067
0.404721
0.378785
0.375795
0.374437
0.372703
0.371108
0.369309
0.367627
0.365822
0.364115
0.362294
0.360576
0.358686
0.356933
0.354875
0.353514
0.355391
0.385944
0.555772
0.606072
0.407241
0.381732
0.378815
0.377487
0.375787
0.374217
0.37245
0.370793
0.369018
0.367336
0.365545
0.36385
0.361991
0.360258
0.358232
0.356885
0.358789
0.38925
0.558854
0.608103
0.409807
0.384727
0.381884
0.380586
0.378922
0.377377
0.375644
0.374013
0.372271
0.370614
0.368855
0.367184
0.365356
0.363645
0.361652
0.36032
0.362254
0.392624
0.561998
0.610161
0.41242
0.387771
0.385004
0.383737
0.382109
0.380592
0.378894
0.37729
0.375581
0.373951
0.372224
0.37058
0.368784
0.367096
0.365137
0.363822
0.365786
0.396068
0.565205
0.612245
0.415081
0.390865
0.388175
0.38694
0.385351
0.383861
0.382201
0.380625
0.37895
0.377349
0.375655
0.374038
0.372276
0.370614
0.36869
0.367392
0.369388
0.399584
0.568477
0.614358
0.417793
0.394011
0.3914
0.390197
0.388649
0.387188
0.385565
0.384019
0.38238
0.380809
0.37915
0.377562
0.375835
0.374199
0.372311
0.371033
0.373061
0.403173
0.571815
0.616498
0.420557
0.397211
0.394679
0.393509
0.392004
0.390573
0.388989
0.387474
0.385873
0.384332
0.382709
0.381152
0.379461
0.377853
0.376004
0.374746
0.376808
0.406838
0.575222
0.618668
0.423375
0.400465
0.398014
0.396878
0.395417
0.394017
0.392475
0.390992
0.389429
0.387921
0.386336
0.384811
0.383158
0.381579
0.379769
0.378534
0.380631
0.41058
0.578698
0.620868
0.426249
0.403775
0.401406
0.400305
0.39889
0.397523
0.396023
0.394574
0.393052
0.391578
0.390032
0.388541
0.386926
0.385379
0.38361
0.382399
0.384531
0.414401
0.582247
0.623098
0.429182
0.407143
0.404858
0.403793
0.402425
0.401092
0.399636
0.398222
0.396742
0.395304
0.393798
0.392343
0.390768
0.389255
0.387528
0.386342
0.388511
0.418303
0.58587
0.62536
0.432176
0.41057
0.40837
0.407342
0.406023
0.404725
0.403316
0.401939
0.400501
0.399102
0.397638
0.396219
0.394687
0.393209
0.391525
0.390368
0.392573
0.422288
0.589568
0.627654
0.435235
0.414059
0.411945
0.410954
0.409686
0.408426
0.407063
0.405725
0.404333
0.402973
0.401552
0.400173
0.398684
0.397243
0.395605
0.394476
0.396719
0.426357
0.593345
0.629981
0.43836
0.417611
0.415583
0.414631
0.413417
0.412195
0.410881
0.409584
0.408238
0.406919
0.405544
0.404205
0.402762
0.40136
0.399768
0.398671
0.400951
0.430513
0.597201
0.632343
0.441557
0.421229
0.419287
0.418375
0.417216
0.416035
0.414772
0.413517
0.412219
0.410943
0.409615
0.408319
0.406923
0.405563
0.404019
0.402955
0.405272
0.434756
0.601139
0.63474
0.444829
0.424913
0.423059
0.422189
0.421086
0.419948
0.418737
0.417526
0.416278
0.415047
0.413768
0.412517
0.411169
0.409853
0.408359
0.40733
0.409684
0.439088
0.605161
0.637175
0.448183
0.428665
0.4269
0.426073
0.42503
0.423935
0.422779
0.421614
0.420418
0.419234
0.418005
0.416801
0.415504
0.414233
0.412791
0.411799
0.414188
0.44351
0.609269
0.639647
0.451624
0.432487
0.430813
0.430031
0.429048
0.428
0.4269
0.425783
0.42464
0.423505
0.422329
0.421174
0.419929
0.418707
0.417317
0.416365
0.418788
0.448023
0.613464
0.64216
0.455158
0.436381
0.4348
0.434065
0.433145
0.432145
0.431103
0.430036
0.428948
0.427864
0.426742
0.425639
0.424448
0.423276
0.421941
0.421029
0.423484
0.452626
0.617749
0.644714
0.458792
0.440349
0.438863
0.438177
0.437322
0.436372
0.435389
0.434375
0.433345
0.432313
0.431247
0.430197
0.429062
0.427944
0.426666
0.425796
0.428279
0.45732
0.622125
0.647312
0.462535
0.444393
0.443005
0.442371
0.441581
0.440684
0.439763
0.438802
0.437831
0.436855
0.435847
0.434853
0.433775
0.432713
0.431493
0.430668
0.433176
0.462104
0.626593
0.649978
0.466364
0.448518
0.447228
0.446648
0.445927
0.445084
0.444227
0.443322
0.442412
0.441493
0.440544
0.439608
0.43859
0.437586
0.436426
0.435647
0.438174
0.466975
0.631156
0.652722
0.470279
0.452725
0.451536
0.451011
0.450361
0.449575
0.448783
0.447937
0.447089
0.44623
0.445342
0.444467
0.44351
0.442567
0.441468
0.440737
0.443276
0.471931
0.635813
0.655553
0.474283
0.457018
0.455932
0.455465
0.454887
0.45416
0.453436
0.452649
0.451867
0.451068
0.450244
0.449431
0.448537
0.447658
0.446622
0.44594
0.448482
0.476968
0.640566
0.658483
0.478382
0.4614
0.46042
0.460013
0.459509
0.458843
0.458187
0.457462
0.456747
0.456011
0.455252
0.454503
0.453675
0.452862
0.45189
0.451258
0.453793
0.482078
0.645414
0.661524
0.48258
0.465877
0.465002
0.464658
0.46423
0.463626
0.463042
0.462381
0.461733
0.461062
0.46037
0.459688
0.458926
0.458182
0.457275
0.456694
0.459208
0.487252
0.650357
0.664695
0.486884
0.470451
0.469683
0.469404
0.469055
0.468515
0.468003
0.467407
0.466829
0.466225
0.465601
0.464987
0.464293
0.46362
0.462779
0.46225
0.464726
0.492477
0.655393
0.668016
0.491299
0.475128
0.474467
0.474256
0.473986
0.473512
0.473075
0.472546
0.472039
0.471502
0.470948
0.470405
0.46978
0.469181
0.468407
0.467928
0.470344
0.497733
0.660519
0.671518
0.495835
0.479913
0.479361
0.479218
0.47903
0.478623
0.478262
0.4778
0.477366
0.476899
0.476415
0.475944
0.475389
0.474865
0.474159
0.473729
0.476058
0.50299
0.665731
0.675241
0.500502
0.484812
0.484368
0.484296
0.48419
0.483851
0.483568
0.483174
0.482814
0.482417
0.482005
0.481608
0.481123
0.480678
0.480037
0.479655
0.481861
0.508204
0.671021
0.679238
0.505311
0.489832
0.489494
0.489494
0.489472
0.489202
0.488997
0.488673
0.488387
0.488062
0.487721
0.4874
0.486985
0.48662
0.486046
0.485707
0.487745
0.513315
0.676378
0.683588
0.510279
0.49498
0.494747
0.494817
0.494881
0.494679
0.494553
0.4943
0.494089
0.493838
0.493569
0.493324
0.492979
0.492696
0.492186
0.491887
0.493695
0.51823
0.68178
0.404937
0.210666
0.137718
0.118758
0.113008
0.111689
0.109571
0.108388
0.106617
0.105241
0.103695
0.102159
0.100831
0.0991216
0.0980338
0.0961169
0.0962874
0.102491
0.155063
0.335419
0.405381
0.208207
0.136325
0.118589
0.113124
0.111926
0.109772
0.108615
0.106817
0.105451
0.103894
0.102355
0.101032
0.0993064
0.0982395
0.096294
0.0965263
0.102867
0.156055
0.337026
0.405784
0.20636
0.135267
0.118522
0.113273
0.112172
0.109983
0.10885
0.107026
0.105669
0.104102
0.10256
0.101241
0.0995005
0.0984526
0.0964812
0.0967676
0.10322
0.156884
0.338276
0.406154
0.204908
0.134459
0.11853
0.113446
0.112425
0.110202
0.109091
0.107242
0.105894
0.104317
0.102772
0.101458
0.099703
0.0986722
0.0966774
0.0970109
0.103555
0.157595
0.339289
0.406498
0.203742
0.133842
0.118595
0.113639
0.112685
0.110429
0.109338
0.107466
0.106126
0.104539
0.102991
0.10168
0.0999131
0.0988974
0.0968815
0.0972558
0.103876
0.158216
0.340135
0.406822
0.202797
0.133375
0.118702
0.113847
0.112948
0.110662
0.109589
0.107696
0.106363
0.104767
0.103217
0.101909
0.10013
0.0991275
0.0970928
0.0975021
0.104186
0.158769
0.340857
0.407129
0.202031
0.133027
0.118843
0.114068
0.113216
0.110902
0.109845
0.107932
0.106606
0.105001
0.103449
0.102142
0.100353
0.099362
0.0973102
0.0977497
0.104485
0.159265
0.341481
0.407422
0.201413
0.132776
0.11901
0.114299
0.113486
0.111148
0.110104
0.108174
0.106853
0.10524
0.103686
0.102381
0.100582
0.0996003
0.0975332
0.0979985
0.104777
0.159716
0.342028
0.407704
0.200919
0.132605
0.119198
0.11454
0.11376
0.111399
0.110366
0.10842
0.107104
0.105484
0.103927
0.102623
0.100815
0.0998421
0.0977612
0.0982484
0.105063
0.160129
0.34251
0.407975
0.20053
0.132502
0.119403
0.114788
0.114036
0.111654
0.110632
0.108671
0.107359
0.105732
0.104173
0.102869
0.101053
0.100087
0.0979937
0.0984994
0.105343
0.160512
0.34294
0.40824
0.200231
0.132454
0.119623
0.115042
0.114315
0.111914
0.110901
0.108927
0.107617
0.105984
0.104422
0.103119
0.101295
0.100335
0.0982302
0.0987516
0.10562
0.160869
0.343325
0.408497
0.200007
0.132454
0.119855
0.115302
0.114595
0.112178
0.111172
0.109186
0.107879
0.106239
0.104675
0.103372
0.101541
0.100585
0.0984704
0.0990049
0.105892
0.161204
0.343672
0.40875
0.199849
0.132495
0.120097
0.115568
0.114878
0.112445
0.111445
0.109448
0.108143
0.106498
0.104931
0.103627
0.10179
0.100838
0.0987139
0.0992594
0.106163
0.161521
0.343987
0.408998
0.199747
0.132569
0.120347
0.115838
0.115162
0.112716
0.111721
0.109714
0.10841
0.106759
0.10519
0.103886
0.102043
0.101093
0.0989606
0.0995151
0.106431
0.161823
0.344276
0.409243
0.199693
0.132673
0.120605
0.116111
0.115448
0.11299
0.111999
0.109983
0.10868
0.107024
0.105452
0.104146
0.102298
0.101351
0.0992101
0.099772
0.106697
0.162113
0.344541
0.409486
0.199681
0.132802
0.120869
0.116389
0.115736
0.113266
0.112279
0.110254
0.108952
0.107291
0.105717
0.10441
0.102556
0.10161
0.0994622
0.10003
0.106963
0.162393
0.344787
0.409727
0.199704
0.132952
0.121139
0.11667
0.116026
0.113546
0.112561
0.110529
0.109226
0.107561
0.105984
0.104675
0.102816
0.101871
0.0997169
0.10029
0.107228
0.162665
0.345015
0.409966
0.199758
0.133121
0.121413
0.116954
0.116318
0.113828
0.112845
0.110806
0.109502
0.107833
0.106253
0.104943
0.103079
0.102135
0.0999739
0.10055
0.107492
0.162929
0.34523
0.410205
0.199839
0.133306
0.121693
0.117241
0.116611
0.114112
0.113131
0.111085
0.109781
0.108107
0.106524
0.105213
0.103344
0.1024
0.100233
0.100812
0.107756
0.163189
0.345432
0.410443
0.199943
0.133505
0.121976
0.11753
0.116905
0.114399
0.113418
0.111366
0.110061
0.108383
0.106798
0.105484
0.103611
0.102667
0.100495
0.101076
0.108021
0.163444
0.345624
0.410681
0.200068
0.133716
0.122262
0.117822
0.117202
0.114688
0.113708
0.11165
0.110344
0.108662
0.107073
0.105758
0.10388
0.102935
0.100758
0.10134
0.108286
0.163696
0.345807
0.410919
0.200209
0.133938
0.122552
0.118117
0.1175
0.114979
0.113999
0.111935
0.110628
0.108942
0.107351
0.106033
0.104152
0.103206
0.101023
0.101606
0.108551
0.163946
0.345982
0.411157
0.200365
0.134169
0.122845
0.118413
0.117799
0.115272
0.114292
0.112223
0.110914
0.109225
0.10763
0.106311
0.104425
0.103478
0.101291
0.101874
0.108818
0.164195
0.34615
0.411396
0.200535
0.134408
0.123141
0.118712
0.118101
0.115567
0.114586
0.112512
0.111201
0.109509
0.107912
0.10659
0.1047
0.103752
0.10156
0.102143
0.109085
0.164435
0.346318
0.411636
0.200716
0.134654
0.12344
0.119013
0.118403
0.115864
0.114882
0.112804
0.111491
0.109795
0.108195
0.106871
0.104977
0.104027
0.101831
0.102413
0.109352
0.164665
0.346489
0.411877
0.200907
0.134907
0.12374
0.119316
0.118708
0.116163
0.11518
0.113097
0.111782
0.110083
0.108479
0.107153
0.105256
0.104304
0.102104
0.102685
0.109616
0.164889
0.346662
0.412118
0.201107
0.135165
0.124044
0.119622
0.119014
0.116464
0.11548
0.113393
0.112075
0.110373
0.108766
0.107437
0.105536
0.104583
0.102378
0.102958
0.109877
0.165108
0.346837
0.412361
0.201315
0.135429
0.124349
0.119929
0.119322
0.116766
0.115781
0.11369
0.11237
0.110664
0.109054
0.107724
0.105818
0.104863
0.102655
0.103233
0.110138
0.165324
0.347015
0.412606
0.20153
0.135697
0.124657
0.120238
0.119631
0.117071
0.116084
0.113989
0.112667
0.110958
0.109344
0.108011
0.106102
0.105145
0.102933
0.103508
0.110397
0.165536
0.347194
0.412852
0.20175
0.135969
0.124967
0.120549
0.119942
0.117377
0.116389
0.114289
0.112965
0.111253
0.109636
0.108301
0.106388
0.105429
0.103212
0.103785
0.110656
0.165747
0.347376
0.413099
0.201977
0.136246
0.125279
0.120862
0.120255
0.117685
0.116695
0.114592
0.113265
0.11155
0.10993
0.108592
0.106675
0.105714
0.103494
0.104063
0.110915
0.165955
0.347559
0.413348
0.202208
0.136525
0.125593
0.121176
0.12057
0.117995
0.117003
0.114896
0.113566
0.111848
0.110225
0.108885
0.106965
0.106001
0.103777
0.104343
0.111174
0.166162
0.347744
0.413598
0.202443
0.136808
0.125909
0.121493
0.120886
0.118307
0.117313
0.115202
0.11387
0.112149
0.110522
0.109179
0.107255
0.10629
0.104061
0.104624
0.111433
0.166369
0.347932
0.41385
0.202683
0.137094
0.126227
0.121811
0.121204
0.118621
0.117625
0.11551
0.114175
0.112451
0.110821
0.109476
0.107548
0.10658
0.104348
0.104906
0.111693
0.166574
0.348121
0.414104
0.202927
0.137383
0.126546
0.122132
0.121523
0.118936
0.117938
0.11582
0.114482
0.112754
0.111121
0.109774
0.107842
0.106872
0.104635
0.10519
0.111953
0.16678
0.348311
0.41436
0.203173
0.137675
0.126868
0.122454
0.121845
0.119253
0.118253
0.116131
0.11479
0.11306
0.111423
0.110073
0.108138
0.107166
0.104925
0.105475
0.112214
0.166986
0.348504
0.414617
0.203423
0.137969
0.127192
0.122778
0.122168
0.119573
0.118569
0.116444
0.1151
0.113367
0.111727
0.110375
0.108436
0.107462
0.105216
0.105762
0.112477
0.167192
0.348698
0.414877
0.203676
0.138266
0.127517
0.123104
0.122493
0.119893
0.118888
0.116759
0.115412
0.113676
0.112033
0.110678
0.108735
0.107759
0.105509
0.106051
0.11274
0.167399
0.348895
0.415138
0.203932
0.138565
0.127845
0.123431
0.122819
0.120216
0.119208
0.117076
0.115726
0.113987
0.11234
0.110983
0.109037
0.108058
0.105803
0.106341
0.113005
0.167606
0.349093
0.415401
0.204191
0.138866
0.128174
0.123761
0.123147
0.120541
0.11953
0.117395
0.116042
0.1143
0.112649
0.111289
0.10934
0.108359
0.106099
0.106633
0.11327
0.167814
0.349292
0.415666
0.204452
0.13917
0.128505
0.124093
0.123478
0.120867
0.119854
0.117715
0.116359
0.114614
0.11296
0.111598
0.109644
0.108661
0.106397
0.106926
0.113538
0.168024
0.349494
0.415933
0.204715
0.139475
0.128838
0.124426
0.123809
0.121195
0.120179
0.118037
0.116678
0.11493
0.113273
0.111908
0.109951
0.108965
0.106697
0.107221
0.113806
0.168234
0.349697
0.416202
0.204981
0.139783
0.129173
0.124761
0.124143
0.121525
0.120507
0.118361
0.116999
0.115248
0.113588
0.11222
0.110259
0.109271
0.106998
0.107518
0.114076
0.168445
0.349902
0.416472
0.205249
0.140093
0.129509
0.125098
0.124479
0.121857
0.120836
0.118687
0.117322
0.115568
0.113904
0.112534
0.110569
0.109579
0.107301
0.107816
0.114348
0.168658
0.350108
0.416745
0.205519
0.140405
0.129848
0.125437
0.124816
0.122191
0.121167
0.119015
0.117646
0.11589
0.114222
0.11285
0.110881
0.109889
0.107606
0.108117
0.114621
0.168872
0.350317
0.41702
0.205791
0.14072
0.130189
0.125778
0.125156
0.122527
0.1215
0.119345
0.117973
0.116214
0.114542
0.113167
0.111194
0.1102
0.107913
0.108419
0.114896
0.169087
0.350527
0.417297
0.206066
0.141036
0.130531
0.126121
0.125497
0.122864
0.121835
0.119676
0.118301
0.116539
0.114864
0.113487
0.11151
0.110513
0.108221
0.108722
0.115172
0.169304
0.350739
0.417576
0.206342
0.141354
0.130875
0.126466
0.12584
0.123204
0.122171
0.12001
0.118631
0.116866
0.115187
0.113808
0.111827
0.110828
0.108531
0.109028
0.11545
0.169522
0.350953
0.417857
0.206621
0.141675
0.131222
0.126813
0.126185
0.123546
0.12251
0.120345
0.118963
0.117196
0.115513
0.114131
0.112146
0.111145
0.108843
0.109335
0.11573
0.169742
0.351168
0.41814
0.206902
0.141997
0.13157
0.127162
0.126532
0.123889
0.12285
0.120683
0.119297
0.117527
0.11584
0.114456
0.112467
0.111464
0.109157
0.109644
0.116012
0.169963
0.351386
0.418425
0.207184
0.142321
0.13192
0.127513
0.126881
0.124235
0.123193
0.121022
0.119633
0.11786
0.11617
0.114783
0.11279
0.111784
0.109473
0.109955
0.116295
0.170186
0.351605
0.418713
0.207469
0.142648
0.132272
0.127866
0.127231
0.124582
0.123537
0.121363
0.119971
0.118195
0.116501
0.115111
0.113115
0.112107
0.109791
0.110268
0.11658
0.170411
0.351826
0.419002
0.207756
0.142976
0.132627
0.12822
0.127584
0.124931
0.123883
0.121706
0.12031
0.118532
0.116834
0.115442
0.113441
0.112431
0.11011
0.110582
0.116867
0.170637
0.352048
0.419294
0.208044
0.143307
0.132983
0.128577
0.127939
0.125283
0.124232
0.122051
0.120652
0.11887
0.117169
0.115775
0.11377
0.112757
0.110432
0.110899
0.117156
0.170865
0.352273
0.419587
0.208335
0.14364
0.133341
0.128936
0.128296
0.125636
0.124582
0.122399
0.120996
0.119211
0.117506
0.116109
0.1141
0.113085
0.110755
0.111217
0.117446
0.171095
0.352499
0.419883
0.208628
0.143974
0.133701
0.129297
0.128654
0.125992
0.124934
0.122748
0.121341
0.119554
0.117846
0.116446
0.114433
0.113415
0.11108
0.111538
0.117739
0.171326
0.352728
0.420181
0.208922
0.144311
0.134063
0.12966
0.129015
0.12635
0.125288
0.123099
0.121689
0.119899
0.118187
0.116784
0.114767
0.113747
0.111407
0.11186
0.118033
0.171559
0.352958
0.420482
0.209219
0.14465
0.134428
0.130026
0.129378
0.126709
0.125645
0.123452
0.122038
0.120246
0.11853
0.117125
0.115104
0.114082
0.111737
0.112184
0.118329
0.171794
0.35319
0.420784
0.209517
0.144991
0.134794
0.130393
0.129743
0.127071
0.126003
0.123808
0.12239
0.120595
0.118875
0.117468
0.115442
0.114418
0.112068
0.11251
0.118628
0.172031
0.353424
0.421089
0.209818
0.145334
0.135163
0.130763
0.13011
0.127435
0.126363
0.124165
0.122744
0.120946
0.119222
0.117812
0.115783
0.114756
0.112401
0.112838
0.118928
0.17227
0.353659
0.421396
0.210121
0.14568
0.135533
0.131134
0.130479
0.127801
0.126726
0.124525
0.1231
0.121299
0.119571
0.118159
0.116125
0.115096
0.112736
0.113169
0.11923
0.17251
0.353897
0.421705
0.210425
0.146027
0.135906
0.131508
0.13085
0.128169
0.127091
0.124887
0.123458
0.121655
0.119923
0.118508
0.11647
0.115438
0.113074
0.113501
0.119534
0.172753
0.354137
0.422016
0.210732
0.146377
0.136281
0.131884
0.131224
0.12854
0.127457
0.125251
0.123818
0.122012
0.120276
0.118858
0.116817
0.115782
0.113413
0.113835
0.11984
0.172997
0.354378
0.42233
0.211041
0.146728
0.136658
0.132262
0.131599
0.128912
0.127826
0.125617
0.12418
0.122371
0.120631
0.119211
0.117165
0.116129
0.113754
0.114171
0.120149
0.173243
0.354622
0.422646
0.211351
0.147082
0.137037
0.132643
0.131977
0.129287
0.128197
0.125985
0.124544
0.122733
0.120989
0.119567
0.117516
0.116477
0.114098
0.11451
0.120459
0.173491
0.354867
0.422964
0.211664
0.147439
0.137418
0.133026
0.132357
0.129664
0.128571
0.126355
0.124911
0.123097
0.121349
0.119924
0.117869
0.116828
0.114444
0.11485
0.120771
0.173741
0.355115
0.423285
0.211979
0.147797
0.137802
0.133411
0.132739
0.130043
0.128946
0.126728
0.12528
0.123463
0.121711
0.120283
0.118225
0.11718
0.114791
0.115193
0.121086
0.173993
0.355364
0.423608
0.212295
0.148158
0.138188
0.133798
0.133123
0.130425
0.129324
0.127103
0.12565
0.123831
0.122075
0.120645
0.118582
0.117535
0.115141
0.115537
0.121403
0.174247
0.355616
0.423933
0.212614
0.14852
0.138576
0.134188
0.13351
0.130808
0.129704
0.12748
0.126024
0.124202
0.122442
0.121009
0.118942
0.117892
0.115493
0.115884
0.121721
0.174503
0.355869
0.42426
0.212935
0.148886
0.138966
0.134579
0.133899
0.131195
0.130086
0.12786
0.126399
0.124575
0.12281
0.121375
0.119303
0.118251
0.115848
0.116233
0.122042
0.17476
0.356125
0.42459
0.213257
0.149253
0.139359
0.134974
0.13429
0.131583
0.13047
0.128241
0.126776
0.12495
0.123181
0.121743
0.119667
0.118613
0.116204
0.116584
0.122365
0.17502
0.356383
0.424922
0.213582
0.149623
0.139754
0.13537
0.134683
0.131974
0.130857
0.128625
0.127156
0.125327
0.123554
0.122114
0.120034
0.118977
0.116563
0.116938
0.122691
0.175282
0.356642
0.425257
0.213909
0.149995
0.140151
0.135769
0.135079
0.132367
0.131246
0.129012
0.127539
0.125707
0.12393
0.122486
0.120402
0.119342
0.116924
0.117294
0.123018
0.175546
0.356904
0.425594
0.214238
0.150369
0.140551
0.136171
0.135477
0.132762
0.131637
0.1294
0.127923
0.126088
0.124307
0.122861
0.120773
0.119711
0.117287
0.117651
0.123348
0.175812
0.357168
0.425933
0.214569
0.150746
0.140953
0.136575
0.135878
0.13316
0.132031
0.129792
0.12831
0.126473
0.124687
0.123239
0.121146
0.120081
0.117653
0.118012
0.12368
0.176081
0.357434
0.426275
0.214902
0.151125
0.141357
0.136981
0.136281
0.133561
0.132427
0.130185
0.128699
0.126859
0.12507
0.123619
0.121522
0.120454
0.118021
0.118374
0.124014
0.176351
0.357702
0.426619
0.215237
0.151506
0.141764
0.13739
0.136686
0.133963
0.132826
0.130581
0.129091
0.127248
0.125455
0.124001
0.1219
0.120829
0.118391
0.118739
0.124351
0.176623
0.357972
0.426966
0.215574
0.15189
0.142173
0.137801
0.137093
0.134369
0.133226
0.130979
0.129485
0.12764
0.125842
0.124385
0.12228
0.121207
0.118764
0.119106
0.124689
0.176898
0.358244
0.427315
0.215913
0.152276
0.142584
0.138215
0.137504
0.134776
0.13363
0.13138
0.129881
0.128034
0.126231
0.124772
0.122662
0.121587
0.119139
0.119475
0.125031
0.177175
0.358519
0.427667
0.216254
0.152664
0.142998
0.138631
0.137916
0.135186
0.134036
0.131783
0.13028
0.12843
0.126623
0.125162
0.123047
0.121969
0.119516
0.119847
0.125374
0.177453
0.358796
0.428021
0.216597
0.153055
0.143415
0.13905
0.138331
0.135599
0.134444
0.132189
0.130681
0.128829
0.127018
0.125553
0.123435
0.122354
0.119896
0.120221
0.12572
0.177735
0.359074
0.428377
0.216942
0.153449
0.143834
0.139471
0.138749
0.136014
0.134854
0.132597
0.131085
0.12923
0.127415
0.125948
0.123825
0.122741
0.120278
0.120598
0.126069
0.178018
0.359356
0.428736
0.21729
0.153845
0.144255
0.139895
0.139169
0.136432
0.135268
0.133008
0.131491
0.129634
0.127814
0.126344
0.124217
0.12313
0.120663
0.120977
0.126419
0.178303
0.359639
0.429097
0.217639
0.154243
0.144679
0.140321
0.139591
0.136853
0.135683
0.133422
0.1319
0.13004
0.128216
0.126744
0.124612
0.123522
0.12105
0.121358
0.126772
0.178591
0.359924
0.429461
0.21799
0.154644
0.145106
0.140751
0.140016
0.137276
0.136102
0.133838
0.132312
0.130449
0.12862
0.127145
0.125009
0.123917
0.121439
0.121742
0.127128
0.178881
0.360212
0.429827
0.218344
0.155047
0.145535
0.141182
0.140444
0.137701
0.136523
0.134256
0.132725
0.130861
0.129027
0.12755
0.125409
0.124314
0.121831
0.122128
0.127486
0.179174
0.360502
0.430196
0.218699
0.155453
0.145967
0.141617
0.140874
0.138129
0.136946
0.134677
0.133142
0.131275
0.129437
0.127957
0.125812
0.124713
0.122226
0.122517
0.127847
0.179468
0.360794
0.430567
0.219057
0.155861
0.146401
0.142054
0.141307
0.13856
0.137372
0.135101
0.133561
0.131691
0.129849
0.128366
0.126217
0.125116
0.122623
0.122909
0.12821
0.179765
0.361089
0.43094
0.219416
0.156272
0.146838
0.142494
0.141743
0.138994
0.137801
0.135528
0.133983
0.132111
0.130264
0.128778
0.126625
0.12552
0.123023
0.123303
0.128576
0.180064
0.361386
0.431316
0.219778
0.156685
0.147277
0.142936
0.142181
0.13943
0.138232
0.135957
0.134407
0.132532
0.130681
0.129193
0.127035
0.125928
0.123426
0.123699
0.128944
0.180366
0.361685
0.431695
0.220142
0.157101
0.14772
0.143382
0.142622
0.139869
0.138666
0.136388
0.134834
0.132957
0.131101
0.12961
0.127448
0.126338
0.123831
0.124098
0.129315
0.18067
0.361986
0.432076
0.220508
0.15752
0.148164
0.14383
0.143066
0.140311
0.139103
0.136823
0.135264
0.133384
0.131524
0.13003
0.127863
0.12675
0.124238
0.1245
0.129688
0.180976
0.36229
0.432459
0.220875
0.157941
0.148612
0.144281
0.143512
0.140755
0.139542
0.13726
0.135696
0.133814
0.13195
0.130453
0.128282
0.127166
0.124649
0.124905
0.130064
0.181284
0.362596
0.432845
0.221245
0.158365
0.149062
0.144734
0.143961
0.141203
0.139985
0.1377
0.136131
0.134247
0.132378
0.130878
0.128703
0.127584
0.125062
0.125312
0.130443
0.181595
0.362905
0.433233
0.221617
0.158792
0.149515
0.145191
0.144413
0.141653
0.14043
0.138143
0.136569
0.134683
0.132809
0.131306
0.129126
0.128004
0.125478
0.125721
0.130824
0.181908
0.363215
0.433624
0.221991
0.159221
0.149971
0.14565
0.144868
0.142106
0.140877
0.138589
0.13701
0.135121
0.133242
0.131737
0.129553
0.128428
0.125896
0.126134
0.131208
0.182224
0.363528
0.434017
0.222368
0.159653
0.15043
0.146112
0.145325
0.142562
0.141328
0.139037
0.137453
0.135562
0.133679
0.132171
0.129982
0.128854
0.126318
0.126549
0.131595
0.182542
0.363844
0.434413
0.222746
0.160088
0.150891
0.146578
0.145785
0.14302
0.141781
0.139489
0.137899
0.136006
0.134118
0.132607
0.130414
0.129283
0.126742
0.126967
0.131985
0.182862
0.364161
0.434811
0.223126
0.160525
0.151355
0.147046
0.146248
0.143482
0.142237
0.139943
0.138348
0.136453
0.13456
0.133047
0.130849
0.129714
0.127169
0.127387
0.132377
0.183185
0.364482
0.435211
0.223509
0.160965
0.151822
0.147517
0.146714
0.143946
0.142696
0.1404
0.1388
0.136902
0.135005
0.133489
0.131287
0.130149
0.127598
0.127811
0.132772
0.18351
0.364804
0.435614
0.223893
0.161408
0.152292
0.14799
0.147183
0.144414
0.143158
0.14086
0.139255
0.137355
0.135453
0.133934
0.131727
0.130586
0.128031
0.128237
0.133169
0.183838
0.365129
0.436019
0.22428
0.161854
0.152765
0.148467
0.147655
0.144884
0.143623
0.141323
0.139713
0.13781
0.135903
0.134382
0.132171
0.131027
0.128466
0.128666
0.13357
0.184167
0.365456
0.436426
0.224668
0.162302
0.15324
0.148947
0.148129
0.145357
0.144091
0.141789
0.140174
0.138268
0.136357
0.134832
0.132617
0.13147
0.128905
0.129098
0.133973
0.1845
0.365785
0.436836
0.225059
0.162754
0.153719
0.14943
0.148607
0.145834
0.144561
0.142257
0.140637
0.13873
0.136814
0.135286
0.133066
0.131916
0.129346
0.129533
0.134379
0.184834
0.366117
0.437248
0.225452
0.163208
0.154201
0.149916
0.149087
0.146313
0.145035
0.142729
0.141104
0.139194
0.137273
0.135743
0.133519
0.132365
0.12979
0.129971
0.134788
0.185171
0.366451
0.437663
0.225847
0.163665
0.154685
0.150405
0.149571
0.146795
0.145512
0.143204
0.141573
0.139661
0.137736
0.136202
0.133974
0.132817
0.130237
0.130411
0.1352
0.185511
0.366787
0.43808
0.226244
0.164125
0.155173
0.150897
0.150058
0.147281
0.145991
0.143682
0.142046
0.140132
0.138201
0.136665
0.134432
0.133272
0.130687
0.130855
0.135614
0.185852
0.367126
0.438499
0.226643
0.164588
0.155663
0.151392
0.150547
0.14777
0.146474
0.144163
0.142521
0.140605
0.13867
0.137131
0.134893
0.133729
0.131141
0.131301
0.136032
0.186197
0.367467
0.43892
0.227045
0.165054
0.156157
0.151891
0.15104
0.148261
0.14696
0.144647
0.143
0.141081
0.139141
0.1376
0.135358
0.13419
0.131597
0.131751
0.136452
0.186543
0.36781
0.439343
0.227448
0.165523
0.156653
0.152392
0.151535
0.148756
0.147448
0.145134
0.143482
0.141561
0.139616
0.138071
0.135825
0.134654
0.132056
0.132204
0.136876
0.186892
0.368155
0.439769
0.227853
0.165995
0.157153
0.152897
0.152034
0.149254
0.14794
0.145625
0.143967
0.142044
0.140094
0.138546
0.136296
0.135122
0.132518
0.132659
0.137302
0.187244
0.368503
0.440197
0.228261
0.16647
0.157656
0.153405
0.152536
0.149755
0.148435
0.146118
0.144454
0.14253
0.140575
0.139024
0.136769
0.135592
0.132984
0.133118
0.137731
0.187597
0.368853
0.440627
0.228671
0.166948
0.158161
0.153916
0.153041
0.15026
0.148934
0.146615
0.144946
0.143019
0.141059
0.139506
0.137246
0.136065
0.133453
0.13358
0.138164
0.187954
0.369205
0.441059
0.229083
0.167429
0.15867
0.15443
0.15355
0.150767
0.149435
0.147115
0.14544
0.143511
0.141546
0.13999
0.137726
0.136542
0.133924
0.134044
0.138599
0.188312
0.36956
0.441493
0.229497
0.167913
0.159183
0.154948
0.154061
0.151278
0.14994
0.147618
0.145938
0.144006
0.142037
0.140478
0.138209
0.137021
0.1344
0.134513
0.139037
0.188673
0.369917
0.44193
0.229913
0.1684
0.159698
0.155469
0.154576
0.151793
0.150448
0.148125
0.146438
0.144505
0.142531
0.140969
0.138696
0.137504
0.134878
0.134984
0.139479
0.189037
0.370276
0.442368
0.230332
0.168891
0.160217
0.155994
0.155094
0.15231
0.150959
0.148635
0.146943
0.145007
0.143028
0.141463
0.139186
0.13799
0.135359
0.135458
0.139924
0.189403
0.370637
0.442809
0.230752
0.169385
0.160739
0.156521
0.155616
0.152831
0.151473
0.149148
0.14745
0.145512
0.143528
0.14196
0.139679
0.13848
0.135844
0.135936
0.140372
0.189771
0.371
0.443251
0.231175
0.169882
0.161264
0.157053
0.15614
0.153355
0.151991
0.149664
0.147961
0.146021
0.144032
0.142461
0.140175
0.138973
0.136332
0.136417
0.140823
0.190142
0.371366
0.443696
0.2316
0.170382
0.161793
0.157587
0.156668
0.153883
0.152513
0.150184
0.148475
0.146533
0.144539
0.142965
0.140675
0.139469
0.136824
0.136901
0.141277
0.190516
0.371734
0.444143
0.232028
0.170886
0.162325
0.158125
0.1572
0.154414
0.153037
0.150708
0.148992
0.147049
0.14505
0.143473
0.141178
0.139968
0.137319
0.137389
0.141734
0.190892
0.372103
0.444591
0.232457
0.171393
0.16286
0.158667
0.157735
0.154949
0.153565
0.151235
0.149514
0.147568
0.145564
0.143984
0.141685
0.140471
0.137817
0.13788
0.142195
0.19127
0.372476
0.445042
0.232889
0.171903
0.163399
0.159212
0.158273
0.155487
0.154097
0.151765
0.150038
0.148091
0.146081
0.144499
0.142195
0.140978
0.138319
0.138374
0.142659
0.191651
0.37285
0.445495
0.233323
0.172417
0.163941
0.159761
0.158815
0.156029
0.154632
0.152299
0.150566
0.148617
0.146602
0.145017
0.142709
0.141488
0.138825
0.138872
0.143127
0.192035
0.373226
0.445949
0.23376
0.172934
0.164487
0.160313
0.15936
0.156575
0.15517
0.152837
0.151098
0.149146
0.147127
0.145538
0.143226
0.142001
0.139334
0.139374
0.143597
0.192422
0.373605
0.446406
0.234199
0.173455
0.165036
0.160869
0.159909
0.157124
0.155713
0.153378
0.151633
0.14968
0.147655
0.146063
0.143747
0.142518
0.139846
0.139879
0.144072
0.192811
0.373986
0.446865
0.23464
0.17398
0.165589
0.161429
0.160462
0.157677
0.156259
0.153923
0.152172
0.150217
0.148187
0.146592
0.144271
0.143039
0.140362
0.140387
0.14455
0.193202
0.374368
0.447325
0.235084
0.174508
0.166146
0.161993
0.161018
0.158233
0.156808
0.154472
0.152714
0.150757
0.148723
0.147125
0.144799
0.143563
0.140882
0.140899
0.145031
0.193597
0.374753
0.447787
0.23553
0.175039
0.166706
0.16256
0.161578
0.158794
0.157361
0.155024
0.153261
0.151302
0.149262
0.147661
0.145331
0.144091
0.141406
0.141415
0.145516
0.193994
0.375141
0.448252
0.235979
0.175575
0.16727
0.163131
0.162142
0.159358
0.157919
0.15558
0.153811
0.15185
0.149805
0.148201
0.145867
0.144623
0.141933
0.141935
0.146004
0.194394
0.37553
0.448718
0.23643
0.176114
0.167838
0.163706
0.162709
0.159926
0.158479
0.15614
0.154365
0.152402
0.150352
0.148745
0.146407
0.145159
0.142464
0.142458
0.146497
0.194797
0.375921
0.449187
0.236884
0.176657
0.16841
0.164285
0.163281
0.160498
0.159044
0.156704
0.154923
0.152958
0.150903
0.149293
0.14695
0.145698
0.142999
0.142985
0.146993
0.195203
0.376315
0.449657
0.237341
0.177204
0.168985
0.164868
0.163856
0.161074
0.159613
0.157272
0.155485
0.153518
0.151458
0.149845
0.147497
0.146242
0.143538
0.143516
0.147492
0.195611
0.376711
0.450129
0.2378
0.177755
0.169565
0.165455
0.164435
0.161654
0.160185
0.157844
0.15605
0.154082
0.152017
0.1504
0.148049
0.146789
0.144081
0.144051
0.147996
0.196023
0.377109
0.450603
0.238263
0.17831
0.170148
0.166046
0.165019
0.162238
0.160762
0.15842
0.15662
0.15465
0.152579
0.15096
0.148604
0.14734
0.144628
0.14459
0.148504
0.196438
0.377509
0.45108
0.238728
0.178869
0.170736
0.166641
0.165606
0.162826
0.161343
0.159
0.157194
0.155222
0.153146
0.151524
0.149164
0.147896
0.145179
0.145133
0.149015
0.196856
0.377912
0.451558
0.239195
0.179432
0.171327
0.167241
0.166198
0.163418
0.161928
0.159585
0.157772
0.155798
0.153717
0.152092
0.149727
0.148455
0.145734
0.14568
0.149531
0.197277
0.378317
0.452039
0.239666
0.179999
0.171923
0.167844
0.166793
0.164015
0.162517
0.160173
0.158354
0.156378
0.154293
0.152664
0.150295
0.149019
0.146294
0.146231
0.15005
0.197701
0.378724
0.452521
0.24014
0.180571
0.172523
0.168453
0.167393
0.164616
0.16311
0.160766
0.158941
0.156963
0.154872
0.15324
0.150867
0.149587
0.146857
0.146786
0.150574
0.198129
0.379133
0.453006
0.240617
0.181146
0.173127
0.169065
0.167997
0.165221
0.163708
0.161363
0.159532
0.157552
0.155456
0.153821
0.151443
0.150159
0.147425
0.147346
0.151102
0.19856
0.379545
0.453493
0.241098
0.181727
0.173736
0.169682
0.168606
0.165831
0.16431
0.161965
0.160127
0.158145
0.156044
0.154406
0.152024
0.150735
0.147998
0.147909
0.151634
0.198994
0.379959
0.453982
0.241581
0.182311
0.174348
0.170303
0.169219
0.166445
0.164916
0.162571
0.160727
0.158743
0.156637
0.154995
0.152609
0.151316
0.148574
0.148478
0.152171
0.199432
0.380375
0.454473
0.242069
0.182901
0.174966
0.170929
0.169836
0.167064
0.165527
0.163181
0.161331
0.159346
0.157234
0.155589
0.153199
0.151902
0.149156
0.14905
0.152712
0.199873
0.380794
0.454966
0.242559
0.183494
0.175588
0.171559
0.170458
0.167687
0.166143
0.163797
0.16194
0.159952
0.157836
0.156188
0.153793
0.152492
0.149741
0.149627
0.153257
0.200318
0.381215
0.455462
0.243053
0.184093
0.176214
0.172195
0.171084
0.168315
0.166763
0.164416
0.162553
0.160564
0.158442
0.156791
0.154392
0.153086
0.150332
0.150209
0.153807
0.200766
0.381639
0.45596
0.243551
0.184696
0.176845
0.172834
0.171716
0.168948
0.167388
0.165041
0.163171
0.16118
0.159053
0.157399
0.154996
0.153685
0.150927
0.150795
0.154361
0.201218
0.382065
0.456461
0.244053
0.185305
0.177481
0.173479
0.172352
0.169585
0.168017
0.16567
0.163794
0.161801
0.159669
0.158011
0.155604
0.154289
0.151527
0.151386
0.15492
0.201673
0.382494
0.456964
0.244558
0.185918
0.178121
0.174129
0.172992
0.170228
0.168651
0.166304
0.164422
0.162427
0.16029
0.158629
0.156218
0.154898
0.152131
0.151982
0.155483
0.202131
0.382926
0.45747
0.245067
0.186536
0.178767
0.174783
0.173638
0.170875
0.169291
0.166944
0.165055
0.163058
0.160915
0.159251
0.156836
0.155512
0.152741
0.152582
0.156051
0.202593
0.38336
0.457978
0.245581
0.187159
0.179417
0.175443
0.174288
0.171527
0.169935
0.167588
0.165692
0.163694
0.161546
0.159878
0.157459
0.15613
0.153355
0.153188
0.156623
0.203057
0.383796
0.458488
0.246099
0.187788
0.180072
0.176107
0.174944
0.172185
0.170584
0.168237
0.166335
0.164335
0.162182
0.160511
0.158087
0.156754
0.153974
0.153798
0.1572
0.203525
0.384236
0.459002
0.24662
0.188422
0.180733
0.176777
0.175604
0.172847
0.171238
0.168891
0.166983
0.164981
0.162822
0.161148
0.15872
0.157382
0.154599
0.154413
0.157781
0.203994
0.384678
0.459518
0.247146
0.189061
0.181398
0.177452
0.17627
0.173515
0.171898
0.169551
0.167636
0.165632
0.163468
0.161791
0.159358
0.158016
0.155228
0.155033
0.158366
0.204466
0.385123
0.460036
0.247676
0.189705
0.182069
0.178132
0.17694
0.174188
0.172562
0.170215
0.168294
0.166288
0.164119
0.162438
0.160002
0.158655
0.155863
0.155658
0.158956
0.204939
0.38557
0.460558
0.24821
0.190355
0.182744
0.178818
0.177616
0.174866
0.173232
0.170886
0.168958
0.16695
0.164776
0.163092
0.160651
0.1593
0.156503
0.156289
0.159549
0.205411
0.38602
0.461082
0.248747
0.19101
0.183425
0.179509
0.178298
0.17555
0.173908
0.171561
0.169627
0.167617
0.165438
0.16375
0.161305
0.159949
0.157149
0.156924
0.160145
0.205881
0.386473
0.461609
0.249287
0.19167
0.184112
0.180205
0.178984
0.176239
0.174589
0.172242
0.170301
0.16829
0.166105
0.164415
0.161965
0.160605
0.157799
0.157564
0.160744
0.206345
0.386928
0.462139
0.249828
0.192334
0.184803
0.180907
0.179676
0.176934
0.175275
0.172929
0.170982
0.168968
0.166778
0.165084
0.16263
0.161266
0.158456
0.15821
0.161343
0.206799
0.387385
0.462672
0.250369
0.193003
0.185501
0.181615
0.180374
0.177634
0.175967
0.173621
0.171667
0.169652
0.167457
0.16576
0.163302
0.161933
0.159118
0.158861
0.161942
0.207238
0.387844
0.463207
0.250907
0.193676
0.186203
0.182328
0.181077
0.17834
0.176665
0.17432
0.172359
0.170342
0.168142
0.166442
0.163979
0.162606
0.159785
0.159516
0.162537
0.207649
0.388303
)
;

boundaryField
{
    wall
    {
        type            compressible::alphatJayatillekeWallFunction;
        Prt             0.85;
        value           uniform 0;
    }
    inlet
    {
        type            calculated;
        value           uniform 37.903;
    }
    outlet
    {
        type            calculated;
        value           nonuniform List<scalar> 
20
(
0.346725
0.147202
0.0927476
0.0871927
0.0873162
0.0888224
0.0898185
0.0911699
0.0922867
0.0935277
0.0947339
0.0958847
0.0971834
0.0982378
0.0998566
0.101713
0.108744
0.131107
0.197237
0.376369
)
;
    }
    heatWall
    {
        type            compressible::alphatJayatillekeWallFunction;
        Prt             0.85;
        value           nonuniform List<scalar> 
840
(
0
0
0
0
0
0
0
0.0411616
0.0406898
0.0402311
0.0397852
0.0393515
0.0389296
0.038519
0.0381194
0.0377303
0.0373514
0.0369824
0.0366228
0.0362723
0.0359307
0.0355976
0.0352728
0.0349559
0.0346467
0.0343449
0.0340503
0.0337626
0.0334816
0.0332071
0.0329387
0.0326764
0.0324199
0.032169
0.0319234
0.031683
0.0314476
0.031217
0.0309909
0.0307691
0.0305514
0.0303377
0.0301276
0.0299209
0.0297173
0.0295165
0.0293182
0.0291218
0.0289269
0.0287324
0.01643
0.0164536
0.0164752
0.0164971
0.0165193
0.0165418
0.0165646
0.0165876
0.0166109
0.0166345
0.0166583
0.0166823
0.0167067
0.0167313
0.0167562
0.0167813
0.0168068
0.0168325
0.0168584
0.0168847
0.0169113
0.0169381
0.0169653
0.0169928
0.0170205
0.0170486
0.017077
0.0171057
0.0171347
0.017164
0.0171937
0.0172237
0.0172541
0.0172848
0.0173159
0.0173473
0.017379
0.0174112
0.0174437
0.0174766
0.0175098
0.0175435
0.0175775
0.017612
0.0176468
0.0176821
0.0177178
0.0177539
0.0177905
0.0178275
0.0178649
0.0179028
0.0179412
0.01798
0.0180193
0.0180591
0.0180994
0.0181402
0.0181815
0.0182233
0.0182656
0.0183085
0.018352
0.018396
0.0184405
0.0184857
0.0185314
0.0185777
0.0186247
0.0186722
0.0187204
0.0187692
0.0188187
0.0188689
0.0189197
0.0189713
0.0190235
0.0190765
0.0191301
0.0191846
0.0192398
0.0192958
0.0193525
0.0194101
0.0194685
0.0195278
0.0195879
0.0196489
0.0197108
0.0197736
0.0198373
0.019902
0.0199676
0.0200343
0.0201019
0.0201706
0.0202404
0.0203112
0.0203832
0.0204563
0.0205305
0.0206059
0.0206825
0.0207604
0.0208395
0.0209199
0.0210016
0.0210847
0.0211692
0.0212551
0.0213424
0.0214313
0.0215216
0.0216136
0.0217071
0.0218022
0.0218991
0.0219976
0.022098
0.0222001
0.0223041
0.02241
0.0225178
0.0226277
0.0227396
0.0228536
0.0229698
0.0230883
0.023209
0.023332
0.0234575
0.0235855
0.0237159
0.0238491
0.0239849
0.0241234
0.0242648
0.0244091
0.0245564
0.0247068
0.0248603
0.0250171
0.0251771
0.0253406
0.0255076
0.0256781
0.0258523
0.0260302
0.0262119
0.0263975
0.026587
0.0267804
0.0269778
0.0271793
0.0273847
0.027594
0.0278071
0.0280239
0.0282443
0.0284679
0.0142322
0.014297
0.0143477
0.014389
0.0144236
0.0144532
0.0144791
0.0145018
0.014522
0.0145401
0.0145564
0.0145712
0.0145847
0.0145972
0.0146087
0.0146195
0.0146296
0.0146391
0.0146481
0.0146567
0.0146649
0.0146728
0.0146804
0.0146881
0.0146958
0.0147036
0.0147115
0.0147195
0.0147275
0.0147357
0.0147439
0.0147522
0.0147605
0.0147689
0.0147774
0.014786
0.0147946
0.0148033
0.014812
0.0148208
0.0148297
0.0148386
0.0148476
0.0148566
0.0148657
0.0148749
0.0148841
0.0148934
0.0149028
0.0149122
0.0149217
0.0149312
0.0149408
0.0149505
0.0149603
0.0149701
0.0149799
0.0149899
0.0149999
0.0150099
0.0150201
0.0150303
0.0150405
0.0150509
0.0150613
0.0150718
0.0150823
0.015093
0.0151036
0.0151144
0.0151252
0.0151362
0.0151471
0.0151582
0.0151693
0.0151805
0.0151918
0.0152032
0.0152146
0.0152261
0.0152377
0.0152494
0.0152611
0.015273
0.0152849
0.0152969
0.0153089
0.0153211
0.0153333
0.0153456
0.015358
0.0153705
0.0153831
0.0153957
0.0154085
0.0154213
0.0154342
0.0154471
0.0154602
0.0154733
0.0154866
0.0154999
0.0155133
0.0155268
0.0155403
0.015554
0.0155677
0.0155815
0.0155954
0.0156094
0.0156234
0.0156375
0.0156517
0.015666
0.0156804
0.0156949
0.0157094
0.015724
0.0157387
0.0157534
0.0157683
0.0157832
0.0157982
0.0158132
0.0158284
0.0158436
0.0158589
0.0158743
0.0158897
0.0159052
0.0159208
0.0159365
0.0159522
0.0159681
0.015984
0.016
0.016016
0.0160322
0.0160484
0.0160647
0.0160811
0.0160976
0.0161142
0.0161309
0.0161476
0.0161645
0.0161814
0.0161984
0.0162156
0.0162328
0.0162501
0.0162676
0.0162851
0.0163027
0.0163205
0.0163383
0.0163562
0.0163743
0.0163924
0.0164106
0.014726
0.014713
0.0146999
0.0146867
0.0146734
0.01466
0.0146465
0.0146329
0.0146192
0.0146053
0.0145913
0.0145772
0.0145628
0.0145483
0.0145337
0.0145188
0.0145037
0.0144884
0.0144729
0.0144572
0.0144412
0.014425
0.0144086
0.0143919
0.014375
0.0143579
0.0143405
0.0143231
0.0143058
0.0142885
0.0142714
0.0142544
0.0142377
0.0142214
0.0142056
0.0141903
0.0141757
0.014162
0.0141494
0.0141381
0.0141283
0.0141204
0.0141148
0.0141118
0.0141122
0.0141166
0.0141261
0.0141421
0.0141661
0.0142005
0.0196
0.0196249
0.01965
0.0196753
0.0197008
0.0197265
0.0197525
0.0197786
0.0198049
0.0198314
0.0198581
0.019885
0.0199122
0.0199395
0.019967
0.0199948
0.0200228
0.020051
0.0200794
0.0201081
0.020137
0.0201661
0.0201954
0.020225
0.0202548
0.0202848
0.0203151
0.0203456
0.0203764
0.0204074
0.0204387
0.0204702
0.0205019
0.020534
0.0205662
0.0205988
0.0206316
0.0206646
0.020698
0.0207316
0.0207655
0.0207996
0.0208341
0.0208688
0.0209038
0.0209391
0.0209746
0.0210105
0.0210467
0.0210832
0.02112
0.021157
0.0211945
0.0212322
0.0212702
0.0213086
0.0213473
0.0213863
0.0214256
0.0214653
0.0215053
0.0215457
0.0215865
0.0216275
0.021669
0.0217108
0.021753
0.0217955
0.0218385
0.0218818
0.0219255
0.0219696
0.0220141
0.022059
0.0221043
0.02215
0.0221962
0.0222428
0.0222898
0.0223372
0.0223851
0.0224334
0.0224822
0.0225315
0.0225812
0.0226314
0.0226821
0.0227333
0.022785
0.0228371
0.0228898
0.022943
0.0229968
0.0230511
0.0231059
0.0231613
0.0232172
0.0232737
0.0233308
0.0233885
0.0234467
0.0235056
0.0235651
0.0236252
0.0236859
0.0237473
0.0238094
0.0238721
0.0239355
0.0239996
0.0240644
0.0241299
0.0241962
0.0242631
0.0243309
0.0243993
0.0244686
0.0245387
0.0246095
0.0246812
0.0247537
0.0248271
0.0249013
0.0249765
0.0250525
0.0251294
0.0252073
0.0252861
0.0253659
0.0254467
0.0255285
0.0256113
0.0256952
0.0257802
0.0258662
0.0259534
0.0260418
0.0261313
0.026222
0.026314
0.0264072
0.0265018
0.0265977
0.026695
0.0267937
0.0268939
0.0269956
0.027099
0.027204
0.0273116
0.0274223
0.0275363
0.0276542
0.0277763
0.0279034
0.0280363
0.028176
0.0283242
0.0284825
0.0286537
0
0
0
0
0
0
0
0.0411617
0.0406899
0.0402313
0.0397855
0.0393519
0.0389301
0.0385197
0.0381202
0.0377314
0.0373527
0.0369839
0.0366246
0.0362746
0.0359334
0.0356008
0.0352765
0.0349603
0.0346519
0.034351
0.0340574
0.0337709
0.0334913
0.0332184
0.0329519
0.0326918
0.0324378
0.0321898
0.0319476
0.0317111
0.0314802
0.0312547
0.0310342
0.030818
0.0306058
0.0303974
0.0301926
0.0299909
0.029792
0.0295952
0.0293998
0.0292044
0.0290065
0.0288013
0.0159261
0.015944
0.0159621
0.0159804
0.0159989
0.0160176
0.0160366
0.0160558
0.0160752
0.0160949
0.0161148
0.016135
0.0161555
0.0161763
0.0161974
0.0162187
0.0162404
0.0162623
0.0162846
0.0163071
0.0163299
0.0163531
0.0163765
0.0164002
0.0164242
0.0164486
0.0164732
0.0164982
0.0165234
0.0165489
0.0165747
0.0166008
0.0166272
0.0166538
0.0166806
0.0167077
0.016735
0.0167625
0.0167902
0.016818
0.0168458
0.0168737
0.0169015
0.0169292
0.0169568
0.0169841
0.0170109
0.0170373
0.017063
0.017088
0.0171392
0.0171614
0.0171812
0.0171993
0.017216
0.0172317
0.0172464
0.0172604
0.0172738
0.0172867
0.0172992
0.0173113
0.0173231
0.0173347
0.0173461
0.0173573
0.0173684
0.0173794
0.0173903
0.0174012
0.017412
0.0174229
0.0174337
0.0174445
0.0174553
0.0174661
0.017477
0.0174879
0.0174988
0.0175098
0.0175208
0.0175319
0.017543
0.0175542
0.0175654
0.0175767
0.0175881
0.0175995
0.017611
0.0176225
0.0176341
0.0176458
0.0176576
0.0176694
0.0176813
0.0176932
0.0177052
0.0177173
0.0177295
0.0177418
0.0177541
0.0177665
0.0177789
0.0177915
0.0178041
0.0178168
0.0178295
0.0178424
0.0178553
0.0178683
0.0178814
0.0178946
0.0179078
0.0179211
0.0179345
0.017948
0.0179616
0.0179752
0.0179889
0.0180027
0.0180166
0.0180306
0.0180447
0.0180588
0.018073
0.0180873
0.0181017
0.0181162
0.0181308
0.0181454
0.0181602
0.018175
0.0181899
0.0182049
0.01822
0.0182352
0.0182504
0.0182658
0.0182812
0.0182968
0.0183124
0.0183281
0.0183439
0.0183597
0.0183757
0.0183917
0.0184079
0.0184241
0.0184404
0.0184568
0.0184732
0.0184898
0.0185064
0.0185231
0.0185399
0.0185568
0.0185737
0.0185908
0.0186079
0.0186251
0.0186423
0.0186597
0.0186771
0.0186946
0.0187122
0.0187298
0.0187475
0.0187653
0.0187831
0.018801
0.018819
0.0188371
0.0188552
0.0188734
0.0188917
0.01891
0.0189284
0.0189468
0.0189653
0.0189839
0.0190026
0.0190213
0.0190401
0.019059
0.0190779
0.0190969
0.0191159
0.0191351
0.0191543
0.0191736
0.0191929
0.0192123
0.0192319
0.0192514
0.0192711
0.0192909
0.0193107
0.0193306
0.0193507
0.0193708
0.019391
0.0194113
0.0194316
0.0194521
0.0194727
0.0194934
0.0195142
0.0195351
0.0195562
0.0195773
)
;
    }
}


// ************************************************************************* //
