/*--------------------------------*- C++ -*----------------------------------*\
  =========                 |
  \\      /  F ield         | OpenFOAM: The Open Source CFD Toolbox
   \\    /   O peration     | Website:  https://openfoam.org
    \\  /    A nd           | Version:  8
     \\/     M anipulation  |
\*---------------------------------------------------------------------------*/
FoamFile
{
    version     2.0;
    format      ascii;
    class       volScalarField;
    location    "200";
    object      alphat;
}
// * * * * * * * * * * * * * * * * * * * * * * * * * * * * * * * * * * * * * //

dimensions      [1 -1 -1 0 0 0 0];

internalField   nonuniform List<scalar> 
8400
(
0.310418
0.308948
0.307499
0.30606
0.304626
0.303192
0.301752
0.300302
0.298839
0.297363
0.295874
0.294371
0.292856
0.291329
0.289793
0.28825
0.2867
0.285147
0.283592
0.282038
0.280486
0.278938
0.277396
0.275864
0.274342
0.272834
0.271341
0.269865
0.268409
0.266974
0.265563
0.264177
0.262818
0.261489
0.260191
0.258927
0.257697
0.256506
0.255353
0.254241
0.253173
0.252152
0.25118
0.250262
0.249404
0.248614
0.247905
0.247293
0.246799
0.246458
0.0891701
0.0891349
0.0891045
0.0890811
0.0890666
0.0890627
0.0890708
0.0890922
0.089128
0.089179
0.0892461
0.0893298
0.0894306
0.0895491
0.0896855
0.0898404
0.0900138
0.0902062
0.0904176
0.0906481
0.0908976
0.091166
0.0914532
0.0917592
0.092084
0.0924274
0.0927891
0.0931688
0.0935658
0.0939796
0.0944097
0.0948557
0.0953172
0.0957936
0.0962843
0.0967887
0.0973062
0.097836
0.0983776
0.0989301
0.0994929
0.100065
0.100646
0.101234
0.101829
0.102429
0.103032
0.103638
0.104241
0.104839
0.0977509
0.0978284
0.0979056
0.0979847
0.0980681
0.098158
0.0982566
0.0983654
0.0984858
0.0986189
0.0987653
0.0989256
0.0991002
0.0992895
0.0994934
0.0997121
0.0999455
0.100194
0.100456
0.100733
0.101024
0.101328
0.101645
0.101976
0.102318
0.102673
0.103039
0.103416
0.103803
0.104199
0.104604
0.105018
0.105439
0.105867
0.106302
0.106742
0.107187
0.107636
0.108089
0.108545
0.109003
0.109462
0.109921
0.110379
0.110835
0.111288
0.111734
0.112174
0.112602
0.113014
0.107799
0.108012
0.108221
0.108425
0.108627
0.108827
0.109025
0.109223
0.109422
0.109623
0.109827
0.110033
0.110244
0.110458
0.110678
0.110903
0.111134
0.11137
0.111613
0.111861
0.112116
0.112377
0.112644
0.112918
0.113197
0.113483
0.113774
0.114071
0.114374
0.114682
0.114996
0.115314
0.115637
0.115964
0.116296
0.116632
0.116972
0.117315
0.117662
0.118012
0.118365
0.11872
0.119078
0.119438
0.1198
0.120164
0.120528
0.120894
0.121261
0.121628
0.107663
0.108063
0.108456
0.10884
0.109211
0.10957
0.109915
0.110248
0.110568
0.110876
0.111174
0.111462
0.111742
0.112014
0.112281
0.112542
0.112799
0.113052
0.113303
0.113552
0.113799
0.114046
0.114292
0.114539
0.114787
0.115036
0.115287
0.11554
0.115795
0.116054
0.116317
0.116583
0.116852
0.117127
0.117405
0.117689
0.117977
0.118271
0.11857
0.118875
0.119186
0.119503
0.119826
0.120157
0.120495
0.120842
0.121199
0.121567
0.121947
0.122344
0.0985487
0.0991378
0.0997241
0.100298
0.100852
0.101384
0.101891
0.102373
0.102831
0.103264
0.103676
0.104067
0.104439
0.104794
0.105132
0.105457
0.105769
0.10607
0.106362
0.106645
0.106921
0.107192
0.107458
0.107721
0.107982
0.108241
0.108501
0.108761
0.109023
0.109289
0.109557
0.109831
0.110109
0.110393
0.110683
0.110981
0.111287
0.111601
0.111924
0.112256
0.112598
0.112949
0.113311
0.113685
0.114072
0.114473
0.11489
0.115326
0.115783
0.116266
0.0835694
0.0842672
0.0849672
0.0856556
0.0863232
0.0869646
0.0875769
0.0881591
0.0887119
0.0892361
0.0897331
0.0902047
0.0906528
0.0910791
0.0914856
0.0918741
0.0922467
0.0926052
0.0929514
0.0932871
0.093614
0.093934
0.0942485
0.0945592
0.0948675
0.095175
0.0954831
0.0957934
0.0961071
0.0964256
0.0967496
0.0970804
0.097419
0.0977664
0.0981236
0.0984914
0.0988703
0.099261
0.0996639
0.100079
0.100508
0.10095
0.101406
0.101876
0.102363
0.102867
0.10339
0.103936
0.104508
0.105109
0.0679244
0.0685047
0.0691038
0.0697045
0.0702967
0.070874
0.071433
0.0719722
0.0724913
0.0729902
0.0734698
0.0739308
0.0743743
0.0748015
0.0752139
0.0756129
0.076
0.0763767
0.0767447
0.0771055
0.0774608
0.0778123
0.0781614
0.0785097
0.0788587
0.07921
0.079565
0.0799253
0.0802921
0.0806666
0.08105
0.0814435
0.0818481
0.082265
0.082695
0.0831388
0.0835971
0.0840704
0.084559
0.0850633
0.0855833
0.0861192
0.0866716
0.0872408
0.0878277
0.0884335
0.0890597
0.089709
0.0903844
0.0910898
0.0577773
0.0579498
0.058154
0.0583822
0.058628
0.0588865
0.0591537
0.0594267
0.0597036
0.0599829
0.060263
0.0605432
0.0608229
0.0611018
0.0613799
0.0616572
0.0619342
0.0622112
0.0624888
0.0627677
0.0630486
0.0633325
0.0636202
0.0639126
0.0642107
0.0645155
0.064828
0.0651492
0.0654802
0.065822
0.0661755
0.0665417
0.0669215
0.0673159
0.0677259
0.0681521
0.0685953
0.0690559
0.0695345
0.0700314
0.070547
0.0710813
0.0716349
0.0722083
0.0728025
0.0734178
0.0740556
0.0747175
0.0754065
0.0761256
0.0559882
0.0557233
0.0554876
0.0552883
0.0551241
0.0549915
0.0548872
0.054808
0.0547514
0.0547148
0.0546964
0.0546946
0.0547075
0.0547338
0.0547724
0.0548221
0.0548822
0.0549519
0.0550305
0.0551175
0.0552126
0.0553156
0.0554265
0.0555453
0.0556718
0.0558063
0.055949
0.0561002
0.0562604
0.0564301
0.0566098
0.0568
0.0570014
0.0572149
0.0574413
0.0576812
0.0579356
0.0582053
0.0584908
0.0587929
0.0591128
0.0594511
0.0598089
0.0601868
0.0605864
0.061008
0.0614526
0.0619213
0.062416
0.0629387
0.0585183
0.0581265
0.0577574
0.0574145
0.0570979
0.0568048
0.056532
0.0562774
0.0560401
0.05582
0.0556159
0.0554279
0.0552552
0.0550978
0.0549554
0.0548274
0.0547131
0.0546115
0.0545218
0.054443
0.0543746
0.0543162
0.0542672
0.0542268
0.0541937
0.0541674
0.0541474
0.0541337
0.0541261
0.054124
0.0541268
0.0541339
0.0541452
0.0541613
0.0541823
0.0542082
0.0542386
0.0542735
0.0543133
0.0543585
0.0544099
0.0544696
0.0545376
0.0546153
0.0547038
0.0548045
0.0549176
0.0550448
0.0551867
0.0553441
0.060514
0.0602466
0.060007
0.0597764
0.0595545
0.0593435
0.0591372
0.0589368
0.0587385
0.0585416
0.0583482
0.0581579
0.0579708
0.0577877
0.05761
0.0574391
0.0572759
0.0571202
0.0569692
0.0568217
0.0566796
0.0565459
0.0564211
0.0563035
0.0561905
0.0560814
0.0559777
0.0558818
0.0557953
0.0557168
0.0556424
0.0555701
0.0555012
0.055438
0.0553814
0.055329
0.0552765
0.0552197
0.0551591
0.0550981
0.0550358
0.0549755
0.0549125
0.0548489
0.0547801
0.0547128
0.0546418
0.054574
0.0545105
0.054457
0.0611069
0.0609644
0.0608301
0.0607015
0.0605761
0.0604545
0.0603355
0.060218
0.0601013
0.0599854
0.0598709
0.059757
0.0596434
0.0595302
0.0594178
0.059307
0.0591981
0.0590909
0.0589839
0.0588761
0.058768
0.0586611
0.0585565
0.0584539
0.0583522
0.0582503
0.0581486
0.0580491
0.0579533
0.057861
0.0577703
0.0576796
0.0575897
0.057503
0.0574208
0.0573427
0.0572659
0.0571877
0.0571089
0.0570301
0.0569541
0.056881
0.0568098
0.0567402
0.0566681
0.0565942
0.0565141
0.0564261
0.0563284
0.0562087
0.0611675
0.0610934
0.0610198
0.0609467
0.0608743
0.060802
0.0607297
0.0606576
0.0605853
0.060513
0.0604408
0.0603689
0.0602969
0.0602249
0.0601532
0.0600817
0.0600104
0.0599393
0.0598681
0.0597968
0.0597256
0.0596546
0.0595842
0.0595141
0.0594441
0.0593742
0.0593046
0.0592357
0.0591675
0.0590997
0.059032
0.0589642
0.058897
0.0588309
0.0587659
0.0587016
0.0586375
0.0585729
0.0585086
0.0584441
0.0583801
0.0583164
0.0582526
0.0581882
0.0581226
0.0580551
0.0579856
0.0579122
0.0578359
0.0577529
0.0611906
0.061142
0.0610931
0.0610438
0.0609945
0.0609451
0.0608956
0.0608459
0.0607962
0.0607463
0.0606964
0.0606465
0.0605966
0.0605467
0.0604967
0.0604466
0.0603966
0.0603466
0.0602966
0.0602465
0.0601964
0.0601465
0.0600967
0.060047
0.0599974
0.0599479
0.0598985
0.0598492
0.0597999
0.0597506
0.0597012
0.0596518
0.0596027
0.0595539
0.0595055
0.0594571
0.0594086
0.0593601
0.0593113
0.0592627
0.0592138
0.0591648
0.0591153
0.0590651
0.0590141
0.0589618
0.058908
0.0588517
0.0587932
0.058731
0.0612006
0.0611637
0.0611269
0.0610902
0.0610537
0.0610173
0.060981
0.0609445
0.0609081
0.0608716
0.0608352
0.0607989
0.0607626
0.0607263
0.0606898
0.0606533
0.0606168
0.0605803
0.0605437
0.0605071
0.0604704
0.0604337
0.0603971
0.0603605
0.0603239
0.0602874
0.0602507
0.0602139
0.0601771
0.0601401
0.0601029
0.0600658
0.0600287
0.0599917
0.0599547
0.0599177
0.0598806
0.0598434
0.0598061
0.0597687
0.0597309
0.0596929
0.0596542
0.0596149
0.0595748
0.059534
0.0594922
0.0594493
0.0594071
0.0593646
0.0612112
0.0611853
0.0611592
0.0611328
0.0611063
0.0610796
0.0610527
0.0610256
0.0609982
0.0609708
0.0609433
0.0609157
0.0608879
0.06086
0.0608319
0.0608038
0.0607755
0.0607472
0.0607188
0.0606902
0.0606615
0.0606328
0.0606041
0.0605753
0.0605465
0.0605175
0.0604884
0.0604592
0.0604299
0.0604004
0.0603709
0.0603413
0.0603117
0.0602821
0.0602523
0.0602224
0.0601924
0.0601623
0.0601322
0.060102
0.0600716
0.0600408
0.0600097
0.0599781
0.0599459
0.0599138
0.0598814
0.0598487
0.0598146
0.0597794
0.0612112
0.0611859
0.0611609
0.0611364
0.0611124
0.0610887
0.0610653
0.0610422
0.0610192
0.0609965
0.060974
0.0609517
0.0609294
0.0609072
0.0608851
0.0608631
0.0608412
0.0608193
0.0607975
0.0607757
0.0607539
0.0607322
0.0607106
0.060689
0.0606675
0.0606459
0.0606243
0.0606028
0.0605814
0.06056
0.0605387
0.0605176
0.0604964
0.0604753
0.0604543
0.0604331
0.0604119
0.0603905
0.0603686
0.0603459
0.0603221
0.0602971
0.0602706
0.0602449
0.0602192
0.060193
0.0601665
0.0601393
0.0601115
0.060083
0.0612209
0.0612131
0.0612081
0.0612064
0.0612077
0.0612115
0.0612171
0.061224
0.0612321
0.0612409
0.0612504
0.0612602
0.0612703
0.0612806
0.061291
0.0613015
0.0613121
0.0613226
0.0613331
0.0613436
0.0613541
0.0613646
0.0613752
0.061386
0.0613968
0.0614078
0.061419
0.0614306
0.0614426
0.0614549
0.0614676
0.0614807
0.061494
0.0615071
0.0615196
0.0615308
0.0615392
0.0615428
0.061537
0.0615113
0.0615061
0.0615
0.0614934
0.0614851
0.061476
0.0614659
0.0614547
0.0614421
0.0614278
0.0614111
0.0620151
0.0628261
0.0636448
0.0644704
0.0653036
0.0661448
0.0669941
0.0678516
0.0687176
0.0695921
0.0704751
0.0713666
0.0722669
0.0731758
0.0740936
0.0750203
0.0759558
0.0769003
0.0778538
0.0788164
0.0797881
0.080769
0.0817592
0.0827586
0.0837674
0.0847855
0.0858132
0.0868504
0.0878973
0.0889538
0.0900199
0.0910956
0.092181
0.0932763
0.0943814
0.0954967
0.096622
0.0977574
0.098903
0.100059
0.101156
0.102213
0.10322
0.104167
0.105046
0.10585
0.106573
0.107209
0.107754
0.108217
0.27115
0.267804
0.264601
0.261531
0.258578
0.255722
0.252948
0.250249
0.24762
0.245059
0.242565
0.240137
0.237772
0.235471
0.23323
0.231048
0.228919
0.226841
0.224811
0.222828
0.220889
0.218996
0.217149
0.215348
0.213592
0.21188
0.210211
0.208581
0.206989
0.205433
0.203911
0.202423
0.200968
0.199547
0.198157
0.1968
0.195474
0.194178
0.192913
0.191673
0.190453
0.189253
0.188069
0.186902
0.185747
0.1846
0.183456
0.182303
0.181121
0.179873
0.269204
0.26303
0.257141
0.25151
0.246126
0.240979
0.236059
0.231351
0.226842
0.222521
0.21838
0.214409
0.210599
0.206941
0.203424
0.200036
0.196768
0.193612
0.19056
0.18761
0.184758
0.182002
0.17934
0.176768
0.174282
0.171875
0.169543
0.167279
0.165079
0.16294
0.160859
0.158835
0.156866
0.154949
0.153082
0.151262
0.149485
0.147748
0.146049
0.144389
0.142772
0.141196
0.13966
0.138163
0.136702
0.135276
0.133882
0.132514
0.131167
0.129838
0.269196
0.263002
0.257073
0.251404
0.24598
0.240784
0.235803
0.231022
0.22643
0.222018
0.217777
0.213698
0.209774
0.205995
0.202351
0.198834
0.195434
0.192145
0.18896
0.185875
0.182889
0.179998
0.1772
0.174491
0.171867
0.169323
0.166854
0.164455
0.162124
0.159856
0.15765
0.155503
0.153415
0.151383
0.149405
0.14748
0.145604
0.143777
0.141997
0.140262
0.13857
0.136921
0.135314
0.133748
0.132222
0.130736
0.129289
0.12788
0.126504
0.125151
0.269196
0.263047
0.257172
0.251554
0.246176
0.241019
0.236069
0.231312
0.226739
0.22234
0.218108
0.214034
0.210111
0.20633
0.202682
0.199158
0.19575
0.192451
0.189255
0.186161
0.183164
0.180262
0.177452
0.174731
0.172094
0.169536
0.167052
0.164638
0.162291
0.160008
0.157787
0.155627
0.153525
0.151481
0.149491
0.147554
0.145667
0.143828
0.142036
0.140289
0.138586
0.136925
0.135306
0.133728
0.132189
0.13069
0.129228
0.127806
0.126422
0.125065
0.269196
0.263049
0.257171
0.251547
0.246158
0.240991
0.23603
0.231265
0.226686
0.222283
0.218048
0.213973
0.21005
0.20627
0.202623
0.1991
0.195694
0.192398
0.189207
0.186118
0.183127
0.180231
0.177428
0.174713
0.17208
0.169525
0.167044
0.164633
0.162288
0.160008
0.15779
0.155634
0.153537
0.151497
0.149511
0.147578
0.145694
0.143859
0.14207
0.140325
0.138624
0.136965
0.135348
0.133771
0.132234
0.130734
0.129271
0.127843
0.126454
0.125097
0.269196
0.263054
0.257183
0.251568
0.24619
0.241033
0.236084
0.231331
0.226762
0.22237
0.218144
0.214078
0.210161
0.206386
0.202742
0.199222
0.195817
0.192523
0.189334
0.186247
0.183258
0.180364
0.177562
0.174846
0.172212
0.169655
0.16717
0.164754
0.162406
0.160122
0.157902
0.155744
0.153645
0.151603
0.149616
0.147681
0.145795
0.143956
0.142164
0.140416
0.138712
0.13705
0.135428
0.133846
0.132304
0.1308
0.129332
0.127898
0.126499
0.125134
0.269197
0.263057
0.257189
0.251574
0.246195
0.241037
0.236085
0.231328
0.226756
0.22236
0.218131
0.214061
0.210141
0.206362
0.202715
0.199191
0.195784
0.192489
0.189299
0.186213
0.183226
0.180334
0.177532
0.174817
0.172182
0.169624
0.167137
0.164721
0.162372
0.160089
0.15787
0.155713
0.153617
0.151577
0.149591
0.147656
0.145771
0.143933
0.142142
0.140395
0.138692
0.13703
0.135409
0.133827
0.132283
0.130777
0.129307
0.127872
0.12647
0.125101
0.269197
0.263061
0.257195
0.251582
0.246204
0.241047
0.236096
0.231342
0.226772
0.222379
0.218153
0.214086
0.210168
0.206391
0.202745
0.199222
0.195817
0.192524
0.189338
0.186255
0.183271
0.180382
0.177582
0.174867
0.172232
0.169672
0.167184
0.164766
0.162416
0.160133
0.157914
0.155758
0.153661
0.151621
0.149634
0.147697
0.14581
0.14397
0.142176
0.140427
0.138722
0.137058
0.135434
0.133849
0.132301
0.13079
0.129314
0.127873
0.126466
0.125089
0.269199
0.263065
0.257202
0.251589
0.24621
0.241052
0.2361
0.231345
0.226774
0.22238
0.218153
0.214084
0.210163
0.206383
0.202734
0.19921
0.195804
0.19251
0.189325
0.186243
0.18326
0.180371
0.17757
0.174854
0.172217
0.169655
0.167165
0.164747
0.162397
0.160114
0.157897
0.155742
0.153645
0.151604
0.149616
0.147678
0.14579
0.143949
0.142154
0.140405
0.138699
0.137035
0.135411
0.133824
0.132274
0.13076
0.12928
0.127836
0.126424
0.125043
0.2692
0.26307
0.257208
0.251595
0.246216
0.241057
0.236104
0.231348
0.226778
0.222383
0.218156
0.214086
0.210165
0.206384
0.202736
0.199211
0.195806
0.192514
0.189331
0.186251
0.183269
0.180381
0.177581
0.174864
0.172226
0.169664
0.167174
0.164756
0.162407
0.160126
0.15791
0.155755
0.153658
0.151616
0.149626
0.147686
0.145795
0.143952
0.142157
0.140407
0.1387
0.137035
0.135408
0.133819
0.132265
0.130747
0.129262
0.127812
0.126395
0.125008
0.269202
0.263075
0.257213
0.2516
0.24622
0.24106
0.236106
0.231349
0.226778
0.222383
0.218155
0.214084
0.210162
0.20638
0.20273
0.199206
0.195801
0.19251
0.189328
0.186249
0.183268
0.18038
0.177579
0.174861
0.172222
0.169659
0.16717
0.164752
0.162405
0.160126
0.15791
0.155755
0.153657
0.151613
0.149621
0.147679
0.145787
0.143943
0.142147
0.140396
0.138689
0.137022
0.135394
0.133801
0.132244
0.130721
0.129233
0.127777
0.126355
0.124963
0.269203
0.263078
0.257217
0.251603
0.246222
0.24106
0.236106
0.231348
0.226776
0.22238
0.218151
0.214079
0.210155
0.206371
0.20272
0.199195
0.195789
0.192498
0.189316
0.186237
0.183255
0.180366
0.177563
0.174844
0.172204
0.169641
0.167153
0.164737
0.162392
0.160113
0.157898
0.155743
0.153644
0.151598
0.149604
0.147661
0.145768
0.143923
0.142127
0.140376
0.138668
0.137
0.13537
0.133775
0.132215
0.130689
0.129196
0.127736
0.126309
0.124912
0.269204
0.263079
0.257218
0.251603
0.246221
0.241059
0.236105
0.231347
0.226776
0.222381
0.218152
0.21408
0.210156
0.206373
0.202722
0.199199
0.195795
0.192505
0.189324
0.186245
0.183263
0.180373
0.17757
0.174851
0.172211
0.16965
0.167163
0.16475
0.162406
0.160128
0.157912
0.155756
0.153655
0.151607
0.149611
0.147667
0.145772
0.143927
0.14213
0.140377
0.138667
0.136997
0.135363
0.133764
0.1322
0.130669
0.129171
0.127706
0.126273
0.12487
0.269204
0.263078
0.257215
0.251598
0.246215
0.241051
0.236095
0.231335
0.226762
0.222363
0.218131
0.214055
0.210128
0.206342
0.202688
0.199162
0.195756
0.192464
0.18928
0.186199
0.183214
0.180322
0.177517
0.174796
0.172157
0.169597
0.167112
0.1647
0.162357
0.160079
0.157863
0.155706
0.153604
0.151556
0.149561
0.147617
0.145723
0.143879
0.142082
0.14033
0.138619
0.136947
0.135312
0.133711
0.132145
0.130612
0.129112
0.127645
0.126209
0.124803
0.269204
0.263075
0.257209
0.251592
0.246209
0.241047
0.236095
0.231339
0.22677
0.222375
0.218146
0.214074
0.21015
0.206366
0.202715
0.19919
0.195785
0.192494
0.18931
0.186227
0.183241
0.180348
0.177542
0.174821
0.172182
0.169622
0.167138
0.164725
0.162382
0.160102
0.157884
0.155724
0.15362
0.15157
0.149573
0.147628
0.145734
0.143888
0.142088
0.140332
0.138617
0.13694
0.1353
0.133694
0.132124
0.130586
0.129082
0.12761
0.126168
0.124755
0.269203
0.263068
0.257194
0.251568
0.246175
0.241003
0.23604
0.231274
0.226695
0.222291
0.218054
0.213974
0.210043
0.206253
0.202598
0.199069
0.195661
0.192366
0.189179
0.186094
0.183106
0.180212
0.177406
0.174687
0.17205
0.169492
0.16701
0.1646
0.162258
0.15998
0.157762
0.155604
0.153501
0.151454
0.14946
0.147519
0.145627
0.143783
0.141984
0.140228
0.138512
0.136835
0.135194
0.133589
0.132019
0.130482
0.128979
0.127506
0.126063
0.124648
0.269202
0.263063
0.257191
0.251571
0.246189
0.241028
0.236076
0.231321
0.226749
0.222351
0.218118
0.21404
0.210109
0.206319
0.202661
0.199129
0.195717
0.192417
0.189224
0.186132
0.183138
0.180238
0.177427
0.174703
0.172062
0.169501
0.167014
0.164599
0.162251
0.159968
0.157745
0.155582
0.153477
0.151427
0.149431
0.147487
0.145592
0.143745
0.141942
0.140181
0.138461
0.136779
0.135136
0.13353
0.131959
0.130423
0.128921
0.127451
0.126011
0.124601
0.269201
0.263015
0.257088
0.251418
0.24599
0.240791
0.235809
0.23103
0.226442
0.222032
0.217791
0.213709
0.209778
0.205989
0.202335
0.198809
0.195402
0.19211
0.188926
0.185845
0.182862
0.179974
0.177177
0.174468
0.171842
0.169295
0.166824
0.164424
0.162091
0.159823
0.157618
0.155472
0.153385
0.151355
0.149379
0.147455
0.145581
0.143755
0.141973
0.140236
0.13854
0.136887
0.135275
0.133703
0.132172
0.130682
0.129231
0.127822
0.126455
0.125137
0.269208
0.263042
0.257155
0.251523
0.246136
0.240986
0.236065
0.23136
0.226855
0.222539
0.218399
0.214426
0.21061
0.206941
0.203412
0.200014
0.19674
0.193582
0.190534
0.187591
0.184748
0.182001
0.179346
0.176779
0.174297
0.171894
0.169566
0.167309
0.165121
0.162997
0.160935
0.158935
0.156994
0.155111
0.153284
0.151511
0.149789
0.148118
0.146494
0.144919
0.143392
0.141913
0.140484
0.139106
0.137782
0.136514
0.135307
0.13417
0.133119
0.132188
0.271149
0.26781
0.264612
0.261543
0.258588
0.255731
0.252955
0.250254
0.247626
0.245067
0.242574
0.240146
0.23778
0.235475
0.233227
0.231035
0.228897
0.226811
0.224776
0.22279
0.220852
0.218962
0.217118
0.215319
0.213562
0.211847
0.21017
0.20853
0.206927
0.20536
0.203828
0.20233
0.200865
0.199432
0.198028
0.196653
0.195305
0.193982
0.192684
0.19141
0.19016
0.188932
0.187726
0.186541
0.185373
0.184222
0.183084
0.181957
0.180838
0.179722
0.128147
0.0670506
0.0495555
0.0469982
0.0459748
0.0456318
0.0449562
0.0445269
0.0439462
0.0434529
0.0429447
0.042392
0.0419549
0.0413431
0.0409845
0.0403045
0.0402812
0.0415957
0.05544
0.107367
0.128284
0.0671955
0.0497213
0.0471727
0.0461524
0.0458075
0.045133
0.0447026
0.0441215
0.043625
0.0431149
0.0425608
0.0421238
0.0415126
0.041154
0.040473
0.0404463
0.0417588
0.0555988
0.107491
0.128429
0.0673265
0.0498866
0.0473494
0.0463325
0.0459858
0.045312
0.0448787
0.0442956
0.0437963
0.0432864
0.0427328
0.0422968
0.0416852
0.0413241
0.0406398
0.0406101
0.0419223
0.0557476
0.107618
0.128566
0.0674568
0.0500534
0.0475277
0.0465148
0.0461665
0.0454926
0.0450557
0.0444711
0.0439707
0.0434618
0.0429081
0.0424711
0.0418573
0.0414934
0.0408077
0.0407776
0.0420882
0.0558988
0.107745
0.128703
0.0675879
0.0502224
0.0477082
0.0466989
0.046348
0.0456735
0.0452338
0.0446499
0.0441492
0.0436405
0.0430849
0.0426458
0.0420301
0.0416649
0.04098
0.0409498
0.0422578
0.0560522
0.107868
0.128839
0.0677222
0.0503928
0.0478896
0.0468832
0.0465296
0.0458557
0.0454152
0.0448325
0.0443303
0.0438199
0.0432618
0.0428214
0.0422052
0.0418399
0.0411557
0.0411242
0.0424274
0.0562001
0.107988
0.128979
0.0678579
0.0505631
0.048071
0.0470676
0.0467125
0.0460408
0.0455994
0.0450163
0.0445108
0.0439988
0.0434395
0.0429991
0.0423829
0.042017
0.0413325
0.0412983
0.0425951
0.0563405
0.10811
0.129121
0.0679919
0.050733
0.0482531
0.0472538
0.0468979
0.0462277
0.0457834
0.0451986
0.0446904
0.0441787
0.0436197
0.0431791
0.0425621
0.0421948
0.0415096
0.0414728
0.0427624
0.056478
0.108235
0.129264
0.0681249
0.050904
0.0484373
0.0474422
0.0470846
0.046414
0.045966
0.0453806
0.0448724
0.0443622
0.0438025
0.0433604
0.0427419
0.0423737
0.0416884
0.041649
0.042931
0.056616
0.108363
0.129407
0.06826
0.0510774
0.0486238
0.0476322
0.0472713
0.0465999
0.0461498
0.0455663
0.0450588
0.0445487
0.0439865
0.0435424
0.0429236
0.0425551
0.0418695
0.0418268
0.0431003
0.0567548
0.108494
0.129552
0.0683972
0.0512529
0.0488117
0.0478229
0.0474588
0.0467881
0.0463379
0.0457568
0.0452481
0.0447358
0.0441707
0.043726
0.0431079
0.0427387
0.0420514
0.042005
0.0432702
0.0568961
0.108628
0.1297
0.0685346
0.0514298
0.049001
0.0480152
0.0476491
0.0469806
0.0465302
0.0459494
0.0454371
0.0449224
0.0443562
0.0439122
0.0432942
0.0429226
0.0422331
0.0421841
0.0434425
0.0570438
0.108763
0.129848
0.0686717
0.0516084
0.0491921
0.0482101
0.0478426
0.0471761
0.0467235
0.046141
0.0456252
0.0451101
0.0445443
0.0441004
0.0434809
0.0431064
0.0424161
0.0423663
0.0436193
0.057198
0.108894
0.129996
0.0688104
0.051789
0.0493851
0.0484072
0.0480379
0.047372
0.0469161
0.0463322
0.0458147
0.0453006
0.0447347
0.0442895
0.0436681
0.0432922
0.0426028
0.0425521
0.0437992
0.0573508
0.10902
0.130144
0.0689512
0.0519714
0.0495797
0.0486056
0.0482339
0.047568
0.047109
0.0465252
0.0460071
0.0454935
0.0449263
0.0444798
0.0438577
0.0434819
0.042793
0.0427392
0.0439779
0.0574934
0.109145
0.130293
0.0690941
0.0521552
0.0497758
0.0488054
0.0484311
0.0477654
0.0473043
0.046721
0.0462018
0.0456877
0.0451193
0.0446725
0.044051
0.0436746
0.0429841
0.0429251
0.0441535
0.057627
0.109277
0.130442
0.06924
0.0523413
0.0499742
0.0490075
0.0486306
0.0479654
0.0475019
0.0469187
0.0463977
0.0458835
0.0453148
0.0448684
0.0442467
0.0438677
0.0431744
0.0431106
0.0443292
0.0577628
0.109419
0.130593
0.0693904
0.0525304
0.0501753
0.0492121
0.0488323
0.0481672
0.0477012
0.0471179
0.0465958
0.046082
0.0455131
0.0450659
0.0444425
0.0440605
0.0433653
0.0432991
0.0445097
0.0579109
0.109567
0.130748
0.0695442
0.052722
0.0503784
0.0494183
0.0490354
0.0483705
0.0479023
0.0473198
0.046797
0.0462833
0.045713
0.0452637
0.0446385
0.0442547
0.0435597
0.0434924
0.044696
0.0580699
0.109714
0.130907
0.0696975
0.0529146
0.0505826
0.0496257
0.0492399
0.048576
0.0481066
0.0475252
0.047001
0.0464861
0.0459132
0.0454622
0.0448363
0.0444522
0.0437579
0.0436888
0.0448846
0.0582308
0.109857
0.131068
0.0698484
0.0531082
0.050788
0.0498346
0.0494466
0.0487846
0.048314
0.047733
0.0472061
0.0466892
0.0461144
0.0456628
0.045037
0.0446522
0.0439575
0.0438854
0.0450724
0.0583876
0.110002
0.131228
0.069999
0.0533034
0.050995
0.0500457
0.049656
0.0489958
0.0485233
0.0479414
0.0474114
0.0468934
0.0463178
0.045866
0.0452396
0.0448527
0.0441568
0.0440818
0.0452603
0.0585432
0.11015
0.131388
0.0701521
0.053501
0.051204
0.0502589
0.0498674
0.0492086
0.0487332
0.0481502
0.047618
0.0471001
0.0465239
0.0460711
0.0454428
0.0450536
0.0443571
0.0442805
0.0454514
0.0587031
0.1103
0.131548
0.0703075
0.0537004
0.0514147
0.050474
0.0500806
0.0494225
0.048944
0.0483607
0.0478273
0.0473097
0.0467321
0.0462772
0.0456473
0.0452569
0.0445612
0.0444833
0.0456469
0.0588675
0.11045
0.131711
0.0704635
0.0539016
0.0516275
0.0506916
0.050296
0.0496383
0.0491572
0.0485743
0.0480397
0.0475215
0.0469418
0.0464852
0.045855
0.0454647
0.0447698
0.0446892
0.0458445
0.0590318
0.1106
0.131874
0.0706206
0.0541056
0.0518432
0.0509121
0.050514
0.0498567
0.0493731
0.0487905
0.0482541
0.0477348
0.0471535
0.0466965
0.0460669
0.0456763
0.0449808
0.044896
0.046042
0.0591931
0.110751
0.132036
0.070781
0.0543131
0.052062
0.0511351
0.0507337
0.0500767
0.0495907
0.0490081
0.0484698
0.0479498
0.0473682
0.0469114
0.0462821
0.0458896
0.0451921
0.0451029
0.0462399
0.0593544
0.110908
0.1322
0.0709443
0.0545231
0.0522823
0.0513588
0.0509538
0.0502972
0.0498089
0.0492267
0.048687
0.0481675
0.0475859
0.0471288
0.0464985
0.0461033
0.045404
0.0453115
0.0464404
0.0595203
0.111068
0.132366
0.0711074
0.0547333
0.0525027
0.0515821
0.0511738
0.0505183
0.0500283
0.0494471
0.0489068
0.0483878
0.0478059
0.0473475
0.0467156
0.0463181
0.0456182
0.0455235
0.0466446
0.0596911
0.111229
0.132534
0.0712688
0.0549433
0.0527232
0.051806
0.0513951
0.0507412
0.0502501
0.0496702
0.0491292
0.0486102
0.0480271
0.047567
0.0469342
0.0465354
0.0458356
0.0457384
0.0468513
0.059863
0.11139
0.132701
0.0714322
0.0551551
0.052946
0.0520325
0.0516194
0.0509675
0.0504751
0.0498962
0.0493537
0.048834
0.0482495
0.0477883
0.0471551
0.0467555
0.0460555
0.0459551
0.0470589
0.0600337
0.111554
0.132868
0.0716031
0.0553709
0.0531727
0.052263
0.0518475
0.0511972
0.050703
0.0501242
0.0495797
0.0490592
0.0484737
0.048012
0.0473788
0.0469779
0.0462771
0.0461733
0.0472681
0.0602067
0.111724
0.133041
0.0717808
0.0555908
0.053403
0.0524969
0.0520788
0.0514298
0.0509331
0.0503541
0.0498075
0.0492866
0.0487008
0.0482388
0.0476051
0.0472024
0.046501
0.0463945
0.0474813
0.0603876
0.111899
0.133223
0.0719582
0.0558123
0.0536352
0.0527332
0.0523127
0.0516647
0.0511654
0.0505861
0.0500381
0.0495175
0.0489315
0.0484686
0.0478342
0.0474299
0.0467285
0.04662
0.0476999
0.0605774
0.112075
0.133408
0.0721297
0.0560344
0.0538688
0.0529717
0.0525491
0.0519021
0.0514002
0.0508214
0.0502725
0.0497523
0.0491656
0.0487015
0.0480662
0.0476608
0.0469599
0.0468493
0.0479221
0.0607709
0.112249
0.13359
0.0722978
0.0562584
0.0541048
0.0532131
0.052788
0.0521421
0.0516383
0.0510605
0.0505109
0.0499905
0.0494024
0.048937
0.0483011
0.0478947
0.047194
0.0470802
0.0481452
0.0609616
0.112422
0.133766
0.0724709
0.0564865
0.0543443
0.0534573
0.0530295
0.052385
0.0518797
0.0513031
0.0507522
0.0502308
0.049641
0.0491743
0.0485381
0.0481305
0.0474291
0.0473114
0.0483679
0.0611487
0.1126
0.13394
0.0726542
0.056719
0.0545868
0.0537039
0.0532733
0.0526306
0.0521241
0.0515481
0.0509949
0.0504722
0.0498809
0.0494134
0.048777
0.0483677
0.0476653
0.0475441
0.0485923
0.061338
0.112785
0.13412
0.0728443
0.056954
0.0548314
0.0539524
0.0535197
0.0528791
0.0523707
0.0517944
0.0512386
0.0507148
0.0501229
0.0496551
0.0490184
0.0486072
0.0479041
0.0477801
0.0488213
0.0615361
0.112975
0.134307
0.0730355
0.0571904
0.0550781
0.0542039
0.0537692
0.0531301
0.0526188
0.0520418
0.0514839
0.0509602
0.0503684
0.0499002
0.049263
0.0488499
0.0481468
0.0480208
0.0490561
0.061744
0.113166
0.134497
0.073226
0.057429
0.0553281
0.0544589
0.0540216
0.053383
0.0528684
0.0522912
0.0517324
0.0512097
0.050618
0.0501488
0.0495108
0.049096
0.0483933
0.0482652
0.0492948
0.0619561
0.113354
0.134689
0.0734187
0.0576713
0.0555819
0.054717
0.054276
0.0536373
0.05312
0.0525438
0.0519851
0.0514631
0.0508707
0.0503999
0.0497611
0.0493448
0.0486425
0.0485116
0.0495347
0.0621656
0.113541
0.134883
0.0736145
0.0579167
0.0558381
0.0549765
0.0545313
0.0538934
0.0533746
0.0528003
0.0522412
0.0517191
0.051125
0.0506525
0.0500131
0.0495955
0.0488931
0.0487588
0.0497743
0.0623699
0.11373
0.135082
0.0738093
0.0581629
0.0560949
0.0552365
0.0547882
0.0541523
0.0536328
0.0530599
0.0524995
0.0519761
0.0513803
0.0509065
0.050267
0.049848
0.0491452
0.0490069
0.0500143
0.0625716
0.113924
0.135284
0.0739992
0.0584086
0.0563521
0.0554981
0.055048
0.0544148
0.0538942
0.0533216
0.0527587
0.0522341
0.0516371
0.0511627
0.0505233
0.0501027
0.049399
0.0492571
0.0502566
0.0627755
0.114124
0.135483
0.0741865
0.0586556
0.0566116
0.0557634
0.055312
0.0546809
0.0541579
0.0535847
0.0530194
0.052494
0.0518967
0.0514217
0.0507821
0.0503594
0.0496553
0.0495104
0.0505027
0.0629853
0.114328
0.135679
0.0743788
0.0589071
0.0568758
0.0560334
0.0555798
0.0549496
0.0544235
0.0538497
0.0532825
0.0527569
0.052159
0.051683
0.0510427
0.0506183
0.0499143
0.0497672
0.0507529
0.0632016
0.114534
0.135875
0.0745809
0.0591642
0.0571447
0.0563071
0.0558503
0.0552204
0.0546913
0.0541174
0.0535486
0.0530225
0.0524234
0.051946
0.0513052
0.0508796
0.0501766
0.0500277
0.051007
0.0634228
0.114741
0.136077
0.07479
0.0594251
0.0574165
0.056583
0.0561227
0.0554935
0.0549619
0.0543879
0.0538173
0.0532901
0.0526896
0.052211
0.0515704
0.0511444
0.0504426
0.0502916
0.0512644
0.063647
0.11495
0.136286
0.0749988
0.0596875
0.05769
0.0568607
0.0563974
0.0557694
0.0552353
0.054661
0.054088
0.0535599
0.0529586
0.0524796
0.0518399
0.0514135
0.0507125
0.0505584
0.0515245
0.0638725
0.11516
0.136497
0.0752041
0.0599508
0.0579652
0.0571409
0.0566749
0.056048
0.055511
0.0549363
0.0543615
0.0538332
0.053232
0.0527532
0.0521143
0.0516867
0.0509854
0.0508276
0.0517868
0.0640986
0.115372
0.136708
0.075409
0.0602168
0.0582435
0.0574242
0.0569551
0.0563287
0.0557889
0.0552144
0.0546388
0.0541113
0.0535106
0.0530315
0.0523926
0.0519627
0.0512605
0.0510986
0.0520509
0.0643248
0.115586
0.136918
0.0756185
0.0604866
0.0585252
0.05771
0.0572373
0.0566115
0.0560697
0.0554964
0.0549208
0.054394
0.0537932
0.0533129
0.052673
0.0522403
0.0515372
0.0513715
0.0523169
0.0645513
0.115803
0.13713
0.0758328
0.0607596
0.0588091
0.0579976
0.0575213
0.0568971
0.0563543
0.0557828
0.0552069
0.05468
0.054078
0.0535959
0.0529548
0.0525195
0.0518159
0.0516467
0.0525853
0.064779
0.116023
0.137347
0.0760478
0.061034
0.0590943
0.0582869
0.0578083
0.0571867
0.0566432
0.0560731
0.0554959
0.0549682
0.0543646
0.0538808
0.053239
0.0528015
0.0520975
0.0519251
0.0528567
0.0650095
0.116247
0.137567
0.0762609
0.0613095
0.0593815
0.0585795
0.0580995
0.0574809
0.0569363
0.0563665
0.0557876
0.0552589
0.0546543
0.0541693
0.0535271
0.0530874
0.052383
0.0522072
0.0531321
0.0652451
0.116477
0.137785
0.0764744
0.061588
0.0596725
0.0588769
0.0583957
0.0577795
0.0572328
0.0566631
0.0560826
0.0555537
0.0549488
0.0544626
0.0538196
0.0533773
0.0526726
0.0524937
0.0534124
0.0654883
0.116712
0.138002
0.0766939
0.0618718
0.0599687
0.0591793
0.0586961
0.0580813
0.0575323
0.0569632
0.0563821
0.0558535
0.0552481
0.0547602
0.0541159
0.053671
0.0529664
0.0527851
0.0536985
0.0657407
0.116952
0.13822
0.0769219
0.062161
0.0602696
0.0594854
0.0589991
0.0583855
0.0578348
0.0572671
0.0566859
0.0561573
0.0555507
0.0550605
0.0544151
0.0539684
0.0532649
0.0530818
0.0539904
0.0660018
0.117194
0.138442
0.0771559
0.0624542
0.0605735
0.0597935
0.0593039
0.0586919
0.0581403
0.0575742
0.0569924
0.056463
0.0558547
0.0553627
0.0547173
0.0542701
0.0535684
0.0533834
0.0542872
0.0662686
0.117437
0.138671
0.0773915
0.0627494
0.0608793
0.0601034
0.0596109
0.0590011
0.0584485
0.0578835
0.0573001
0.0567695
0.0561601
0.0556674
0.0550236
0.0545766
0.0538767
0.0536889
0.0545874
0.0665372
0.117682
0.138902
0.0776267
0.0630464
0.0611874
0.0604161
0.0599212
0.0593136
0.0587595
0.0581945
0.0576092
0.0570777
0.0564685
0.0559765
0.0553348
0.0548879
0.0541887
0.0539969
0.0548893
0.066805
0.117929
0.139135
0.0778636
0.0633467
0.0614994
0.0607331
0.060236
0.0596301
0.0590736
0.0585082
0.0579211
0.0573897
0.0567816
0.0562908
0.0556508
0.0552026
0.0545031
0.0543067
0.0551927
0.0670722
0.11818
0.139369
0.078105
0.0636516
0.061816
0.0610551
0.0605554
0.0599507
0.0593916
0.0588259
0.0582378
0.0577071
0.0571002
0.0566097
0.0559703
0.0555196
0.0548193
0.0546187
0.0554988
0.0673418
0.118438
0.139606
0.0783504
0.063961
0.0621371
0.0613815
0.0608792
0.0602756
0.0597141
0.0591486
0.0585598
0.0580297
0.0574233
0.0569319
0.056292
0.0558387
0.055138
0.0549343
0.0558093
0.067617
0.1187
0.139848
0.0785971
0.0642737
0.0624615
0.0617116
0.0612068
0.0606047
0.060041
0.059476
0.0588865
0.0583564
0.0577496
0.0572567
0.0566161
0.0561606
0.0554605
0.0552545
0.0561248
0.0678987
0.118965
0.140091
0.0788427
0.0645889
0.0627887
0.0620447
0.0615377
0.0609373
0.0603717
0.0598073
0.0592169
0.0586865
0.0580791
0.0575847
0.0569438
0.0564866
0.0557876
0.0555793
0.056445
0.0681852
0.119232
0.140332
0.0790888
0.0649069
0.0631188
0.0623808
0.0618716
0.0612728
0.0607055
0.0601418
0.0595508
0.0590202
0.0584125
0.0579168
0.057276
0.0568172
0.0561191
0.0559078
0.0567686
0.0684739
0.119501
0.140572
0.0793394
0.0652289
0.0634526
0.0627202
0.0622082
0.0616109
0.0610422
0.0604797
0.0598886
0.0593583
0.0587506
0.0582536
0.0576127
0.0571519
0.0564541
0.0562395
0.0570949
0.0687633
0.119772
0.140813
0.0795966
0.0655553
0.0637901
0.0630622
0.0625472
0.0619517
0.0613822
0.0608218
0.0602311
0.0597011
0.059093
0.0585945
0.0579531
0.05749
0.0567923
0.0565743
0.0574243
0.0690545
0.120048
0.14106
0.0798582
0.065885
0.0641302
0.0634064
0.0628886
0.0622956
0.0617263
0.0611681
0.0605777
0.0600476
0.0594388
0.0589385
0.0582966
0.0578314
0.0571343
0.0569131
0.0577579
0.0693496
0.120329
0.141313
0.0801193
0.0662163
0.0644722
0.0637528
0.0632332
0.0626436
0.0620746
0.0615184
0.0609276
0.0603967
0.059787
0.0592852
0.0586435
0.058177
0.057481
0.057257
0.0580966
0.0696503
0.120614
0.141568
0.080377
0.0665487
0.0648163
0.0641025
0.0635821
0.0629962
0.0624271
0.0618719
0.0612799
0.060748
0.0601379
0.0596353
0.0589948
0.0585276
0.0578329
0.057606
0.0584403
0.0699562
0.120904
0.141823
0.0806339
0.0668842
0.0651644
0.0644574
0.0639366
0.0633538
0.0627836
0.0622284
0.0616348
0.0611023
0.0604925
0.0599901
0.0593512
0.0588834
0.0581898
0.0579595
0.0587884
0.0702662
0.121197
0.142074
0.0808963
0.0672253
0.0655185
0.0648188
0.064297
0.0637163
0.0631439
0.0625882
0.0619934
0.061461
0.0608521
0.0603502
0.0597128
0.0592438
0.0585509
0.058317
0.0591402
0.0705794
0.121495
0.142326
0.0811691
0.0675739
0.0658797
0.0651865
0.0646627
0.0640831
0.0635082
0.0629523
0.0623569
0.0618251
0.0612173
0.0607154
0.0600787
0.0596079
0.0589155
0.0586782
0.059496
0.0708963
0.121797
0.142583
0.0814517
0.0679294
0.0662468
0.0655591
0.0650325
0.0644537
0.0638767
0.0633214
0.0627259
0.0621947
0.0615876
0.0610848
0.0604484
0.0599756
0.0592839
0.0590437
0.0598566
0.0712185
0.122105
0.142848
0.0817385
0.0682891
0.0666176
0.0659349
0.0654054
0.064828
0.0642498
0.0636955
0.0631002
0.0625692
0.061962
0.061458
0.0608217
0.0603474
0.059657
0.0594145
0.0602227
0.0715469
0.122417
0.143118
0.0820239
0.0686509
0.0669907
0.0663131
0.0657815
0.0652062
0.0646274
0.0640744
0.0634789
0.0629476
0.0623402
0.0618351
0.0611994
0.0607241
0.0600355
0.0597907
0.0605946
0.0718815
0.122733
0.14339
0.0823067
0.0690144
0.0673662
0.0666943
0.0661613
0.0655886
0.0650093
0.0644573
0.0638614
0.06333
0.0627227
0.0622169
0.0615824
0.0611065
0.0604198
0.0601724
0.0609717
0.0722214
0.123053
0.143659
0.0825908
0.0693813
0.0677457
0.0670799
0.0665456
0.0659752
0.0653952
0.0648441
0.0642481
0.0637168
0.0631103
0.0626044
0.0619714
0.0614947
0.0608094
0.0605591
0.0613537
0.0725659
0.123377
0.143929
0.0828812
0.0697535
0.0681304
0.0674704
0.0669343
0.066366
0.0657852
0.0652352
0.0646396
0.0641092
0.0635038
0.062998
0.0623663
0.0618882
0.061204
0.0609504
0.0617406
0.0729152
0.123706
0.144201
0.0831794
0.0701316
0.0685204
0.0678656
0.0673274
0.0667611
0.0661799
0.0656317
0.0650371
0.0645078
0.0639035
0.0633974
0.0627664
0.0622867
0.0616034
0.0613468
0.0621329
0.0732704
0.124041
0.14448
0.0834827
0.0705144
0.0689149
0.068265
0.067725
0.0671612
0.0665803
0.0660344
0.065441
0.0649124
0.0643088
0.0638018
0.0631713
0.0626899
0.062008
0.0617486
0.0625312
0.0736324
0.12438
0.144764
0.0837873
0.0709007
0.0693131
0.0686686
0.0681277
0.0675673
0.0669872
0.0664433
0.0658506
0.0653221
0.0647188
0.0642107
0.0635809
0.0630982
0.062418
0.0621561
0.0629353
0.0740003
0.124723
0.14505
0.0840918
0.0712905
0.0697156
0.0690776
0.0685366
0.0679798
0.0674003
0.0668579
0.0662651
0.0657362
0.0651329
0.064624
0.0639954
0.0635119
0.0628335
0.0625689
0.0633445
0.0743719
0.125069
0.145336
0.0843991
0.0716852
0.0701239
0.069493
0.0689521
0.0683985
0.0678188
0.0672768
0.0666835
0.0661541
0.0655514
0.0650423
0.0644154
0.0639311
0.0632542
0.0629863
0.0637576
0.074745
0.125418
0.145622
0.0847132
0.0720865
0.0705389
0.0699151
0.0693736
0.0688222
0.0682413
0.0676994
0.0671057
0.0665765
0.0659751
0.0654662
0.064841
0.0643555
0.0636797
0.0634079
0.0641746
0.0751192
0.125773
0.145911
0.085036
0.0724949
0.0709605
0.0703428
0.0697998
0.0692496
0.0686673
0.0681259
0.0675326
0.0670044
0.0664047
0.0658961
0.0652722
0.064785
0.0641098
0.0638343
0.0645962
0.0754969
0.126136
0.146205
0.0853655
0.0729091
0.0713873
0.0707748
0.0702295
0.0696805
0.0690976
0.0685574
0.0679654
0.0674385
0.0668404
0.0663317
0.0657087
0.0652196
0.0645453
0.0642667
0.0650244
0.0758819
0.126507
0.146505
0.0856976
0.0733276
0.071818
0.0712103
0.0706631
0.070116
0.0695333
0.0689951
0.0684047
0.0678789
0.067282
0.0667726
0.0661503
0.0656598
0.0649873
0.0647067
0.0654611
0.076278
0.126888
0.14681
0.08603
0.0737493
0.0722524
0.0716499
0.0711017
0.0705574
0.0699756
0.0694395
0.0688503
0.068325
0.0677288
0.0672186
0.0665976
0.0661065
0.0654368
0.065155
0.0659068
0.0766862
0.127275
0.147115
0.0863634
0.0741751
0.0726915
0.072095
0.0715467
0.0710056
0.0704247
0.0698902
0.0693017
0.0687763
0.0681807
0.0676702
0.0670512
0.0665604
0.0658943
0.0656114
0.0663608
0.0771045
0.127666
0.147422
0.0867008
0.0746064
0.0731367
0.0725467
0.0719985
0.0714605
0.07088
0.0703464
0.0697582
0.0692328
0.0686383
0.0681281
0.0675119
0.0670218
0.0663592
0.0660747
0.0668215
0.0775293
0.128061
0.14773
0.0870445
0.0750442
0.0735884
0.073005
0.0724567
0.0719211
0.0713406
0.0708078
0.0702201
0.0696952
0.0691025
0.0685933
0.06798
0.0674904
0.0668306
0.0665438
0.0672874
0.0779579
0.12846
0.148041
0.0873942
0.0754882
0.0740461
0.0734688
0.0729201
0.0723868
0.0718065
0.0712749
0.0706883
0.0701647
0.0695743
0.0690661
0.0684554
0.0679655
0.0673079
0.0670181
0.0677586
0.07839
0.128866
0.148356
0.0877479
0.0759373
0.0745088
0.0739375
0.0733885
0.0728577
0.0722782
0.0717484
0.0711637
0.0706418
0.0700537
0.0695462
0.0689376
0.0684469
0.0677911
0.0674985
0.068236
0.0788277
0.129279
0.148675
0.0881042
0.0763911
0.0749763
0.0744111
0.0738623
0.0733345
0.0727564
0.072229
0.0716465
0.0711262
0.0705402
0.0700331
0.0694264
0.0689348
0.068281
0.0679859
0.068721
0.0792735
0.1297
0.148995
0.0884638
0.0768499
0.0754493
0.0748906
0.0743424
0.073818
0.0732416
0.0727164
0.0721359
0.0716171
0.0710331
0.0705263
0.0699216
0.0694295
0.0687782
0.0684811
0.0692142
0.0797285
0.130128
0.149316
0.0888295
0.0773152
0.0759291
0.0753769
0.0748295
0.0743082
0.0737332
0.0732101
0.0726315
0.0721139
0.0715321
0.0710259
0.0704236
0.0699314
0.0692829
0.0689839
0.0697152
0.0801916
0.130562
0.149639
0.0892036
0.0777881
0.0764164
0.0758706
0.0753236
0.074805
0.0742311
0.0737097
0.0731331
0.072617
0.0720375
0.0715322
0.0709326
0.0704403
0.0697946
0.0694937
0.070223
0.0806609
0.131
0.149968
0.0895865
0.0782689
0.0769114
0.0763714
0.0758244
0.0753081
0.0747355
0.074216
0.0736416
0.0731271
0.0725502
0.0720458
0.0714487
0.0709562
0.0703131
0.0700099
0.0707374
0.0811355
0.131445
0.150303
0.0899762
0.0787568
0.0774133
0.0768788
0.0763319
0.0758182
0.0752472
0.07473
0.0741582
0.0736453
0.0730709
0.072567
0.0719722
0.0714791
0.0708385
0.0705332
0.0712589
0.0816166
0.131898
0.150643
0.0903701
0.0792509
0.0779216
0.0773928
0.0768467
0.0763363
0.0757676
0.0752529
0.0746836
0.074172
0.0735997
0.0730961
0.0725032
0.0720097
0.0713718
0.0710647
0.0717891
0.082107
0.132361
0.150987
0.0907669
0.0797509
0.0784363
0.077914
0.0773696
0.0768631
0.0762971
0.0757848
0.0752177
0.0747071
0.0741366
0.0736331
0.0730425
0.0725489
0.0719142
0.0716058
0.0723294
0.0826088
0.132833
0.151334
0.0911674
0.0802571
0.0789581
0.078443
0.077901
0.0773985
0.076835
0.0763248
0.0757596
0.0752497
0.0746812
0.0741783
0.0735905
0.0730973
0.0724664
0.0721569
0.0728801
0.0831227
0.133313
0.151682
0.0915732
0.0807703
0.0794874
0.0789798
0.0784404
0.0779414
0.07738
0.0768714
0.076308
0.0757993
0.0752333
0.0747316
0.0741473
0.0736551
0.073028
0.0727174
0.0734403
0.0836468
0.1338
0.152032
0.091986
0.0812911
0.0800244
0.079524
0.0789865
0.0784905
0.0779308
0.0774239
0.0768627
0.0763557
0.075793
0.0752932
0.0747127
0.0742214
0.0735981
0.0732862
0.0740087
0.0841788
0.134293
0.152386
0.092406
0.0818195
0.0805687
0.0800747
0.0795387
0.0790452
0.0784873
0.0779824
0.0774242
0.0769196
0.0763607
0.0758629
0.0752862
0.0747955
0.0741758
0.0738625
0.0745848
0.0847176
0.134794
0.152744
0.0928325
0.0823549
0.0811198
0.0806316
0.0800969
0.0796061
0.0790507
0.0785485
0.0779939
0.077492
0.0769369
0.0764408
0.0758673
0.0753772
0.074761
0.0744466
0.075169
0.0852639
0.135305
0.153107
0.0932647
0.0828973
0.0816777
0.0811953
0.0806624
0.0801749
0.0796228
0.0791238
0.0785731
0.0780737
0.0775219
0.077027
0.0764566
0.0759669
0.0753547
0.0750398
0.075763
0.0858203
0.135825
0.153475
0.0937022
0.0834466
0.082243
0.0817669
0.0812367
0.0807532
0.080205
0.0797094
0.0791623
0.0786648
0.0781159
0.077622
0.0770547
0.076566
0.0759582
0.0756434
0.0763678
0.0863887
0.136355
0.153846
0.0941453
0.0840035
0.0828164
0.0823473
0.0818207
0.0813417
0.0807977
0.0803051
0.0797612
0.0792652
0.078719
0.0782263
0.0776625
0.0771753
0.0765725
0.076258
0.0769839
0.0869693
0.136893
0.154221
0.0945947
0.0845684
0.0833986
0.0829369
0.0824144
0.08194
0.0813998
0.0809098
0.0803689
0.0798744
0.0793313
0.0788403
0.0782808
0.0777955
0.0771977
0.0768832
0.0776106
0.0875606
0.137438
0.154598
0.095051
0.0851416
0.0839896
0.0835356
0.0830172
0.0825469
0.0820102
0.0815226
0.0809847
0.0804923
0.079953
0.0794646
0.0789098
0.0784265
0.0778333
0.0775182
0.0782468
0.0881605
0.137991
0.154979
0.095515
0.0857233
0.0845893
0.0841427
0.0836282
0.0831614
0.0826282
0.082143
0.0816088
0.0811194
0.0805848
0.0800995
0.0795496
0.079068
0.078479
0.0781627
0.0788921
0.0887681
0.138553
0.155364
0.0959874
0.0863139
0.0851978
0.084758
0.084247
0.0837835
0.0832538
0.0827718
0.0822422
0.0817567
0.0812274
0.0807456
0.0802004
0.0797201
0.0791347
0.078817
0.0795473
0.0893844
0.139126
0.155753
0.096469
0.0869138
0.0858155
0.085382
0.0848742
0.0844141
0.0838885
0.0834103
0.0828863
0.0824053
0.0818817
0.0814032
0.0808625
0.0803831
0.0798012
0.0794823
0.0802138
0.0900123
0.139711
0.156147
0.0969605
0.0875235
0.0864428
0.0860152
0.0855109
0.0850544
0.0845338
0.0840601
0.0835423
0.0830659
0.0825479
0.0820725
0.0815359
0.0810575
0.0804793
0.0801598
0.0808933
0.0906543
0.140311
0.156547
0.0974612
0.0881431
0.08708
0.0866583
0.0861579
0.0857057
0.0851906
0.0847219
0.0842103
0.0837385
0.0832257
0.082753
0.0822204
0.0817433
0.0811696
0.0808504
0.0815866
0.0913121
0.140924
0.156954
0.0979698
0.0887722
0.087727
0.0873114
0.0868157
0.0863682
0.0858593
0.0853955
0.0848899
0.0844221
0.083914
0.0834439
0.0829156
0.0824404
0.0818721
0.081554
0.0822937
0.0919854
0.141549
0.157367
0.0984844
0.08941
0.0883833
0.0879744
0.0874841
0.0870419
0.0865392
0.0860802
0.0855801
0.0851156
0.084612
0.0841444
0.0836208
0.0831483
0.0825863
0.0822702
0.0830138
0.092673
0.142185
0.157784
0.0990041
0.0900562
0.0890486
0.088647
0.088163
0.0877262
0.0872298
0.086775
0.0862798
0.0858184
0.0853191
0.0848544
0.0843362
0.0838673
0.0833122
0.0829986
0.0837465
0.0933733
0.142831
0.158202
0.0995297
0.0907109
0.0897233
0.0893295
0.0888524
0.0884211
0.0879307
0.0874797
0.0869893
0.0865308
0.0860359
0.0855747
0.0850625
0.0845978
0.0840501
0.0837393
0.0844915
0.0940857
0.143488
0.158623
0.100063
0.0913752
0.0904081
0.0900227
0.0895528
0.0891268
0.0886423
0.0881949
0.0877091
0.0872539
0.0867641
0.0863069
0.0858012
0.0853411
0.0848009
0.0844926
0.0852491
0.0948101
0.144156
0.159046
0.100608
0.0920504
0.0911042
0.0907273
0.0902647
0.0898438
0.0893651
0.0889214
0.0884407
0.0879893
0.0875053
0.0870528
0.0865539
0.0860983
0.0855654
0.0852594
0.0860199
0.095547
0.144836
0.159474
0.101165
0.0927376
0.0918125
0.0914437
0.0909883
0.0905724
0.0900996
0.0896601
0.0891853
0.0887385
0.0882609
0.0878136
0.0873216
0.0868703
0.0863442
0.0860401
0.0868046
0.0962974
0.145529
0.159908
0.101735
0.0934369
0.0925328
0.0921717
0.0917234
0.0913124
0.090846
0.0904116
0.0899434
0.0895021
0.0890316
0.0885896
0.0881045
0.0876573
0.0871375
0.0868352
0.0876037
0.0970621
0.146236
0.16035
0.102316
0.0941478
0.0932645
0.0929107
0.0924695
0.0920637
0.0916046
0.0911759
0.0907152
0.0902802
0.0898171
0.0893807
0.0889023
0.0884591
0.0879458
0.0876453
0.088418
0.0978426
0.146957
0.160798
0.102906
0.0948695
0.0940069
0.0936602
0.0932265
0.0928264
0.0923754
0.0919531
0.0915007
0.0910723
0.090617
0.0901864
0.0897149
0.0892759
0.0887693
0.0884712
0.0892487
0.0986404
0.147695
0.161252
0.103505
0.0956017
0.0947601
0.0944206
0.0939951
0.0936012
0.093159
0.0927437
0.0922999
0.0918785
0.0914312
0.0910066
0.0905424
0.0901081
0.0896089
0.0893138
0.0900968
0.0994572
0.148449
0.16171
0.104114
0.0963452
0.0955251
0.0951931
0.0947764
0.0943894
0.0939563
0.0935483
0.0931134
0.0926992
0.0922599
0.0918417
0.0913852
0.0909565
0.0904652
0.0901739
0.090963
0.100294
0.149219
0.162173
0.104736
0.0971017
0.0963035
0.0959794
0.0955721
0.0951921
0.0947684
0.0943678
0.0939417
0.0935347
0.0931038
0.0926924
0.0922441
0.0918214
0.0913389
0.0910519
0.0918475
0.101151
0.150005
0.162642
0.105373
0.0978724
0.0970966
0.0967806
0.096383
0.0960102
0.0955959
0.0952026
0.0947853
0.0943857
0.0939633
0.093559
0.0931193
0.0927032
0.0922298
0.0919475
0.09275
0.102026
0.150807
0.163118
0.106026
0.0986581
0.0979048
0.097597
0.0972094
0.0968438
0.0964388
0.0960528
0.0956444
0.0952521
0.0948384
0.0944414
0.0940106
0.0936016
0.0931375
0.0928604
0.0936698
0.10292
0.151624
0.163603
0.106692
0.0994582
0.0987276
0.0984279
0.0980506
0.0976921
0.0972967
0.096918
0.0965186
0.0961339
0.095729
0.0953396
0.0949179
0.0945162
0.0940618
0.0937901
0.0946067
0.10383
0.152457
0.164096
0.10737
0.100271
0.0995637
0.0992723
0.0989056
0.0985546
0.0981689
0.097798
0.0974077
0.0970308
0.0966349
0.0962535
0.0958412
0.0954472
0.0950028
0.0947369
0.0955608
0.104758
0.153306
0.164595
0.108059
0.101097
0.100412
0.10013
0.0997741
0.099431
0.0990556
0.0986927
0.098312
0.0979432
0.0975567
0.0971835
0.096781
0.0963951
0.0959612
0.0957017
0.0965331
0.105703
0.154172
0.165098
0.108759
0.101934
0.101274
0.101
0.100657
0.100322
0.0999573
0.0996029
0.0992321
0.0988719
0.0984951
0.0981307
0.0977384
0.0973612
0.0969381
0.0966854
0.0975243
0.106667
0.155056
0.165605
0.109472
0.102786
0.102149
0.101885
0.101554
0.101229
0.100875
0.10053
0.100169
0.099818
0.0994513
0.0990963
0.0987145
0.0983466
0.0979347
0.0976891
0.0985356
0.107651
0.155958
0.166116
0.110202
0.103653
0.103041
0.102787
0.102469
0.102152
0.10181
0.101474
0.101124
0.100783
0.100427
0.100081
0.0997107
0.0993523
0.0989519
0.0987135
0.0995674
0.108655
0.156877
0.166634
0.110952
0.104537
0.10395
0.103706
0.103401
0.103094
0.102763
0.102437
0.102098
0.101766
0.101422
0.101087
0.100728
0.100379
0.0999902
0.0997592
0.10062
0.10968
0.157816
0.167161
0.111723
0.105439
0.104876
0.104642
0.10435
0.104053
0.103735
0.103418
0.103091
0.10277
0.102437
0.102113
0.101766
0.101427
0.10105
0.100827
0.101695
0.110725
0.158774
0.167697
0.112513
0.106359
0.105819
0.105595
0.105317
0.105029
0.104724
0.104419
0.104104
0.103795
0.103474
0.103161
0.102826
0.102498
0.102132
0.101917
0.102791
0.111793
0.159753
0.168243
0.113322
0.107295
0.106779
0.106565
0.106301
0.106024
0.105732
0.105439
0.105138
0.104841
0.104533
0.104232
0.103908
0.103591
0.103238
0.103031
0.103912
0.112883
0.160753
0.168796
0.11415
0.108246
0.107754
0.107551
0.107302
0.107037
0.10676
0.10648
0.106193
0.105908
0.105613
0.105324
0.105014
0.104709
0.104368
0.10417
0.105057
0.113998
0.161776
0.169355
0.115001
0.109214
0.108746
0.108555
0.108323
0.108071
0.107809
0.107542
0.107269
0.106998
0.106717
0.10644
0.106143
0.10585
0.105523
0.105335
0.106227
0.115137
0.162822
0.16992
0.115878
0.110199
0.109757
0.109579
0.109364
0.109126
0.10888
0.108626
0.108368
0.10811
0.107843
0.10758
0.107296
0.107017
0.106704
0.106526
0.107423
0.1163
0.163889
0.170492
0.116788
0.111204
0.110789
0.110625
0.110427
0.110203
0.109973
0.109733
0.10949
0.109245
0.108992
0.108743
0.108473
0.108208
0.107911
0.107744
0.108644
0.117485
0.164979
0.171078
0.117727
0.112231
0.111844
0.111694
0.111513
0.111303
0.111089
0.110862
0.110634
0.110403
0.110165
0.10993
0.109676
0.109426
0.109144
0.108988
0.10989
0.11869
0.166089
0.171686
0.118691
0.113281
0.112921
0.112785
0.112622
0.112425
0.112227
0.112014
0.111801
0.111585
0.111362
0.111142
0.110904
0.11067
0.110403
0.11026
0.111161
0.119914
0.167221
0.172318
0.119679
0.114354
0.114021
0.1139
0.113753
0.11357
0.113388
0.11319
0.112993
0.112791
0.112585
0.112381
0.112159
0.111942
0.111691
0.111558
0.112456
0.121154
0.168374
0.172976
0.120693
0.115449
0.115142
0.115037
0.114907
0.114739
0.114573
0.114391
0.11421
0.114025
0.113835
0.113648
0.113443
0.113242
0.113006
0.112885
0.113775
0.12241
0.16955
0.173662
0.12173
0.116568
0.116285
0.116197
0.116086
0.115933
0.115785
0.115619
0.115456
0.115288
0.115115
0.114945
0.114756
0.114571
0.114351
0.114241
0.11512
0.123678
0.170748
0.17438
0.122792
0.117711
0.117453
0.117381
0.117292
0.117155
0.117025
0.116876
0.116731
0.11658
0.116424
0.116271
0.116098
0.115931
0.115727
0.115627
0.116489
0.124955
0.171968
0.175136
0.12388
0.118881
0.118647
0.118591
0.118524
0.118405
0.118296
0.118163
0.118037
0.117902
0.117763
0.117627
0.117471
0.117321
0.117133
0.117044
0.117882
0.126238
0.17321
0.175941
0.124994
0.120077
0.119873
0.119832
0.119785
0.119685
0.119595
0.11948
0.119372
0.119254
0.119132
0.119013
0.118874
0.118743
0.11857
0.118492
0.1193
0.127517
0.174471
0.176808
0.12614
0.121298
0.121128
0.121105
0.121078
0.120994
0.120924
0.120826
0.120736
0.120635
0.12053
0.120429
0.120307
0.120196
0.12004
0.119972
0.120738
0.128779
0.175749
0.177756
0.127329
0.122544
0.122407
0.122405
0.1224
0.122334
0.122282
0.122201
0.122128
0.122045
0.121958
0.121876
0.121772
0.121681
0.121543
0.121483
0.122195
0.130007
0.17704
0.178804
0.128575
0.123833
0.12372
0.123736
0.123752
0.123702
0.12367
0.123606
0.123551
0.123486
0.123418
0.123355
0.12327
0.123201
0.123079
0.123027
0.123664
0.13117
0.178335
0.10887
0.0613961
0.0600543
0.0597437
0.0593208
0.0586673
0.0576677
0.0560786
0.054419
0.0555182
0.063493
0.0768803
0.0918309
0.105747
0.11678
0.12276
0.121995
0.113402
0.105427
0.246241
0.109758
0.0613859
0.0600269
0.0597101
0.0592759
0.058608
0.0575893
0.055969
0.0544066
0.0557159
0.0640937
0.0776907
0.0926319
0.106444
0.117349
0.123217
0.122384
0.113795
0.106013
0.245935
0.110857
0.0613796
0.0600007
0.0596763
0.0592329
0.0585525
0.0575181
0.0558764
0.0544082
0.0559233
0.0646755
0.0784448
0.0933599
0.107071
0.117863
0.123644
0.122775
0.114224
0.106634
0.245361
0.112112
0.0613762
0.0599751
0.0596429
0.0591919
0.0585006
0.0574538
0.0558122
0.0544268
0.056142
0.0652435
0.0791504
0.0940253
0.107639
0.118331
0.124047
0.123169
0.114681
0.10728
0.244634
0.113481
0.0613638
0.0599538
0.0596102
0.0591522
0.0584516
0.0573958
0.0557647
0.0544496
0.0563718
0.0658025
0.0798155
0.0946379
0.108158
0.118762
0.124431
0.123562
0.115159
0.107945
0.243815
0.11486
0.0614168
0.0599357
0.0595782
0.0591137
0.058405
0.0573431
0.0557393
0.0544742
0.0566137
0.0663566
0.0804472
0.0952068
0.108637
0.119163
0.124799
0.123957
0.115651
0.108624
0.242937
0.11625
0.0615202
0.059921
0.0595469
0.0590759
0.0583607
0.0572953
0.055727
0.0544977
0.0568697
0.0669091
0.0810519
0.0957393
0.109082
0.119539
0.125154
0.124351
0.116153
0.109313
0.242019
0.11765
0.0616644
0.0599097
0.0595161
0.059039
0.0583182
0.0572511
0.0557184
0.0545199
0.0571424
0.0674634
0.0816342
0.0962413
0.109499
0.119895
0.125499
0.124744
0.116662
0.11001
0.241075
0.11906
0.0618423
0.059902
0.0594859
0.0590026
0.0582772
0.0572102
0.0557112
0.0545435
0.0574343
0.0680215
0.0821973
0.096717
0.109893
0.120234
0.125835
0.125135
0.117176
0.110714
0.240112
0.12048
0.0620484
0.059898
0.0594564
0.0589669
0.0582373
0.0571712
0.0557072
0.0545704
0.057747
0.0685837
0.082743
0.0971689
0.110265
0.120557
0.126162
0.125524
0.117691
0.111421
0.239135
0.121911
0.0622783
0.0598978
0.0594274
0.0589315
0.0581983
0.0571349
0.0557064
0.0545994
0.0580816
0.06915
0.0832719
0.0975993
0.110618
0.120867
0.126481
0.125909
0.118206
0.112132
0.238146
0.123352
0.0625286
0.0599016
0.0593989
0.0588964
0.0581599
0.0571006
0.0557076
0.054629
0.0584394
0.0697195
0.0837847
0.0980095
0.110954
0.121164
0.126792
0.126291
0.11872
0.112844
0.237148
0.124802
0.0627968
0.0599095
0.0593709
0.0588616
0.0581222
0.0570679
0.0557076
0.0546604
0.0588214
0.0702909
0.0842808
0.0984004
0.111273
0.121448
0.127095
0.126668
0.119232
0.113557
0.236139
0.126263
0.0630807
0.0599216
0.0593435
0.0588271
0.058085
0.0570365
0.0557053
0.0546951
0.0592286
0.070862
0.0847591
0.0987716
0.111576
0.12172
0.12739
0.12704
0.11974
0.114269
0.235118
0.127734
0.0633785
0.0599379
0.0593169
0.0587928
0.0580484
0.0570057
0.0556993
0.0547324
0.059661
0.07143
0.0852179
0.0991225
0.111863
0.121981
0.127678
0.127406
0.120243
0.11498
0.234084
0.129214
0.0636888
0.0599586
0.0592912
0.0587588
0.0580122
0.0569755
0.0556892
0.0547753
0.0601186
0.0719915
0.0856552
0.0994525
0.112132
0.122229
0.127958
0.127767
0.120741
0.115688
0.233036
0.130705
0.0640098
0.0599835
0.0592663
0.0587251
0.0579761
0.0569449
0.0556719
0.0548291
0.0606012
0.0725426
0.0860685
0.0997604
0.112385
0.122464
0.128228
0.128121
0.121234
0.116394
0.231969
0.132205
0.0643396
0.0600126
0.0592422
0.0586915
0.05794
0.0569131
0.0556472
0.0549001
0.0611075
0.0730784
0.086455
0.100044
0.112618
0.122686
0.128489
0.128468
0.12172
0.117096
0.230882
0.133716
0.0646769
0.0600457
0.0592191
0.0586581
0.0579036
0.0568802
0.0556213
0.0549923
0.0616339
0.0735931
0.0868114
0.100302
0.11283
0.122892
0.128739
0.128806
0.122199
0.117793
0.229771
0.135236
0.0650202
0.0600827
0.059197
0.0586247
0.0578671
0.0568466
0.0555971
0.0551065
0.0621756
0.0740803
0.087134
0.100532
0.11302
0.123081
0.128977
0.129137
0.122671
0.118485
0.228631
0.136766
0.0653681
0.0601234
0.0591758
0.0585915
0.0578305
0.0568125
0.0555692
0.0552439
0.0627268
0.0745335
0.0874196
0.100731
0.113185
0.123252
0.129203
0.129458
0.123135
0.119172
0.227459
0.138305
0.0657188
0.0601674
0.0591556
0.0585584
0.0577938
0.0567773
0.0555302
0.0554105
0.0632813
0.0749468
0.0876652
0.100897
0.113325
0.123404
0.129415
0.12977
0.12359
0.119851
0.22625
0.139854
0.0660706
0.0602146
0.0591362
0.0585254
0.0577566
0.0567404
0.0554804
0.0556139
0.0638309
0.0753136
0.0878675
0.101028
0.113436
0.123536
0.129613
0.130071
0.124037
0.120524
0.225001
0.141413
0.0664218
0.0602644
0.0591178
0.0584924
0.0577189
0.0567019
0.0554276
0.0558574
0.0643644
0.075627
0.088023
0.101121
0.113517
0.123644
0.129794
0.130362
0.124476
0.121188
0.223708
0.142981
0.0667706
0.0603166
0.0591003
0.0584593
0.0576805
0.0566622
0.0553762
0.0561409
0.0648685
0.0758802
0.0881278
0.101172
0.113564
0.123728
0.129958
0.130641
0.124906
0.121844
0.222365
0.144558
0.0671152
0.0603706
0.0590836
0.0584261
0.0576414
0.0566207
0.0553223
0.0564644
0.0653295
0.0760669
0.0881782
0.101178
0.113574
0.123783
0.130103
0.130907
0.125326
0.122492
0.220969
0.146146
0.0674532
0.060426
0.0590674
0.0583928
0.0576013
0.0565762
0.0552589
0.0568279
0.0657332
0.0761816
0.0881705
0.101135
0.113544
0.123809
0.130228
0.131161
0.125738
0.12313
0.219516
0.147743
0.0677826
0.060482
0.0590517
0.0583592
0.0575602
0.0565281
0.0551842
0.0572264
0.0660645
0.07622
0.0881016
0.10104
0.113471
0.123803
0.130331
0.131401
0.12614
0.123758
0.218002
0.149349
0.0681014
0.0605384
0.0590364
0.0583256
0.0575183
0.0564769
0.0551008
0.0576461
0.0663091
0.0761794
0.0879682
0.100889
0.113351
0.123761
0.130409
0.131626
0.126532
0.124376
0.216423
0.150965
0.0684083
0.0605946
0.0590217
0.058292
0.0574758
0.0564232
0.0550083
0.058068
0.0664543
0.0760582
0.0877672
0.100679
0.113181
0.123681
0.130462
0.131836
0.126915
0.124856
0.214854
0.15259
0.0687016
0.0606502
0.0590073
0.0582582
0.0574323
0.0563671
0.0549033
0.0584714
0.0664912
0.0758561
0.0874956
0.100406
0.112958
0.123553
0.130493
0.132051
0.127276
0.125236
0.213271
0.154224
0.0689797
0.0607047
0.0589929
0.0582239
0.0573875
0.0563082
0.054787
0.0588312
0.0664138
0.0755738
0.087151
0.100067
0.112627
0.123381
0.130521
0.132262
0.127621
0.125537
0.211663
0.155869
0.0692405
0.0607575
0.0589785
0.0581891
0.0573416
0.0562467
0.0546631
0.0591153
0.0662218
0.0752136
0.0867325
0.0995355
0.112249
0.123187
0.130535
0.132467
0.127951
0.125764
0.210026
0.157523
0.0694828
0.0608081
0.0589638
0.0581541
0.0572946
0.0561826
0.0545303
0.0592898
0.0659223
0.0747802
0.0860702
0.098941
0.111814
0.122955
0.13053
0.132663
0.128264
0.125917
0.208359
0.159187
0.069706
0.0608564
0.0589489
0.0581187
0.0572466
0.0561156
0.0543849
0.0593295
0.0655299
0.07409
0.085307
0.0982615
0.111311
0.12268
0.130502
0.132849
0.128562
0.125999
0.206661
0.16086
0.0699096
0.060902
0.0589338
0.0580831
0.0571973
0.0560454
0.054229
0.059222
0.0649489
0.0732272
0.0844339
0.0974828
0.110733
0.122357
0.13045
0.133026
0.128844
0.12601
0.204932
0.162542
0.0700927
0.0609448
0.0589182
0.0580469
0.0571468
0.0559728
0.0540708
0.0589719
0.0641004
0.0722587
0.0834357
0.096599
0.110076
0.121985
0.130372
0.133191
0.129111
0.125953
0.203173
0.164234
0.070255
0.0609846
0.0589021
0.0580103
0.0570956
0.0558991
0.053995
0.0582561
0.0631668
0.0711584
0.0823099
0.0956075
0.109339
0.12156
0.130266
0.133345
0.129364
0.125832
0.201384
0.165936
0.070396
0.0610211
0.0588856
0.0579735
0.0570439
0.0558247
0.0539474
0.0574058
0.062114
0.0699298
0.0810584
0.0945076
0.10852
0.121081
0.130131
0.133486
0.129604
0.125652
0.199566
0.167647
0.0705144
0.0610543
0.0588686
0.0579365
0.0569916
0.0557486
0.0538957
0.0564895
0.0609548
0.0685839
0.0796864
0.0933007
0.107618
0.120547
0.129964
0.133613
0.129832
0.125418
0.197719
0.169369
0.0706061
0.0610838
0.058851
0.0578993
0.0569388
0.0556708
0.0538235
0.055497
0.0597096
0.067135
0.0782015
0.0919896
0.106634
0.119955
0.129764
0.133725
0.130049
0.125136
0.195845
0.171103
0.0706596
0.0611095
0.0588328
0.0578619
0.0568855
0.0555923
0.0537322
0.0544362
0.0584014
0.0656003
0.076613
0.0905788
0.105569
0.119307
0.129531
0.13382
0.130255
0.124811
0.193945
0.172814
0.070712
0.0611314
0.0588142
0.0578244
0.0568323
0.0555129
0.0536248
0.0533139
0.0570557
0.0639994
0.0749325
0.0890743
0.104425
0.118603
0.129263
0.133899
0.130452
0.124451
0.192022
0.174501
0.0707636
0.0611497
0.0587952
0.057787
0.0567795
0.0554299
0.0535066
0.0521408
0.0556996
0.0623539
0.0731741
0.0874851
0.103208
0.117845
0.12896
0.133959
0.130641
0.124062
0.190076
0.176167
0.0708143
0.0611643
0.0587758
0.0577497
0.0567273
0.0553503
0.0533634
0.0509259
0.0543601
0.060689
0.0713559
0.0858223
0.101925
0.117034
0.128623
0.134001
0.130823
0.123653
0.188111
0.17781
0.0708638
0.0611753
0.0587558
0.0577126
0.0566756
0.0552752
0.0532015
0.0496725
0.0530695
0.0590352
0.0694993
0.084099
0.100581
0.116176
0.128251
0.134023
0.130996
0.12323
0.186129
0.179431
0.0709117
0.0611826
0.0587355
0.0576758
0.0566244
0.0552072
0.053027
0.0483791
0.0518654
0.0574276
0.0676286
0.0823313
0.0991875
0.115274
0.127848
0.134024
0.131163
0.122802
0.184132
0.181029
0.070958
0.0611864
0.0587149
0.0576392
0.0565739
0.0551427
0.0528569
0.0470467
0.0507838
0.055903
0.0657717
0.0805386
0.0977555
0.114336
0.127413
0.134003
0.131322
0.122375
0.182123
0.182605
0.0710031
0.0611862
0.0586937
0.0576028
0.0565245
0.055081
0.0527056
0.0456872
0.0498536
0.0544981
0.0639604
0.0787425
0.0962993
0.113368
0.126951
0.133961
0.131472
0.121957
0.180105
0.18416
0.0710473
0.0611809
0.0586717
0.0575668
0.0564762
0.055023
0.0525864
0.0443238
0.0490968
0.0532501
0.0622285
0.0769669
0.0948336
0.112379
0.126463
0.133897
0.131614
0.121553
0.178082
0.185693
0.0710915
0.0611689
0.0586488
0.0575311
0.0564283
0.0549682
0.052513
0.0430009
0.0485269
0.0521946
0.0606098
0.0752366
0.0933738
0.111378
0.125955
0.133811
0.131746
0.121171
0.176055
0.187202
0.0711358
0.0611503
0.0586247
0.0574954
0.0563807
0.0549158
0.0525059
0.0418389
0.0481369
0.0513569
0.0591367
0.0735766
0.0919364
0.110373
0.125428
0.133704
0.131867
0.120814
0.174029
0.188686
0.0711803
0.0611256
0.058599
0.0574593
0.0563336
0.0548658
0.0525199
0.0412613
0.0478938
0.0507472
0.0578357
0.0720098
0.0905368
0.109373
0.124888
0.133576
0.131976
0.120486
0.172007
0.190145
0.0712247
0.061095
0.0585713
0.057423
0.0562871
0.0548173
0.0525123
0.0420281
0.0477573
0.0503616
0.0567247
0.0705546
0.0891882
0.108386
0.124338
0.133427
0.132072
0.12019
0.169992
0.191581
0.0712668
0.0610614
0.0585422
0.0573863
0.0562409
0.0547668
0.0525041
0.0438418
0.0477815
0.0501764
0.0558097
0.0692235
0.0879006
0.107418
0.123781
0.133259
0.132155
0.119928
0.167989
0.192995
0.0713051
0.061027
0.0585118
0.0573488
0.0561942
0.0547136
0.0524877
0.0469413
0.0479663
0.0501473
0.0550826
0.0680222
0.0866809
0.106474
0.12322
0.133073
0.132224
0.119702
0.166
0.194391
0.0713387
0.0609934
0.0584796
0.0573101
0.0561465
0.0546581
0.0524655
0.0503746
0.0482101
0.0502192
0.0545226
0.0669487
0.0855315
0.105557
0.122656
0.13287
0.13228
0.11951
0.164029
0.195773
0.0713668
0.060961
0.0584457
0.0572702
0.0560981
0.0545968
0.0524151
0.0558813
0.0485007
0.050345
0.0541036
0.0659958
0.0844516
0.104666
0.122091
0.13265
0.132322
0.119354
0.162079
0.197144
0.0713889
0.0609304
0.0584109
0.0572295
0.0560482
0.054526
0.0523351
0.0575293
0.0489013
0.0504939
0.0538009
0.0651544
0.0834397
0.103804
0.121527
0.132416
0.132352
0.119231
0.160154
0.19851
0.0714049
0.0609021
0.058376
0.0571885
0.0559964
0.0544459
0.0522523
0.0559669
0.0493086
0.0506483
0.0535944
0.0644164
0.0824937
0.102969
0.120963
0.132168
0.13237
0.119142
0.158256
0.199876
0.071415
0.0608767
0.058341
0.0571464
0.0559425
0.0543602
0.0521858
0.0552723
0.0497015
0.0508166
0.0534704
0.0637752
0.0816115
0.102161
0.1204
0.131907
0.132376
0.119086
0.156388
0.201249
0.0714201
0.0608533
0.0583058
0.0571032
0.0558865
0.0542704
0.0521341
0.0544513
0.0500243
0.0510014
0.0534191
0.0632251
0.0807909
0.101378
0.119837
0.131632
0.132371
0.11906
0.154552
0.202631
0.0714218
0.0608299
0.0582711
0.0570594
0.055829
0.054178
0.0520942
0.0537884
0.050287
0.0511894
0.0534404
0.062762
0.08003
0.10062
0.119275
0.131345
0.132356
0.119064
0.152751
0.20403
0.0714198
0.0608074
0.0582373
0.0570151
0.0557701
0.0540853
0.0520651
0.052967
0.0504784
0.0513101
0.0535672
0.0623839
0.0793282
0.0998865
0.118713
0.131045
0.132331
0.119097
0.150986
0.205449
0.071415
0.0607859
0.0582038
0.0569705
0.0557107
0.0539957
0.0520509
0.0518947
0.0505663
0.0513926
0.0537702
0.0620886
0.0786843
0.0991756
0.11815
0.130733
0.132297
0.119157
0.149261
0.206892
0.0714074
0.0607649
0.0581707
0.0569258
0.0556511
0.0539113
0.0520566
0.0518172
0.0506253
0.0514552
0.0538839
0.0619515
0.0780962
0.098487
0.117587
0.130408
0.132254
0.119243
0.147576
0.208361
0.0713975
0.0607445
0.058138
0.056881
0.0555902
0.0538326
0.0520738
0.0513288
0.0506613
0.0515121
0.0539464
0.0619328
0.0775623
0.0978198
0.117023
0.130072
0.132202
0.119353
0.145932
0.209857
0.0713857
0.0607242
0.0581058
0.0568358
0.055528
0.053762
0.0520999
0.0510099
0.0506955
0.0515695
0.053997
0.0618753
0.0771484
0.0971721
0.116456
0.129723
0.132142
0.119486
0.14433
0.211381
0.0713722
0.0607039
0.0580736
0.0567901
0.0554653
0.0537006
0.0521342
0.0509922
0.0507333
0.0516316
0.0540539
0.061772
0.0768417
0.0965417
0.115885
0.129362
0.132074
0.119641
0.14277
0.212933
0.0713574
0.0606831
0.0580414
0.0567442
0.0554025
0.0536477
0.0521745
0.0510372
0.0507648
0.0517011
0.0541204
0.0616718
0.0765364
0.0959636
0.11531
0.128988
0.131999
0.119815
0.141252
0.214513
0.0713416
0.0606623
0.058009
0.0566974
0.0553392
0.0536031
0.0522174
0.0510817
0.0507926
0.0517792
0.054194
0.0615806
0.0761946
0.0954424
0.114728
0.128601
0.131916
0.120005
0.139777
0.216122
0.0713252
0.0606415
0.057976
0.0566496
0.0552754
0.0535667
0.052261
0.0511298
0.0508168
0.0518658
0.0542699
0.0614935
0.0758503
0.0949406
0.114137
0.128199
0.131825
0.120212
0.138343
0.217764
0.0713081
0.0606205
0.0579427
0.0566015
0.0552113
0.0535382
0.0523046
0.051166
0.0508444
0.0519593
0.0543436
0.0614051
0.0755043
0.094411
0.113557
0.127783
0.131727
0.120433
0.136948
0.21944
0.0712903
0.0605997
0.0579094
0.0565531
0.0551478
0.0535169
0.0523451
0.0511787
0.0508867
0.0520573
0.0544131
0.0613124
0.0751538
0.0938662
0.112972
0.127351
0.131621
0.120664
0.135593
0.221156
0.071273
0.0605798
0.0578757
0.0565037
0.0550857
0.0535027
0.0523818
0.0511798
0.0509438
0.0521589
0.0544792
0.0612146
0.0747972
0.0933113
0.112376
0.126904
0.131505
0.120905
0.134276
0.222917
0.0712566
0.0605617
0.0578419
0.0564535
0.0550251
0.0534952
0.0524193
0.0511603
0.051014
0.0522639
0.0545419
0.0611125
0.0744355
0.0927471
0.111767
0.126441
0.13138
0.121155
0.132993
0.22473
0.0712393
0.0605463
0.0578093
0.056404
0.0549663
0.0534944
0.0524604
0.0511354
0.0511013
0.0523696
0.0546014
0.0610081
0.074071
0.0921758
0.111145
0.125964
0.131243
0.121412
0.131745
0.226579
0.0712596
0.0605356
0.0577783
0.0563553
0.0549104
0.0535015
0.0525045
0.0511632
0.0512055
0.0524755
0.054659
0.0609045
0.0737071
0.0916003
0.110513
0.125474
0.131092
0.121675
0.130527
0.228451
0.0713745
0.0605321
0.0577491
0.0563074
0.0548589
0.0535158
0.0525511
0.0512099
0.0513278
0.0525834
0.0547164
0.0608051
0.0733488
0.0910261
0.109875
0.124973
0.130927
0.12194
0.129339
0.230345
0.0716191
0.0605393
0.057723
0.0562618
0.0548128
0.0535369
0.0526012
0.0512432
0.0514682
0.0526921
0.0547759
0.0607137
0.0730024
0.0904605
0.109237
0.124464
0.130748
0.122207
0.128176
0.232259
0.0720355
0.0605624
0.0577021
0.0562194
0.0547729
0.0535662
0.052659
0.051353
0.0516234
0.0528043
0.0548409
0.0606342
0.0726749
0.0899095
0.108603
0.123951
0.130557
0.12247
0.127036
0.234191
0.0726804
0.0606091
0.0576885
0.0561809
0.0547407
0.0536034
0.0527242
0.051521
0.0517926
0.0529233
0.0549121
0.0605734
0.0723746
0.0893824
0.107983
0.123437
0.130356
0.122721
0.12592
0.236142
0.0736197
0.0606907
0.0576852
0.0561485
0.0547189
0.0536486
0.0527984
0.0516805
0.0519743
0.0530464
0.0549917
0.0605375
0.0721101
0.0888918
0.107387
0.122929
0.130149
0.12296
0.124824
0.238109
0.07493
0.0608234
0.0576959
0.0561244
0.0547088
0.0537044
0.0528898
0.051878
0.0521753
0.053175
0.0550865
0.060533
0.0718913
0.0884486
0.106827
0.122435
0.129934
0.123183
0.123744
0.240091
0.076707
0.061033
0.0577265
0.0561112
0.0547118
0.0537685
0.0529925
0.0521268
0.0523952
0.0533124
0.055202
0.0605694
0.0717327
0.0880679
0.106313
0.121967
0.129718
0.123387
0.122677
0.242083
0.079055
0.0613587
0.0577874
0.0561147
0.0547324
0.0538413
0.0531033
0.0523932
0.0526175
0.0534589
0.0553397
0.0606571
0.0716508
0.0877678
0.105865
0.121533
0.129505
0.12357
0.121618
0.244085
0.0820813
0.0618595
0.0578932
0.0561399
0.0547742
0.0539266
0.0532346
0.0526457
0.052846
0.0536191
0.0555091
0.0608076
0.071663
0.0875696
0.105504
0.121149
0.1293
0.123731
0.120562
0.246093
0.0859067
0.0626237
0.0580679
0.0561965
0.0548409
0.0540251
0.0533875
0.0529085
0.0530847
0.0538019
0.0557233
0.0610399
0.0717925
0.0874992
0.105251
0.120834
0.129111
0.123863
0.119507
0.248099
0.0906493
0.0637804
0.0583553
0.0563011
0.0549404
0.0541407
0.0535566
0.0531724
0.0533194
0.0540084
0.0559941
0.06138
0.0720683
0.0875871
0.105134
0.120608
0.12895
0.123964
0.118442
0.250098
0.0964086
0.0655116
0.0588291
0.0564784
0.055084
0.0542824
0.0537417
0.0534339
0.0535557
0.0542524
0.0563455
0.0618577
0.07253
0.0878738
0.105189
0.120493
0.128825
0.124032
0.117361
0.252083
0.103267
0.0680591
0.0596126
0.0567794
0.055293
0.0544641
0.0539525
0.0536948
0.0538192
0.0545561
0.0568142
0.0625176
0.0732258
0.0884059
0.105457
0.120522
0.128751
0.124062
0.116251
0.254045
0.11128
0.0717206
0.060907
0.0572973
0.0556101
0.0547123
0.0542063
0.0539851
0.0541286
0.0549528
0.0574529
0.0634225
0.0742193
0.0892427
0.105986
0.120724
0.12874
0.124045
0.115099
0.255969
0.120464
0.0768314
0.0630205
0.0582012
0.0561214
0.0550788
0.054533
0.0543197
0.0545216
0.0555057
0.0583353
0.064659
0.0755941
0.0904577
0.106833
0.121139
0.128805
0.123972
0.113887
0.257831
0.1308
0.0837135
0.0663848
0.0597897
0.057002
0.0556713
0.0550161
0.0547866
0.0550803
0.0563222
0.0595867
0.0663472
0.0774566
0.09214
0.108066
0.121808
0.12896
0.123826
0.112591
0.259603
0.142212
0.0926148
0.0715297
0.0625358
0.0585791
0.0567157
0.0558325
0.0555444
0.0559837
0.0575862
0.0613937
0.068656
0.0799488
0.0943974
0.109758
0.122768
0.129207
0.123581
0.111177
0.261233
0.154569
0.103656
0.0789886
0.0670893
0.061405
0.0586354
0.0573284
0.0569076
0.0575332
0.059595
0.0640295
0.0718149
0.0832442
0.0973544
0.111991
0.124058
0.129542
0.123192
0.109602
0.262642
0.167683
0.11679
0.0891471
0.0741701
0.0662545
0.0621327
0.060112
0.0594367
0.0602486
0.0628144
0.0678725
0.0761114
0.0875527
0.10115
0.114839
0.125696
0.129935
0.122595
0.107804
0.263694
0.181283
0.131801
0.102111
0.0843346
0.0739668
0.0681217
0.0650805
0.0639799
0.0648729
0.0678565
0.073397
0.0818867
0.0930964
0.105914
0.118352
0.127667
0.130313
0.121677
0.105702
0.26407
0.194989
0.148296
0.117651
0.0977313
0.0851096
0.0774354
0.0731769
0.0714786
0.0722415
0.0753894
0.0810913
0.089466
0.10007
0.111727
0.122522
0.129885
0.130538
0.120269
0.103184
0.26301
0.208189
0.165659
0.135212
0.114014
0.0996782
0.090408
0.0849546
0.0825574
0.0829436
0.0858825
0.0912907
0.0990501
0.10855
0.11855
0.127214
0.132143
0.130351
0.118099
0.100107
0.257631
0.219735
0.182879
0.153855
0.132363
0.117055
0.106669
0.100263
0.0972034
0.0970172
0.0993569
0.103955
0.110527
0.118335
0.126101
0.132065
0.134017
0.129305
0.114745
0.0962959
0.0759904
0.183616
0.183507
0.16634
0.148939
0.134834
0.124533
0.117826
0.114402
0.113615
0.115051
0.118386
0.123226
0.128746
0.133668
0.136332
0.134753
0.126664
0.109575
0.0915818
0.0700759
0.165149
0.177964
0.171489
0.160319
0.149506
0.140832
0.134845
0.131627
0.130537
0.131072
0.132932
0.135656
0.138383
0.139891
0.138684
0.133076
0.121279
0.101695
0.0859387
0.0886099
0.128523
0.164519
0.1692
0.165212
0.158906
0.152986
0.148587
0.146141
0.145031
0.144768
0.145075
0.145409
0.144917
0.142519
0.136981
0.127029
0.111511
0.0900294
0.0798378
0.0895256
0.0254389
0.128695
0.151874
0.158406
0.158812
0.157193
0.155456
0.154444
0.153628
0.15273
0.151375
0.148991
0.144856
0.138158
0.128081
0.11394
0.0954562
0.0739351
0.0748947
0.0918118
0.0490039
0.0583294
0.116863
0.138606
0.147718
0.151529
0.153145
0.153766
0.152958
0.150865
0.147127
0.141345
0.133126
0.122111
0.1081
0.0912292
0.0723834
0.0551712
0.073834
0.0956011
0.0509589
0.032796
0.0596248
0.104166
0.123493
0.133211
0.13823
0.138285
0.135772
0.130972
0.123881
0.11455
0.103096
0.0897924
0.0751962
0.0603529
0.0471338
0.0409352
0.0774261
0.101308
0.0556562
0.0422918
0.037797
0.0209609
0.0532367
0.0720614
0.0790163
0.0809357
0.0797321
0.0759655
0.0702667
0.0632197
0.0554316
0.0476291
0.0407101
0.0356695
0.0333881
0.0381992
0.0820841
0.106628
0.0590606
0.0434453
0.0377437
0.0341629
0.027728
0.0208877
0.0199658
0.0219449
0.0241286
0.0259808
0.0273921
0.0284673
0.0294362
0.0304851
0.0315878
0.0324978
0.0333409
0.0400639
0.0854355
0.110886
0.0617885
0.0452683
0.040081
0.038295
0.0375452
0.0369666
0.0361454
0.0353942
0.0348178
0.0344891
0.0343853
0.0344098
0.0344415
0.034385
0.0341677
0.0338486
0.0339911
0.0414296
0.0880584
0.114124
0.0635903
0.0460026
0.0405308
0.0387667
0.0381367
0.0376381
0.0372547
0.0369569
0.0366571
0.0363561
0.0360284
0.0356795
0.0352801
0.0348426
0.0343413
0.0338931
0.034131
0.0425908
0.0903394
0.116583
0.064839
0.0464071
0.0406823
0.0389031
0.0382982
0.0377555
0.037423
0.0370834
0.036753
0.0364121
0.036045
0.0356622
0.0352293
0.034778
0.0342663
0.0338578
0.0342649
0.0436656
0.0923159
0.118466
0.0656163
0.0466041
0.0407897
0.0390149
0.0384175
0.0379147
0.037562
0.0371831
0.0368214
0.0364424
0.0360417
0.0356372
0.0351845
0.0347402
0.0342262
0.033862
0.0344287
0.0446509
0.0940245
0.119796
0.0660842
0.0466638
0.0408505
0.0391101
0.0385421
0.0380571
0.037691
0.0372839
0.0368845
0.0364893
0.0360612
0.0356401
0.0351777
0.0347412
0.0342188
0.0338992
0.0346085
0.0455365
0.0954978
0.120762
0.0663202
0.0465978
0.0409032
0.0391948
0.0386824
0.038189
0.0378073
0.0373803
0.0369551
0.0365424
0.036094
0.0356677
0.035196
0.0347644
0.0342366
0.0339611
0.0347909
0.046319
0.096764
0.121458
0.0663784
0.0464546
0.0409049
0.0393257
0.0388232
0.0383176
0.0379215
0.0374717
0.0370417
0.0366091
0.0361508
0.0357246
0.0352347
0.0348091
0.034277
0.0340391
0.0349704
0.0470062
0.0978509
0.121893
0.0662267
0.0464597
0.0410099
0.0394419
0.0389666
0.0384407
0.0380422
0.0375655
0.0371281
0.0366838
0.0362178
0.0357907
0.0352886
0.0348757
0.0343363
0.034131
0.0351497
0.0476118
0.098787
0.122086
0.066186
0.0463576
0.041093
0.0395572
0.0391017
0.038559
0.0381509
0.0376638
0.0372247
0.0367689
0.036293
0.035865
0.0353548
0.0349538
0.0344042
0.0342313
0.0353243
0.0481417
0.0995918
0.122309
0.0659887
0.0462404
0.0411515
0.0396738
0.0392372
0.0386807
0.0382643
0.0377698
0.0373295
0.0368624
0.0363839
0.0359573
0.0354381
0.0350451
0.0344828
0.0343382
0.035493
0.0486069
0.100286
0.122503
0.0657813
0.0460994
0.0412062
0.0397898
0.039363
0.0387949
0.0383889
0.0378787
0.0374314
0.0369609
0.0364794
0.0360531
0.0355297
0.0351455
0.0345697
0.0344498
0.0356588
0.049021
0.100886
0.122698
0.0655426
0.0459541
0.0412773
0.0399033
0.0394957
0.0389118
0.03851
0.0379864
0.0375404
0.037069
0.0365779
0.0361534
0.035627
0.0352497
0.0346624
0.0345659
0.0358209
0.0493865
0.1014
0.122876
0.0653173
0.0458232
0.0413517
0.040022
0.0396337
0.0390329
0.0386266
0.0380995
0.0376572
0.0371791
0.0366842
0.036264
0.0357301
0.0353588
0.0347631
0.0346866
0.0359775
0.0497086
0.101844
0.123048
0.0651123
0.0457081
0.0414337
0.0401439
0.0397624
0.0391514
0.0387493
0.038221
0.0377727
0.0372903
0.0367978
0.0363779
0.0358365
0.0354725
0.0348688
0.0348077
0.036129
0.0499994
0.102238
0.123206
0.0649069
0.0456277
0.041527
0.0402616
0.0398915
0.0392765
0.0388796
0.0383434
0.0378892
0.0374086
0.0369135
0.0364929
0.0359487
0.0355894
0.034976
0.0349299
0.0362795
0.0502675
0.102587
0.123371
0.0647516
0.0455722
0.0416229
0.0403814
0.0400283
0.0394068
0.0390086
0.0384644
0.0380117
0.0375301
0.0370301
0.0366131
0.0360655
0.0357066
0.0350874
0.0350572
0.0364291
0.0505123
0.102887
0.123537
0.0646192
0.0455284
0.0417248
0.0405097
0.0401646
0.0395349
0.0391371
0.0385892
0.0381372
0.0376524
0.0371522
0.0367374
0.0361814
0.0358257
0.0352052
0.0351859
0.0365729
0.0507329
0.103147
0.123683
0.0644967
0.0455103
0.0418366
0.0406394
0.0402988
0.039665
0.0392696
0.0387179
0.0382642
0.0377789
0.0372791
0.0368606
0.0362982
0.0359507
0.0353263
0.0353113
0.0367112
0.0509371
0.103382
0.123818
0.0644277
0.0455146
0.0419525
0.0407695
0.0404375
0.0397989
0.0394043
0.0388481
0.0383932
0.037908
0.0374057
0.0369842
0.0364215
0.0360804
0.035447
0.0354361
0.0368512
0.0511336
0.103598
0.123974
0.0643754
0.0455287
0.0420717
0.0409044
0.0405791
0.0399336
0.0395407
0.0389795
0.0385235
0.0380376
0.0375333
0.037114
0.036551
0.0362101
0.0355681
0.0355652
0.0369949
0.0513219
0.103789
0.124131
0.0643148
0.0455621
0.0421972
0.0410411
0.040719
0.04007
0.0396783
0.0391114
0.0386567
0.0381704
0.0376651
0.0372489
0.0366814
0.0363383
0.0356922
0.035698
0.037138
0.0514988
0.103959
0.124258
0.0642873
0.0456152
0.0423255
0.0411778
0.0408617
0.0402091
0.0398145
0.0392456
0.0387949
0.0383063
0.0377983
0.037383
0.0368097
0.0364672
0.0358199
0.0358312
0.0372786
0.0516679
0.104114
0.124386
0.0642932
0.0456746
0.042454
0.0413182
0.0410082
0.0403473
0.0399519
0.039385
0.038934
0.038441
0.0379303
0.0375153
0.0369383
0.0365986
0.0359503
0.035965
0.0374199
0.0518344
0.104259
0.124532
0.0643024
0.0457421
0.0425866
0.0414619
0.0411528
0.0404853
0.0400943
0.0395259
0.0390699
0.0385759
0.0380645
0.0376493
0.03707
0.0367334
0.0360841
0.0361013
0.0375628
0.0519977
0.104391
0.12467
0.0643193
0.0458238
0.0427237
0.0416056
0.0412963
0.0406272
0.0402381
0.0396643
0.0392067
0.0387159
0.0382026
0.0377857
0.037205
0.0368712
0.0362209
0.0362387
0.0377049
0.0521566
0.104515
0.124797
0.0643548
0.0459153
0.0428632
0.0417507
0.0414427
0.040771
0.0403795
0.0398047
0.0393496
0.0388595
0.0383413
0.0379233
0.0373427
0.0370106
0.0363582
0.0363752
0.0378463
0.0523153
0.104636
0.124927
0.0644024
0.0460142
0.0430063
0.0418982
0.0415892
0.0409135
0.0405223
0.039951
0.039495
0.0390005
0.0384787
0.0380624
0.0374821
0.0371499
0.0364949
0.0365123
0.0379907
0.0524772
0.104751
0.125057
0.0644604
0.0461225
0.0431512
0.0420436
0.041733
0.0410581
0.0406699
0.0400986
0.0396369
0.0391394
0.0386182
0.0382038
0.0376227
0.0372895
0.0366328
0.0366518
0.0381378
0.0526383
0.104853
0.125183
0.0645306
0.0462349
0.043293
0.0421873
0.0418798
0.0412086
0.0408191
0.040243
0.039778
0.0392818
0.0387617
0.038347
0.0377648
0.0374308
0.0367724
0.0367924
0.0382837
0.0527939
0.104942
0.125311
0.064605
0.0463462
0.0434344
0.0423368
0.0420328
0.0413612
0.040967
0.040388
0.0399239
0.0394288
0.0389072
0.0384918
0.0379087
0.037573
0.0369119
0.0369319
0.0384279
0.052948
0.105032
0.125437
0.0646826
0.0464628
0.0435825
0.042493
0.0421873
0.0415123
0.0411162
0.0405377
0.0400735
0.0395765
0.039054
0.0386388
0.0380533
0.0377144
0.0370513
0.0370724
0.0385747
0.0531001
0.105128
0.125562
0.0647737
0.0465893
0.0437349
0.0426487
0.0423399
0.0416641
0.0412689
0.0406896
0.0402225
0.0397248
0.0392036
0.0387869
0.0381964
0.0378559
0.0371941
0.0372171
0.038725
0.0532409
0.105226
0.125692
0.0648735
0.0467185
0.0438853
0.0428021
0.0424934
0.0418184
0.0414224
0.0408403
0.0403721
0.0398765
0.0393546
0.0389332
0.0383393
0.038001
0.0373412
0.0373635
0.0388734
0.0533679
0.105319
0.125827
0.0649686
0.0468463
0.0440353
0.0429573
0.04265
0.0419738
0.0415748
0.0409918
0.0405253
0.0400301
0.0395031
0.0390782
0.0384857
0.0381499
0.0374885
0.0375067
0.0390148
0.0534787
0.105416
0.125956
0.0650655
0.0469782
0.0441893
0.0431158
0.0428079
0.0421291
0.041728
0.0411467
0.0406806
0.0401815
0.0396498
0.0392265
0.0386367
0.0382988
0.037632
0.0376473
0.0391521
0.0535894
0.10552
0.126081
0.0651755
0.0471158
0.0443463
0.0432754
0.0429657
0.0422852
0.0418835
0.0413035
0.0408345
0.0403318
0.0397999
0.03938
0.0387887
0.0384449
0.0377749
0.0377914
0.0392943
0.0537105
0.105626
0.126213
0.0652875
0.0472543
0.0445036
0.0434352
0.0431238
0.042443
0.0420411
0.0414608
0.0409886
0.0404858
0.0399556
0.0395354
0.0389389
0.0385913
0.0379235
0.0379421
0.0394418
0.0538349
0.10573
0.126348
0.0653908
0.0473939
0.0446617
0.043596
0.0432823
0.0426025
0.0422005
0.0416196
0.0411455
0.0406439
0.0401127
0.0396885
0.0390886
0.0387424
0.0380783
0.0380952
0.0395874
0.0539529
0.105836
0.126471
0.065497
0.047538
0.0448212
0.0437573
0.0434419
0.0427646
0.0423619
0.0417799
0.0413039
0.0408018
0.0402673
0.0398402
0.0392413
0.038898
0.038234
0.0382457
0.0397288
0.0540677
0.105944
0.126589
0.0656158
0.0476849
0.0449806
0.0439193
0.0436039
0.0429288
0.0425233
0.041939
0.0414608
0.0409576
0.0404208
0.039994
0.0393975
0.0390543
0.0383873
0.0383944
0.03987
0.0541854
0.106052
0.126715
0.065738
0.0478319
0.0451406
0.0440837
0.043768
0.0430923
0.0426823
0.0420968
0.0416178
0.0411144
0.0405768
0.0401511
0.0395551
0.0392096
0.03854
0.0385448
0.0400136
0.0543023
0.106157
0.126845
0.0658571
0.047981
0.0453029
0.0442506
0.043932
0.0432541
0.0428413
0.0422573
0.0417781
0.0412744
0.0407359
0.0403102
0.0397132
0.0393657
0.0386948
0.0386976
0.0401569
0.0544118
0.106264
0.126974
0.0659791
0.0481339
0.0454673
0.044418
0.0440959
0.0434173
0.0430043
0.0424221
0.0419412
0.041436
0.0408962
0.0404701
0.0398725
0.039524
0.0388516
0.0388508
0.0402982
0.0545183
0.10638
0.127107
0.0661025
0.0482885
0.0456322
0.0445861
0.0442621
0.0435847
0.043171
0.0425882
0.0421041
0.0415975
0.0410569
0.0406315
0.0400337
0.0396836
0.0390088
0.0390045
0.0404406
0.0546325
0.1065
0.127245
0.0662173
0.0484436
0.0457987
0.0447569
0.0444314
0.043754
0.0433372
0.0427528
0.0422662
0.0417597
0.0412194
0.0407946
0.0401959
0.0398433
0.0391662
0.0391601
0.0405866
0.0547545
0.106613
0.12738
0.0663262
0.0486025
0.0459687
0.0449298
0.0446008
0.0439219
0.0435022
0.0429177
0.0424303
0.0419243
0.041384
0.0409587
0.0403577
0.0400025
0.0393246
0.0393175
0.0407335
0.0548714
0.106719
0.127507
0.0664431
0.048766
0.046141
0.0451021
0.0447685
0.0440899
0.0436696
0.0430862
0.0425975
0.0420914
0.04155
0.041123
0.040519
0.0401618
0.0394835
0.0394747
0.0408774
0.0549751
0.106824
0.127637
0.0665709
0.0489282
0.0463121
0.0452734
0.0449377
0.0442616
0.0438408
0.0432572
0.0427663
0.04226
0.041717
0.0412873
0.0406801
0.0403215
0.0396427
0.0396317
0.0410197
0.0550733
0.106936
0.127775
0.0666982
0.0490847
0.0464812
0.0454462
0.045111
0.0444368
0.0440131
0.0434284
0.0429362
0.0424301
0.041885
0.0414522
0.0408422
0.0404827
0.039804
0.0397914
0.0411655
0.0551779
0.107051
0.127913
0.0668195
0.0492385
0.0466512
0.045622
0.0452862
0.0446114
0.0441842
0.0435998
0.0431079
0.0426018
0.0420538
0.0416182
0.0410067
0.0406477
0.0399698
0.0399555
0.0413156
0.0552892
0.107162
0.128034
0.066939
0.0493957
0.0468247
0.0457996
0.0454606
0.0447847
0.044356
0.0437734
0.0432812
0.042774
0.0422232
0.0417864
0.0411749
0.0408168
0.0401388
0.0401209
0.0414653
0.0553968
0.107269
)
;

boundaryField
{
    wall
    {
        type            compressible::alphatJayatillekeWallFunction;
        Prt             0.85;
        value           uniform 0;
    }
    inlet
    {
        type            calculated;
        value           uniform 9.47574;
    }
    outlet
    {
        type            calculated;
        value           nonuniform List<scalar> 
20
(
0.310418
0.0891701
0.097751
0.107799
0.107663
0.0985488
0.0835697
0.0679248
0.0577777
0.0559884
0.0585184
0.060514
8.06525
8.06525
8.06525
8.06525
8.06525
8.06525
8.06525
8.06525
)
;
    }
    heatWall
    {
        type            compressible::alphatJayatillekeWallFunction;
        Prt             0.85;
        value           nonuniform List<scalar> 
840
(
0.0115096
0.0113718
0.0112396
0.0111125
0.0109901
0.0108717
0.0107566
0.0106446
0.0105356
0.0104295
0.010326
0.0102252
0.010127
0.0100312
0.00993776
0.00984664
0.00975776
0.00967102
0.00958638
0.00950377
0.00942313
0.00934441
0.00926755
0.00919249
0.00911918
0.00904755
0.00897755
0.00890913
0.00884223
0.00877682
0.00871285
0.00865027
0.00858904
0.0085291
0.0084704
0.00841289
0.00835651
0.00830122
0.00824696
0.0081937
0.0081414
0.00809002
0.0080395
0.00798979
0.00794082
0.00789251
0.00784477
0.00779748
0.00775053
0.00770371
0.00464177
0.00464764
0.00465306
0.00465851
0.004664
0.00466956
0.00467521
0.00468092
0.00468666
0.00469242
0.00469823
0.00470413
0.00471008
0.00471605
0.00472204
0.00472812
0.00473429
0.00474055
0.00474685
0.00475321
0.00475968
0.00476627
0.00477296
0.00477968
0.00478644
0.00479326
0.00480018
0.00480721
0.00481429
0.00482143
0.00482865
0.00483598
0.00484345
0.00485101
0.00485862
0.0048663
0.00487409
0.00488201
0.00489004
0.00489817
0.00490636
0.00491463
0.00492302
0.00493155
0.00494019
0.00494894
0.00495777
0.0049667
0.00497575
0.00498494
0.00499428
0.00500374
0.0050133
0.00502295
0.00503269
0.00504255
0.00505255
0.00506268
0.00507295
0.00508335
0.00509389
0.00510457
0.00511541
0.00512643
0.00513761
0.00514892
0.00516035
0.00517191
0.00518359
0.00519544
0.00520745
0.00521964
0.00523199
0.00524452
0.00525722
0.00527011
0.00528319
0.00529644
0.00530986
0.00532345
0.00533722
0.00535119
0.00536537
0.00537976
0.00539434
0.00540911
0.00542407
0.00543926
0.0054547
0.0054704
0.00548637
0.00550258
0.00551903
0.0055357
0.00555262
0.0055698
0.00558728
0.00560505
0.00562309
0.00564139
0.00565995
0.00567879
0.00569793
0.0057174
0.0057372
0.00575732
0.00577777
0.00579854
0.00581965
0.00584113
0.00586298
0.0058852
0.0059078
0.00593076
0.0059541
0.00597785
0.00600204
0.00602669
0.00605183
0.00607746
0.00610355
0.00613012
0.00615716
0.00618468
0.0062127
0.00624125
0.00627034
0.0063
0.00633026
0.00636113
0.00639264
0.00642479
0.00645759
0.00649104
0.00652516
0.00655996
0.00659545
0.00663167
0.00666862
0.00670632
0.00674478
0.00678402
0.00682408
0.00686497
0.00690671
0.00694934
0.00699286
0.00703728
0.0070826
0.00712883
0.00717598
0.00722405
0.00727305
0.00732297
0.00737378
0.00742546
0.00747793
0.00753109
0.00758481
0.00763881
0.0108484
0.0108166
0.0107771
0.0107332
0.0106868
0.0106391
0.0105907
0.010542
0.0104932
0.0104446
0.0103961
0.0103479
0.0103
0.0102522
0.0102046
0.0101571
0.0101095
0.0100618
0.0100138
0.00996551
0.00991667
0.00986717
0.00981687
0.00976561
0.00971324
0.00965961
0.00960454
0.0095479
0.00948953
0.00943023
0.00937034
0.00930989
0.00924886
0.00918718
0.00912483
0.00906173
0.00899785
0.00893315
0.00886758
0.0088011
0.00873368
0.00866529
0.00859591
0.00852552
0.00845413
0.00838172
0.0083083
0.00823389
0.00815852
0.00808222
0.00800506
0.00792707
0.00784834
0.00776896
0.00768901
0.00760861
0.00752787
0.00744693
0.0073659
0.00728492
0.00720412
0.00712364
0.00704361
0.00696417
0.00688544
0.00680755
0.00673061
0.00665474
0.00658004
0.0065066
0.0064345
0.00636381
0.0062946
0.00622689
0.00616071
0.00609604
0.00603288
0.00597116
0.00591082
0.00585173
0.00579383
0.00573699
0.00568102
0.00562569
0.0055707
0.00551575
0.0054604
0.00540423
0.00534665
0.00528704
0.00522459
0.00515841
0.00508742
0.00501038
0.0049258
0.00483195
0.00472673
0.00460766
0.0044717
0.0043152
0.00413411
0.0039252
0.00368984
0.00344393
0.00323503
0.00314449
0.0032145
0.00336833
0.00351632
0.00364359
0.00375636
0.00385655
0.003945
0.00402266
0.00409056
0.0041497
0.00420109
0.00424563
0.00428429
0.00431792
0.00434714
0.00437254
0.00439474
0.00441421
0.00443128
0.00444631
0.00445965
0.00447152
0.00448208
0.00449155
0.00450016
0.00450799
0.00451506
0.00452147
0.00452741
0.00453294
0.00453802
0.00454266
0.00454698
0.0045511
0.00455517
0.00455921
0.00456328
0.00456738
0.00457148
0.00457563
0.00457991
0.0045843
0.00458868
0.00459295
0.00459719
0.00460153
0.00460598
0.00461044
0.00461487
0.00461928
0.00462375
0.00462826
0.00463273
0.00463715
0.0142558
0.014167
0.0140836
0.014001
0.0139194
0.0138385
0.0137582
0.0136783
0.0135987
0.0135194
0.0134402
0.0133613
0.0132825
0.013204
0.0131256
0.0130475
0.0129696
0.0128921
0.0128149
0.0127381
0.0126617
0.0125858
0.0125104
0.0124355
0.0123613
0.0122877
0.0122148
0.0121427
0.0120713
0.0120009
0.0119313
0.0118627
0.0117952
0.0117287
0.0116634
0.0115993
0.0115365
0.011475
0.011415
0.0113564
0.0112995
0.0112442
0.0111907
0.0111392
0.0110898
0.0110427
0.0109985
0.0109576
0.0109201
0.0108863
0.00553675
0.00554292
0.00554915
0.00555547
0.00556178
0.00556808
0.00557442
0.00558081
0.00558723
0.00559367
0.00560012
0.00560661
0.00561315
0.00561975
0.00562643
0.00563316
0.00563992
0.00564668
0.00565349
0.00566035
0.00566729
0.00567428
0.00568135
0.0056885
0.00569571
0.00570294
0.00571017
0.00571743
0.00572478
0.00573221
0.00573969
0.00574721
0.00575482
0.00576256
0.00577042
0.00577833
0.00578628
0.00579428
0.00580235
0.00581049
0.00581865
0.00582684
0.00583514
0.00584359
0.00585218
0.00586085
0.00586953
0.00587825
0.00588705
0.00589595
0.00590493
0.00591395
0.00592304
0.00593225
0.00594159
0.00595103
0.0059605
0.00596997
0.00597949
0.00598908
0.00599878
0.00600857
0.00601843
0.00602837
0.00603843
0.00604859
0.00605884
0.00606914
0.00607949
0.00608994
0.00610053
0.00611125
0.00612207
0.00613291
0.00614376
0.00615466
0.00616566
0.00617681
0.00618812
0.00619952
0.00621101
0.00622258
0.00623428
0.00624611
0.00625806
0.0062701
0.00628219
0.00629434
0.00630659
0.00631899
0.00633154
0.00634424
0.00635705
0.00636996
0.00638298
0.00639613
0.00640941
0.00642281
0.00643632
0.00644992
0.00646363
0.0064775
0.00649152
0.0065057
0.00652001
0.00653445
0.00654901
0.0065637
0.00657854
0.00659355
0.00660872
0.00662405
0.00663953
0.00665516
0.00667094
0.00668687
0.00670296
0.00671923
0.00673567
0.00675232
0.00676916
0.00678619
0.0068034
0.00682076
0.00683828
0.00685598
0.00687388
0.00689201
0.00691038
0.00692899
0.00694781
0.00696685
0.00698611
0.0070056
0.00702535
0.00704537
0.00706567
0.00708622
0.007107
0.00712802
0.00714929
0.00717085
0.00719272
0.00721492
0.00723745
0.00726029
0.00728344
0.00730692
0.00733076
0.00735508
0.00738023
0.00740631
0.00743343
0.00746174
0.00749142
0.00752274
0.00755605
0.00759186
0.00763082
0.00767385
0.0115097
0.0113718
0.0112395
0.0111124
0.01099
0.0108716
0.0107565
0.0106445
0.0105355
0.0104294
0.0103259
0.0102251
0.0101269
0.0100312
0.00993786
0.00984689
0.00975817
0.0096716
0.00958711
0.00950463
0.00942409
0.00934546
0.00926868
0.00919373
0.00912056
0.00904912
0.00897938
0.00891126
0.00884472
0.00877971
0.00871617
0.00865408
0.00859339
0.00853407
0.00847609
0.00841942
0.00836404
0.00830993
0.00825706
0.00820521
0.00815422
0.00810402
0.00805454
0.00800567
0.00795729
0.00790922
0.00786121
0.00781282
0.00776323
0.00771088
0.00289259
0.00292701
0.00296095
0.00299524
0.00303018
0.0030657
0.00310177
0.0031384
0.0031756
0.00321336
0.00325166
0.00329048
0.00332981
0.00336964
0.00340996
0.00345076
0.00349204
0.00353377
0.00357596
0.00361861
0.0036617
0.00370524
0.00374922
0.00379364
0.00383849
0.00388378
0.00392949
0.00397563
0.0040222
0.0040692
0.00411662
0.00416447
0.00421274
0.00426145
0.0043106
0.0043602
0.00441028
0.00446086
0.004512
0.00456377
0.00461509
0.00466572
0.00471519
0.00476307
0.00480907
0.00485297
0.00489463
0.00493391
0.0049707
0.00500619
0.00505501
0.00510586
0.00516234
0.00522268
0.00528554
0.0053479
0.00540982
0.0054715
0.0055331
0.00559474
0.00565649
0.00571842
0.00578057
0.00584297
0.00590564
0.00596862
0.00603192
0.00609556
0.00615955
0.00622391
0.00628865
0.00635379
0.00641935
0.00648534
0.00655177
0.00661866
0.00668604
0.0067539
0.00682228
0.00689119
0.00696065
0.00703067
0.00710128
0.00717247
0.00724427
0.0073167
0.00738975
0.00746343
0.00753775
0.00761272
0.00768837
0.00776442
0.0078395
0.00791347
0.0079863
0.00805802
0.0081286
0.00819806
0.00826641
0.00833365
0.00839981
0.00846489
0.00852898
0.00859217
0.0086546
0.00871645
0.0087779
0.00883917
0.0089005
0.00896209
0.00902419
0.00908701
0.00915072
0.0092155
0.0092815
0.00934883
0.00941753
0.00948765
0.0095592
0.00963218
0.00970658
0.00978239
0.00985966
0.00993844
0.0100188
0.0101008
0.0101846
0.0102692
0.0103544
0.0104397
0.0105251
0.0106103
0.010695
0.0107787
0.010861
0.0109412
0.0110187
0.0110926
0.0111619
0.0112254
0.0112821
0.0113305
0.0113696
0.0113984
0.0114165
0.0114239
0.0114214
0.0114097
0.0113874
0.0113455
0.0112367
0.00756847
0.0043571
0.00404164
0.00397978
0.00396696
0.00408966
0.00426904
0.00448697
0.00469598
0.00486858
0.00500132
0.00509888
0.00516662
0.00521089
0.00523828
0.00525391
0.00526619
0.00527787
0.00528887
0.00529951
0.00530921
0.00531824
0.00532679
0.00533496
0.00534266
0.00534993
0.00535681
0.00536352
0.00537006
0.00537625
0.00538228
0.00538825
0.005394
0.0053996
0.0054052
0.00541069
0.00541606
0.00542144
0.0054268
0.00543209
0.00543736
0.00544267
0.00544793
0.00545316
0.00545842
0.00546365
0.00546876
0.00547386
0.00547904
0.00548422
0.00548934
0.00549449
0.00549976
0.00550504
0.00551022
0.00551539
0.00552066
0.00552598
0.00553122
)
;
    }
}


// ************************************************************************* //
